0.00573794
0.00252724
0.00368754
0.0046889
0.00611941
0.00842412
0.0101884
0.0125885
0.0149727
0.0168006
0.0188192
0.0215689
0.023222
0.0242869
0.0235875
0.0244935
0.0220617
0.022459
0.0205358
0.0195185
0.0183582
0.0174999
0.0156085
0.0146707
0.0133832
0.0132402
0.0127951
0.012064
0.0110626
0.010554
0.0102361
0.00956853
0.00945727
0.00917117
0.00904401
0.00807444
0.00729561
0.00718435
0.00826518
0.00754992
0.00686646
0.00640551
0.00696182
0.00653267
0.00570615
0.00696182
0.00621478
0.00559489
0.00605583
0.00635783
0.00648499
0.00565847
0.00524521
0.00562668
0.00521342
0.00514984
0.00507037
0.00564257
0.00507037
0.00551542
0.00489553
0.00492732
0.00487963
0.00500679
0.00518163
0.00511805
0.00524521
0.00514984
0.00529289
0.00569026
0.0061512
0.00581741
0.00656446
0.00766118
0.00928243
0.0125726
0.0176748
0.0262419
0.0383695
0.0528018
0.0772158
0.101201
0.128253
0.152
0.184361
0.206772
0.226053
0.239134
0.252469
0.257889
0.275501
0.296481
0.321881
0.350984
0.394773
0.435368
0.482178
0.513204
0.526047
0.533374
0.539112
0.55391
0.572968
0.578578
0.601339
0.617886
0.646798
0.680017
0.731611
0.779676
0.832637
0.883404
0.917451
0.9607
1.01059
1.08487
1.13147
1.14794
1.15004
1.18163
1.24874
1.28679
1.32669
1.35676
1.42714
1.51137
1.60538
1.6785
1.69814
1.72648
1.77275
1.81586
1.85407
1.84825
1.83112
1.74739
1.67802
1.60855
1.55338
1.47723
1.42798
1.37572
1.35957
1.3415
1.30734
1.25658
1.18297
1.15299
1.1622
1.18637
1.17407
1.06018
0.939004
0.873582
0.818443
0.772842
0.742118
0.684532
0.647132
0.644207
0.640949
0.637817
0.625134
0.613769
0.579119
0.537078
0.519069
0.490046
0.47857
0.487852
0.498136
0.506687
0.507053
0.498279
0.470638
0.450214
0.426277
0.418345
0.41825
0.436465
0.453456
0.467666
0.461356
0.427485
0.389926
0.364669
0.36149
0.367705
0.384363
0.376987
0.353511
0.338046
0.33679
0.345882
0.357707
0.362253
0.352859
0.342957
0.347853
0.363255
0.359837
0.326554
0.279586
0.247606
0.217978
0.214322
0.223398
0.225385
0.218868
0.21286
0.227563
0.248464
0.251309
0.248273
0.231886
0.199906
0.173442
0.159645
0.153033
0.167116
0.17403
0.169293
0.160599
0.153685
0.129954
0.096941
0.0634511
0.0353177
0.0175794
0.00667572
0.00279744
0.00138283
0.000762939
0.00038147
0.000158946
4.76837e-05
0
0
0
0
0
0
0
0
0
0
0
0
0
0
0
0
0
0
0
0
