0.0397364
0.00357628
0.00418027
0.00411669
0.00448227
0.00542005
0.00603994
0.00678698
0.00686646
0.00831286
0.010697
0.0124454
0.0142733
0.0181993
0.0205835
0.0254631
0.0277201
0.028642
0.0278155
0.0278632
0.0225544
0.0196457
0.0185966
0.0186125
0.0182629
0.0157197
0.0150522
0.0131925
0.0128746
0.0109355
0.0101725
0.00955264
0.00891685
0.0087897
0.00812213
0.00705719
0.00794729
0.0070413
0.00677109
0.0070254
0.00627836
0.00621478
0.00611941
0.0058651
0.00591278
0.00600815
0.00656446
0.00621478
0.00594457
0.00565847
0.00591278
0.0061353
0.00591278
0.00640551
0.00583331
0.00597636
0.00650088
0.00662804
0.00534058
0.00599225
0.00646909
0.00648499
0.00597636
0.00699361
0.00659625
0.00653267
0.00634193
0.00681877
0.00693003
0.00599225
0.00664393
0.00696182
0.00691414
0.0073115
0.00794729
0.0073274
0.00740687
0.00700951
0.00766118
0.00816981
0.00766118
0.00785192
0.00837644
0.00812213
0.00804265
0.00823339
0.00844002
0.00796318
0.00772476
0.00828107
0.00823339
0.00794729
0.00836054
0.00829697
0.00785192
0.00823339
0.00863075
0.00915527
0.00904401
0.00893275
0.00977516
0.0104745
0.0114441
0.0133832
0.014782
0.017341
0.019757
0.0249704
0.0303745
0.0367483
0.0412623
0.0466506
0.0518322
0.0582059
0.0662486
0.0771999
0.0960509
0.119114
0.15734
0.209713
0.282192
0.347233
0.39231
0.406726
0.405343
0.396824
0.396299
0.411034
0.443506
0.476551
0.512155
0.573285
0.658687
0.767819
0.907723
1.08372
1.24741
1.40146
1.50693
1.54537
1.59612
1.61206
1.65801
1.70717
1.84407
2.05407
2.25552
2.51179
2.76052
3.05548
3.33304
3.40536
3.36409
3.25042
3.13228
2.99729
2.83024
2.66458
2.56524
2.51513
2.52074
2.56267
2.51684
2.32553
2.13321
1.97104
1.82797
1.6424
1.54284
1.47196
1.4725
1.50375
1.47711
1.36054
1.19165
1.0057
0.816234
0.638008
0.522995
0.453536
0.397348
0.330432
0.262976
0.208108
0.154956
0.108258
0.06965
0.0431379
0.0290712
0.0175953
0.0135104
0.0100613
0.0076135
0.00452995
0.00452995
0.0040849
0.00332197
0.00222524
0.00144641
0.00120799
0.000810623
0.000603994
0.000492732
0.000492732
0.000206629
0.00038147
0.000222524
0.00017484
0.000222524
0.000222524
0.000127157
0.000270208
0.000127157
0.000158946
0.000190735
0.000143051
0.000127157
0.000143051
9.53674e-05
6.35783e-05
4.76837e-05
7.94729e-05
4.76837e-05
3.17891e-05
4.76837e-05
1.58946e-05
1.58946e-05
3.17891e-05
1.58946e-05
0
1.58946e-05
0
0
0
0
0
0
0
0
0
0
0
0
0
0
0
0
0
0
0
0
0
0
0
0
0
