0.0448386
0.00658035
0.00618299
0.00683467
0.00727971
0.00697772
0.00831286
0.00934601
0.0106017
0.012811
0.0151316
0.0203451
0.0240326
0.0267188
0.0287851
0.0304858
0.0323137
0.0340939
0.0321547
0.0265598
0.0204722
0.0179609
0.0159423
0.0154972
0.0138442
0.013415
0.0135263
0.0110308
0.00956853
0.00869433
0.00753403
0.00685056
0.00700951
0.00726382
0.00769297
0.00659625
0.00715256
0.00597636
0.00610352
0.00583331
0.00545184
0.0049909
0.00524521
0.00529289
0.00530879
0.00602404
0.00572205
0.00516574
0.00514984
0.00495911
0.00532468
0.00451406
0.00529289
0.00546773
0.00505447
0.00457764
0.00518163
0.00513395
0.00460943
0.00457764
0.00483195
0.00554721
0.00521342
0.00546773
0.00492732
0.00535647
0.00532468
0.00549952
0.00564257
0.00583331
0.00535647
0.00522931
0.00578562
0.00569026
0.00594457
0.00597636
0.00559489
0.00570615
0.00588099
0.00576973
0.00573794
0.00621478
0.00575384
0.00618299
0.00627836
0.00619888
0.00681877
0.00662804
0.00675519
0.00659625
0.00669161
0.00772476
0.00747045
0.00826518
0.00777245
0.00813802
0.00826518
0.0079155
0.00810623
0.00802676
0.00828107
0.00896454
0.00933011
0.00894864
0.00945727
0.00955264
0.00974337
0.0107129
0.0119686
0.012207
0.0155767
0.0200431
0.0245571
0.0326951
0.0404994
0.0532468
0.06814
0.0902494
0.120258
0.166416
0.225782
0.308148
0.415421
0.578276
0.807969
1.12782
1.48915
1.69678
1.77945
1.87343
2.0376
2.34076
2.74177
3.13347
3.42447
3.46557
3.3126
3.09583
2.92021
2.73779
2.60453
2.48305
2.37106
2.25725
2.19251
2.2199
2.29712
2.44045
2.56961
2.57818
2.46483
2.28785
2.09502
1.98189
1.88716
1.76315
1.57526
1.37328
1.21171
1.15744
1.19689
1.33252
1.41349
1.37579
1.25154
1.12228
1.05101
0.9727
0.894785
0.815471
0.802676
0.800117
0.74598
0.621589
0.492255
0.356356
0.27976
0.242615
0.217565
0.180197
0.156609
0.133562
0.119925
0.105492
0.0920614
0.0738144
0.0547568
0.037988
0.0210921
0.012811
0.00893275
0.00427564
0.00265439
0.000921885
0.000572205
0.000254313
0.000206629
0.000127157
0.000190735
6.35783e-05
6.35783e-05
6.35783e-05
1.58946e-05
1.58946e-05
0
1.58946e-05
0
0
0
0
0
0
0
0
0
0
0
0
0
0
0
0
0
0
0
0
0
0
0
0
0
0
0
0
0
0
0
0
0
0
0
0
0
0
0
0
0
0
0
0
0
0
0
0
0
0
