0.0429471
0.00402133
0.00397364
0.00484784
0.00503858
0.00473658
0.00569026
0.00597636
0.00688235
0.00769297
0.00910759
0.0104586
0.0139713
0.0185013
0.024271
0.0282923
0.0341574
0.0388622
0.0417868
0.0415802
0.0406424
0.0399431
0.0331084
0.0292142
0.0229677
0.0199636
0.0182947
0.0174522
0.0149091
0.0146389
0.0123819
0.011301
0.0104904
0.00918706
0.00950495
0.00888507
0.00856717
0.00824928
0.0076135
0.00743866
0.00713666
0.00691414
0.00667572
0.00653267
0.00665983
0.0070413
0.00688235
0.00653267
0.0067393
0.00705719
0.00583331
0.00635783
0.00637372
0.00607173
0.00712077
0.00623067
0.00623067
0.00629425
0.00640551
0.00670751
0.00661214
0.00646909
0.00635783
0.00665983
0.00648499
0.00635783
0.00648499
0.00729561
0.00678698
0.0070413
0.00716845
0.00710487
0.00721614
0.0073115
0.00786781
0.00772476
0.00812213
0.00769297
0.00764529
0.00794729
0.00886917
0.00826518
0.00921885
0.00902812
0.00869433
0.0103633
0.0112851
0.0128587
0.0149091
0.0162284
0.0188986
0.0204563
0.0227928
0.0259082
0.0286579
0.033172
0.0369072
0.0414054
0.049448
0.0578245
0.0687599
0.0813961
0.0916163
0.108178
0.125742
0.142527
0.16222
0.17999
0.197713
0.209808
0.214052
0.217581
0.222492
0.226959
0.245047
0.258923
0.281747
0.313981
0.368611
0.419919
0.482368
0.542498
0.589005
0.618394
0.622479
0.623687
0.64443
0.67722
0.70769
0.71737
0.740925
0.751209
0.765578
0.770394
0.767374
0.773319
0.791915
0.793616
0.793362
0.809336
0.808048
0.816838
0.821479
0.843747
0.873693
0.943549
1.03701
1.16111
1.33433
1.49069
1.60758
1.69444
1.73252
1.66055
1.6009
1.604
1.60348
1.62427
1.64089
1.69344
1.78219
1.95556
2.11511
2.2065
2.23494
2.18657
2.11325
2.06072
2.01858
2.02031
2.05592
2.03807
2.00958
2.11185
2.30141
2.47978
2.6007
2.57188
2.47154
2.32933
2.21879
2.11027
1.84501
1.44315
1.03804
0.686407
0.434144
0.23729
0.0991662
0.0375748
0.0170549
0.0090758
0.00561078
0.00357628
0.00309944
0.00241597
0.00197093
0.00185966
0.00182788
0.00155767
0.00160535
0.00125567
0.000985463
0.00112851
0.000905991
0.000794729
0.000651677
0.000413259
0.000413259
0.000301997
0.00038147
0.000206629
0.00017484
9.53674e-05
1.58946e-05
3.17891e-05
3.17891e-05
3.17891e-05
0
1.58946e-05
0
0
0
0
0
0
0
0
0
0
0
0
0
0
0
0
0
0
0
0
0
0
0
0
0
0
0
0
0
0
0
0
0
0
0
0
