0.0384172
0.0070413
0.00788371
0.00855128
0.00942548
0.0111739
0.012509
0.0153542
0.0179768
0.0210285
0.0251134
0.0284195
0.0314554
0.0347932
0.0360489
0.0367165
0.0374158
0.0352065
0.0315348
0.0242392
0.0189781
0.0162125
0.0142097
0.0138919
0.0125408
0.0123183
0.0108083
0.00982285
0.00855128
0.00801086
0.00777245
0.00780423
0.00656446
0.00696182
0.00688235
0.0070413
0.00670751
0.00688235
0.00608762
0.00596046
0.00589689
0.00576973
0.00597636
0.0061512
0.00580152
0.00699361
0.00638962
0.00689824
0.00623067
0.00591278
0.00626246
0.0052611
0.00583331
0.00575384
0.00658035
0.00699361
0.00658035
0.00637372
0.00677109
0.0061353
0.00634193
0.00658035
0.00686646
0.00658035
0.00681877
0.00712077
0.00716845
0.00759761
0.00734329
0.00748634
0.00753403
0.00739098
0.00724792
0.0079155
0.00836054
0.00747045
0.00805855
0.00778834
0.00804265
0.0087738
0.00826518
0.00864665
0.00828107
0.00885328
0.0096639
0.00869433
0.00920296
0.0107129
0.0109673
0.010697
0.0116984
0.013717
0.0148614
0.0182311
0.0261307
0.0377178
0.0589848
0.0932058
0.138648
0.187826
0.238689
0.291316
0.340811
0.39018
0.428184
0.449022
0.455364
0.441202
0.440296
0.439294
0.44926
0.475772
0.540161
0.632079
0.737874
0.827122
0.873391
0.874138
0.857655
0.840918
0.838804
0.884517
0.951385
0.974067
0.960461
0.965548
1.02504
1.18534
1.44526
1.76498
2.05919
2.31241
2.44471
2.46523
2.42012
2.31411
2.18755
2.06911
1.96315
1.89706
1.86205
1.81363
1.81708
1.87607
1.97819
2.0484
2.12197
2.167
2.15764
2.11908
2.02287
1.95058
1.83573
1.62357
1.45512
1.34583
1.29422
1.24203
1.25057
1.28477
1.38054
1.50971
1.59974
1.64831
1.68624
1.73674
1.7416
1.66936
1.51043
1.23558
0.951338
0.712824
0.513299
0.376606
0.261402
0.178067
0.11363
0.0663439
0.0361602
0.0130494
0.00505447
0.00232061
0.00101725
0.000667572
0.000270208
6.35783e-05
4.76837e-05
1.58946e-05
1.58946e-05
0
0
0
0
0
0
0
0
0
0
0
0
0
0
0
0
0
0
0
0
0
0
0
0
0
0
0
0
0
0
0
0
0
0
0
0
0
0
0
0
0
0
0
0
0
0
0
0
0
0
0
0
0
0
0
0
0
0
0
0
0
0
0
0
0
0
0
