0.00171661
0.00106494
0.00178019
0.0026385
0.00367165
0.00452995
0.0064532
0.00815392
0.0116825
0.015227
0.0183582
0.0217756
0.0252565
0.0269254
0.029246
0.0283718
0.028944
0.0280221
0.0276089
0.0256697
0.0225385
0.0203292
0.0182152
0.0150363
0.0141144
0.0140985
0.0131448
0.0128587
0.0117938
0.0110308
0.00985463
0.00872612
0.00805855
0.00777245
0.00809034
0.0073274
0.00783602
0.00735919
0.00691414
0.00716845
0.00626246
0.00603994
0.00651677
0.00542005
0.00602404
0.00549952
0.0058492
0.00616709
0.00549952
0.00573794
0.0058651
0.00553131
0.00559489
0.00540415
0.00513395
0.00537237
0.00522931
0.00589689
0.005277
0.00535647
0.00545184
0.00537237
0.00567436
0.00570615
0.00502268
0.00500679
0.00554721
0.00545184
0.00549952
0.00543594
0.00516574
0.00561078
0.00534058
0.00576973
0.00551542
0.00576973
0.00621478
0.00619888
0.00578562
0.00572205
0.00635783
0.00569026
0.00592868
0.00626246
0.0058651
0.00605583
0.00608762
0.00600815
0.0058492
0.00627836
0.00635783
0.00685056
0.00621478
0.00712077
0.00631015
0.00685056
0.00653267
0.00748634
0.00764529
0.00756582
0.00772476
0.00785192
0.00847181
0.00880559
0.00974337
0.0109514
0.0131448
0.0162125
0.0217438
0.0319799
0.0604153
0.123374
0.274038
0.570488
0.974035
1.40073
1.76388
1.94335
2.03713
2.15255
2.3526
2.53723
2.60259
2.60512
2.61305
2.65899
2.69966
2.69589
2.65508
2.61358
2.62601
2.65932
2.63112
2.51953
2.3411
2.15375
2.01812
1.94077
1.8758
1.84261
1.8002
1.74554
1.6785
1.59078
1.46335
1.34718
1.24153
1.19375
1.15051
1.07101
0.972652
0.899124
0.85295
0.810051
0.759951
0.703049
0.634956
0.582059
0.541544
0.505193
0.489759
0.482814
0.46285
0.454267
0.459385
0.486867
0.508944
0.521628
0.502348
0.444523
0.406392
0.381406
0.372012
0.373173
0.362587
0.334247
0.297674
0.265153
0.240453
0.222286
0.218264
0.221634
0.206423
0.199731
0.197887
0.187333
0.17945
0.177813
0.182724
0.190385
0.188971
0.193437
0.195869
0.197824
0.196902
0.204484
0.211668
0.223668
0.230074
0.227849
0.219631
0.217009
0.209777
0.214704
0.221284
0.239213
0.241264
0.250578
0.252946
0.272385
0.283241
0.293907
0.296068
0.311391
0.327635
0.327365
0.304159
0.258001
0.214767
0.182915
0.125281
0.0668367
0.0274022
0.00975927
0.00333786
0.00109673
0.000619888
0.000127157
0.000111262
0
0
0
0
0
0
0
0
0
0
0
0
0
0
0
0
0
0
0
0
0
0
0
0
0
0
0
