0.0202179
0.0035127
0.00424385
0.00487963
0.0046889
0.00543594
0.00603994
0.00632604
0.00721614
0.00777245
0.0100613
0.0107924
0.0135263
0.0157197
0.0195662
0.0216166
0.0243346
0.0248591
0.024875
0.0241121
0.0212987
0.020504
0.0186284
0.0188669
0.0204245
0.0202656
0.0192642
0.019296
0.0175476
0.0167052
0.0153542
0.0145435
0.0134945
0.0121593
0.0106494
0.0096639
0.00904401
0.00915527
0.0079155
0.00775655
0.00665983
0.00654856
0.0067234
0.00599225
0.00564257
0.00611941
0.00545184
0.005277
0.00494321
0.00562668
0.0049909
0.00483195
0.00459353
0.00454585
0.00483195
0.00475248
0.004975
0.00524521
0.00542005
0.00561078
0.00616709
0.0070254
0.00899633
0.010252
0.0122865
0.0148773
0.0168959
0.0209649
0.0228882
0.0269731
0.0277678
0.0298341
0.0345389
0.0378291
0.0416756
0.0474453
0.0531197
0.0588417
0.0645002
0.0691255
0.0739257
0.0785669
0.0796159
0.082922
0.084273
0.0862281
0.0902812
0.0909646
0.0964642
0.0933329
0.0907262
0.0904719
0.0856717
0.0883102
0.0900586
0.0886122
0.0920296
0.0893911
0.094223
0.0989278
0.107924
0.11754
0.127331
0.134309
0.141573
0.143973
0.146866
0.154448
0.157436
0.16772
0.16888
0.176016
0.184075
0.185426
0.200526
0.222143
0.250451
0.273403
0.293827
0.30249
0.304794
0.299978
0.299088
0.311756
0.338856
0.388098
0.468254
0.573238
0.68841
0.828966
0.964403
1.09282
1.19987
1.26491
1.30877
1.31179
1.31477
1.33875
1.36655
1.38949
1.40073
1.41943
1.43671
1.4308
1.461
1.51211
1.6174
1.72992
1.8566
1.94416
1.999
2.06353
2.16594
2.31148
2.42616
2.47016
2.3811
2.22537
2.09408
1.97647
1.85717
1.76462
1.66314
1.55573
1.44812
1.34679
1.21611
1.08225
0.989787
0.933266
0.898266
0.878175
0.843461
0.800737
0.739368
0.678968
0.633494
0.606982
0.615613
0.667032
0.69383
0.711966
0.738748
0.716464
0.665188
0.620397
0.586096
0.573683
0.597699
0.618362
0.633113
0.665108
0.660531
0.639979
0.62116
0.617313
0.602293
0.56653
0.499153
0.44206
0.384649
0.34256
0.323311
0.317701
0.313552
0.304445
0.286579
0.255855
0.209173
0.172234
0.14294
0.122817
0.112693
0.105985
0.102806
0.0999769
0.101789
0.0951926
0.0939369
0.0894229
0.0837962
0.0775973
0.0724157
0.0620524
0.0595729
0.058349
0.0487169
0.036939
0.0362237
0.0318368
0.0250657
0.0192006
0.0146389
0.0103951
0.00688235
0.00495911
0.00295639
0.00136693
0.000333786
9.53674e-05
3.17891e-05
3.17891e-05
0
0
0
0
0
0
0
0
0
0
0
0
0
0
