0.0250181
0.00195503
0.0017484
0.0017643
0.00201861
0.00227292
0.00265439
0.00279744
0.00257492
0.00273387
0.00344912
0.00357628
0.00367165
0.0038147
0.00419617
0.00524521
0.00472069
0.00548363
0.00619888
0.00607173
0.00759761
0.00837644
0.00898043
0.00960032
0.0107129
0.010999
0.0105699
0.0109831
0.0115236
0.0115236
0.0123183
0.0121435
0.0131925
0.0123501
0.0125249
0.0115077
0.0119527
0.0124772
0.0122388
0.0104268
0.0100613
0.00948906
0.00880559
0.00788371
0.00762939
0.00734329
0.00626246
0.00578562
0.00542005
0.0058492
0.00542005
0.00491142
0.00495911
0.00483195
0.00413259
0.00376701
0.00389417
0.00403722
0.00421206
0.00373522
0.00384649
0.00367165
0.00356038
0.00344912
0.00370344
0.00371933
0.00290871
0.00336965
0.00352859
0.00332197
0.00314713
0.00311534
0.00279744
0.00314713
0.00319481
0.00284513
0.00259082
0.00281334
0.00311534
0.00282923
0.0032107
0.00273387
0.00254313
0.00271797
0.00270208
0.00316302
0.0029405
0.00273387
0.00279744
0.0026226
0.00271797
0.00325839
0.00303586
0.00286102
0.00246366
0.00257492
0.00240008
0.00309944
0.00279744
0.00308355
0.00279744
0.00289281
0.00259082
0.00341733
0.00313123
0.00290871
0.00327428
0.00306765
0.00330607
0.00336965
0.00405312
0.00373522
0.00371933
0.00362396
0.00432332
0.00398954
0.00457764
0.00414848
0.00559489
0.00510216
0.00629425
0.00740687
0.00758171
0.00967979
0.012509
0.0137011
0.0172933
0.0214736
0.0257969
0.0308673
0.0378927
0.0455697
0.0553767
0.0660102
0.071907
0.0812531
0.0925382
0.0980695
0.102107
0.101884
0.103569
0.117747
0.127697
0.129827
0.137281
0.147772
0.156228
0.164159
0.178274
0.191164
0.201877
0.221745
0.248639
0.270351
0.302649
0.340176
0.3702
0.39506
0.405629
0.39978
0.408252
0.433095
0.474421
0.510263
0.540272
0.544389
0.538413
0.534566
0.509532
0.49154
0.496928
0.525284
0.554625
0.582107
0.596825
0.610495
0.626469
0.649246
0.678762
0.675933
0.715621
0.781727
0.817521
0.830682
0.83677
0.837262
0.858068
0.895278
0.930961
0.910616
0.866715
0.813739
0.783602
0.740449
0.714842
0.726287
0.753816
0.784254
0.823498
0.880225
0.932264
0.984112
1.04276
1.05758
1.06737
1.04961
1.03889
1.03666
1.01482
0.984701
0.949939
0.876029
0.786797
0.754579
0.748221
0.787814
0.803582
0.819016
0.865014
0.932535
0.991742
1.01611
1.06432
1.13748
1.35786
1.6181
2.06745
2.42556
2.49306
2.4642
2.55389
2.61976
2.76806
2.7634
3.02451
3.13044
2.87077
2.72336
2.28616
1.84948
1.3816
1.0379
0.752735
0.587257
0.467157
0.27531
0.138267
0.0765324
0.0421365
0.0232697
0.0139236
0.0124931
0.00073115
0.00227292
0.000635783
0.00424385
