0.0133197
0.00524521
0.00651677
0.00899633
0.0119527
0.0140667
0.0190417
0.0228723
0.0294367
0.0356515
0.041008
0.0442664
0.0466665
0.0455856
0.0426133
0.0378768
0.0289917
0.0212987
0.0183423
0.0153859
0.0149091
0.0137488
0.0128587
0.0119368
0.0116984
0.0102838
0.00920296
0.00898043
0.00770887
0.00754992
0.00805855
0.00697772
0.00861486
0.00751813
0.00756582
0.00734329
0.00651677
0.00627836
0.00624657
0.00623067
0.00611941
0.00680288
0.00683467
0.00632604
0.00699361
0.00605583
0.00664393
0.00658035
0.00707308
0.00724792
0.00626246
0.00747045
0.00762939
0.00708898
0.00713666
0.00712077
0.00723203
0.00718435
0.00796318
0.00678698
0.00745455
0.00788371
0.00778834
0.00797908
0.00797908
0.00888507
0.00804265
0.0093619
0.00847181
0.00813802
0.00921885
0.00944138
0.00913938
0.00925064
0.0099659
0.010697
0.0114282
0.0122706
0.0133355
0.0151475
0.0172456
0.0207265
0.0247002
0.0312169
0.0374794
0.043869
0.0497818
0.0516891
0.0589212
0.0665188
0.0748158
0.0856717
0.101662
0.131448
0.165208
0.205072
0.246509
0.278171
0.29583
0.31004
0.320148
0.330464
0.346486
0.371742
0.400066
0.439215
0.476042
0.52158
0.580072
0.660006
0.754547
0.851043
0.971651
1.10852
1.26975
1.41455
1.57924
1.76956
1.95508
2.13256
2.28453
2.44061
2.60878
2.78587
2.9088
2.93423
2.8978
2.80685
2.61294
2.39123
2.13912
1.85137
1.59183
1.36245
1.18532
1.06521
0.994714
0.942341
0.935062
0.924047
0.926956
0.939369
0.959476
0.966835
0.952768
0.912857
0.875171
0.844193
0.811593
0.759649
0.698217
0.65786
0.639582
0.601721
0.565513
0.515413
0.478411
0.45255
0.440852
0.434399
0.425148
0.412099
0.40156
0.384188
0.37988
0.386
0.398715
0.399892
0.413036
0.4258
0.448465
0.45743
0.45139
0.450389
0.432062
0.414864
0.405677
0.388702
0.379976
0.386842
0.389369
0.383504
0.378879
0.368977
0.38964
0.397841
0.402021
0.409444
0.429281
0.40261
0.388241
0.385269
0.406456
0.426277
0.440311
0.456874
0.45042
0.430934
0.413116
0.418297
0.421397
0.415802
0.418139
0.436274
0.459051
0.499948
0.503318
0.463184
0.436974
0.408936
0.385984
0.372616
0.356658
0.345961
0.348409
0.329971
0.293907
0.23934
0.198571
0.164096
0.135946
0.0997861
0.0728766
0.0440598
0.0271797
0.0188986
0.0118097
0.00662804
0.00346502
0.00224113
0.00240008
0.000826518
0.000206629
4.76837e-05
1.58946e-05
1.58946e-05
0
0
0
0
0
0
0
0
0
0
0
0
0
0
0
0
0
0
0
0
