0.012668
0.00418027
0.0052611
0.00608762
0.0067393
0.00807444
0.0090917
0.0109037
0.0127951
0.0158151
0.0208219
0.0253836
0.033474
0.0409444
0.0443776
0.0397841
0.0347773
0.0289122
0.023667
0.0219663
0.0195026
0.01839
0.0168959
0.0148932
0.0113646
0.010856
0.00967979
0.00875791
0.00807444
0.00809034
0.0081857
0.00799497
0.00707308
0.00642141
0.00569026
0.00532468
0.00535647
0.00510216
0.00495911
0.00580152
0.00516574
0.00564257
0.00578562
0.00513395
0.00459353
0.00475248
0.00448227
0.00489553
0.00480016
0.0046889
0.00534058
0.00473658
0.00516574
0.00462532
0.0041008
0.00433922
0.00459353
0.00472069
0.00456174
0.00487963
0.00435511
0.00486374
0.00475248
0.00457764
0.00505447
0.00483195
0.00473658
0.00489553
0.005277
0.00540415
0.00597636
0.00559489
0.00549952
0.00567436
0.00588099
0.00621478
0.00708898
0.00669161
0.00745455
0.00751813
0.00688235
0.00756582
0.00705719
0.00735919
0.00766118
0.00788371
0.00805855
0.00821749
0.00874201
0.00898043
0.00961622
0.0105699
0.0116189
0.0132084
0.0156403
0.0168959
0.0197252
0.0236193
0.0261466
0.0347932
0.0419617
0.0527223
0.0713825
0.0930786
0.124788
0.154511
0.184123
0.222635
0.256538
0.289361
0.333007
0.391881
0.461864
0.53436
0.600688
0.668955
0.708167
0.747252
0.771888
0.797017
0.825389
0.847594
0.885216
0.910091
0.936826
0.954167
0.993935
1.0468
1.07959
1.11364
1.15887
1.22739
1.30811
1.39917
1.50286
1.62737
1.76932
1.91018
2.0683
2.1743
2.26407
2.35202
2.45085
2.55523
2.65083
2.70108
2.72168
2.73449
2.72039
2.66717
2.54947
2.39625
2.22351
2.06038
1.90743
1.76727
1.63363
1.50862
1.39351
1.29504
1.22197
1.18054
1.12243
1.04248
0.977071
0.930262
0.897932
0.861549
0.815487
0.752036
0.705719
0.688283
0.668399
0.655206
0.645351
0.64338
0.64737
0.630061
0.577402
0.521866
0.469446
0.450865
0.437387
0.425037
0.392485
0.3414
0.297705
0.255919
0.221634
0.195408
0.154781
0.122293
0.098594
0.0813007
0.0705242
0.059398
0.0498772
0.0480493
0.047191
0.0494639
0.0478903
0.0466188
0.0426292
0.0425339
0.0420094
0.0378768
0.036478
0.0311057
0.0271161
0.0271797
0.0264009
0.0256062
0.0239213
0.0223637
0.0202497
0.0184695
0.017484
0.0166257
0.0164191
0.0175476
0.0166098
0.0159582
0.0152111
0.0120163
0.00961622
0.0078996
0.00681877
0.00664393
0.00441869
0.00190735
0.000699361
0.000143051
6.35783e-05
0
0
0
0
0
0
0
0
0
0
0
0
0
0
0
0
0
0
0
0
0
0
0
