0.0138124
0.00278155
0.00360807
0.00370344
0.0044028
0.00487963
0.00569026
0.00656446
0.00729561
0.00836054
0.0087738
0.0108242
0.0129223
0.0145435
0.018851
0.0216961
0.0263055
0.029405
0.0309626
0.0283559
0.0267665
0.023365
0.0202656
0.0195662
0.0173251
0.0174046
0.0158469
0.0126362
0.010554
0.0096639
0.00872612
0.00845591
0.00929832
0.00856717
0.00856717
0.00739098
0.00716845
0.0061512
0.0061512
0.00578562
0.00553131
0.00562668
0.00546773
0.00578562
0.00519753
0.00597636
0.00513395
0.0058651
0.0049909
0.00483195
0.0049909
0.00548363
0.00500679
0.00484784
0.00522931
0.00537237
0.00491142
0.00452995
0.00449816
0.00462532
0.004673
0.00424385
0.00448227
0.00551542
0.00546773
0.00513395
0.00445048
0.005277
0.00545184
0.00511805
0.00521342
0.00529289
0.00576973
0.00594457
0.00569026
0.00534058
0.00623067
0.00638962
0.00608762
0.00618299
0.00638962
0.0064532
0.00693003
0.0070413
0.00715256
0.00678698
0.00693003
0.00712077
0.0073115
0.00762939
0.00667572
0.0078996
0.00708898
0.00805855
0.00799497
0.0084877
0.00890096
0.0082016
0.00831286
0.00980695
0.0096639
0.00944138
0.00999769
0.00899633
0.00953674
0.0101566
0.0100136
0.00972748
0.0103315
0.0108242
0.0109831
0.0105381
0.0106494
0.0113646
0.0123024
0.0139554
0.0135104
0.0147502
0.017341
0.0204086
0.0242233
0.0308196
0.0348091
0.0412941
0.0500997
0.0592391
0.0737667
0.0979582
0.131782
0.184743
0.273132
0.402768
0.607522
0.881322
1.15568
1.3446
1.43491
1.49045
1.49684
1.47649
1.45764
1.44416
1.41708
1.43326
1.44105
1.48608
1.52275
1.60756
1.69156
1.85614
2.06418
2.32266
2.60901
2.81496
2.87803
2.87445
2.89345
2.87463
2.81607
2.80385
2.9177
3.04653
3.13021
3.34922
3.66298
3.88004
3.86502
3.58512
3.28809
3.17233
3.11958
2.91743
2.35783
1.54195
0.833972
0.370884
0.146453
0.0556946
0.0241439
0.0110944
0.00567436
0.00316302
0.00165304
0.00055631
0.000349681
0.000206629
4.76837e-05
3.17891e-05
3.17891e-05
0
0
0
1.58946e-05
0
0
0
0
0
1.58946e-05
0
0
0
0
0
0
0
0
0
0
0
0
0
0
0
0
0
0
0
0
0
0
0
0
0
0
0
0
0
0
0
0
0
0
0
0
0
0
0
0
0
0
0
0
0
0
0
0
0
0
0
0
0
0
0
0
0
