0.0428359
0.00597636
0.00572205
0.0061353
0.00708898
0.00735919
0.00777245
0.00802676
0.00875791
0.0108401
0.012811
0.0130494
0.0140985
0.0166257
0.0193755
0.0215371
0.0249863
0.0279586
0.0315666
0.0335375
0.0351111
0.037384
0.0365575
0.0329177
0.0281652
0.0244776
0.0223001
0.018994
0.017945
0.0155767
0.0139236
0.0114918
0.0114282
0.0106176
0.00905991
0.00918706
0.00864665
0.00821749
0.00754992
0.00735919
0.00680288
0.00661214
0.0061353
0.00553131
0.00602404
0.00570615
0.00623067
0.00588099
0.00621478
0.00618299
0.00522931
0.00495911
0.0046889
0.004975
0.00537237
0.00562668
0.00518163
0.00562668
0.00530879
0.00549952
0.00494321
0.00492732
0.00481606
0.00491142
0.00529289
0.0052611
0.00507037
0.00494321
0.00545184
0.0049909
0.0055631
0.00542005
0.00538826
0.00542005
0.00538826
0.00603994
0.00591278
0.00514984
0.00575384
0.00554721
0.00605583
0.00611941
0.00542005
0.00618299
0.00583331
0.00638962
0.00686646
0.00650088
0.00642141
0.00634193
0.00678698
0.00750224
0.00648499
0.00707308
0.00729561
0.00667572
0.0073115
0.00708898
0.00716845
0.00691414
0.00739098
0.00753403
0.00809034
0.0079155
0.00809034
0.00764529
0.00774066
0.00964801
0.00940959
0.00926654
0.00923475
0.0100931
0.0112851
0.0129223
0.0150681
0.0193596
0.0225385
0.0295162
0.0391483
0.0538826
0.0716368
0.0915209
0.114663
0.128889
0.146055
0.162919
0.180785
0.214275
0.255315
0.300678
0.339381
0.378942
0.404739
0.431283
0.456699
0.482178
0.503699
0.518417
0.530163
0.542386
0.549507
0.55
0.557343
0.564861
0.568978
0.573349
0.578467
0.581725
0.578833
0.582584
0.605027
0.652838
0.719627
0.778898
0.846688
0.923332
1.02242
1.1786
1.37906
1.65801
1.95452
2.32671
2.67886
3.06664
3.46459
3.88145
4.1646
4.33941
4.38385
4.35189
4.2294
4.10748
3.97417
3.73877
3.48406
3.20255
2.80453
2.41256
2.01502
1.70749
1.53015
1.45486
1.3521
1.24103
1.07303
0.945886
0.835991
0.713619
0.580438
0.415087
0.25425
0.124248
0.0572522
0.0240644
0.010554
0.00683467
0.00459353
0.00308355
0.00286102
0.00281334
0.00254313
0.00232061
0.00240008
0.00185966
0.00184377
0.00173251
0.00179609
0.00131925
0.00131925
0.00108083
0.000905991
0.00073115
0.000810623
0.000460943
0.000365575
0.000333786
0.000270208
0.000222524
0.000127157
9.53674e-05
0.000111262
3.17891e-05
1.58946e-05
1.58946e-05
3.17891e-05
0
1.58946e-05
0
1.58946e-05
0
0
0
0
0
0
0
0
0
0
0
0
0
0
0
0
0
0
0
0
0
0
0
0
0
0
0
