0.0214736
0.00211398
0.00224113
0.00216166
0.00271797
0.00271797
0.00243187
0.00298818
0.00313123
0.0038147
0.00332197
0.00418027
0.00411669
0.00507037
0.00573794
0.00600815
0.00726382
0.00847181
0.0087897
0.0110467
0.0136375
0.0160535
0.0181834
0.0192006
0.0188192
0.0183264
0.0165304
0.0168165
0.0148296
0.0136534
0.0130653
0.0116984
0.00983874
0.0084877
0.00832876
0.00775655
0.00681877
0.00735919
0.00677109
0.00621478
0.00542005
0.00502268
0.00448227
0.00481606
0.00391006
0.00397364
0.00424385
0.00443459
0.00406901
0.00429153
0.00406901
0.00386238
0.00375112
0.00362396
0.00341733
0.00352859
0.00338554
0.00335375
0.00335375
0.00335375
0.00308355
0.00287692
0.00270208
0.00314713
0.00286102
0.00282923
0.00276566
0.00247955
0.00308355
0.00316302
0.00270208
0.00295639
0.00252724
0.00252724
0.00268618
0.0026226
0.00278155
0.00246366
0.00268618
0.0029246
0.0026226
0.00278155
0.00286102
0.00246366
0.00241597
0.00251134
0.00265439
0.00286102
0.00257492
0.00282923
0.00240008
0.00278155
0.00265439
0.00287692
0.00319481
0.00314713
0.00336965
0.00325839
0.0040849
0.00489553
0.00688235
0.00807444
0.0107924
0.0139713
0.0175635
0.0217756
0.0265598
0.0309308
0.0390848
0.0496387
0.0605583
0.0799179
0.108671
0.147533
0.206407
0.279522
0.355244
0.446876
0.533374
0.626246
0.682783
0.726493
0.759633
0.777578
0.7991
0.794236
0.786765
0.788673
0.789897
0.804361
0.81261
0.834147
0.860945
0.88776
0.911331
0.928227
0.922394
0.916735
0.918659
0.90785
0.922696
0.949812
0.970507
0.989755
1.03153
1.08679
1.15531
1.25807
1.35528
1.44156
1.49231
1.55439
1.60171
1.6034
1.60295
1.58035
1.59245
1.60394
1.6116
1.60333
1.57475
1.58116
1.63439
1.68624
1.79858
1.98118
2.21678
2.37486
2.25557
2.0287
1.70159
1.45121
1.33378
1.33219
1.3662
1.46743
1.59747
1.74249
1.88387
1.92863
1.88893
1.81796
1.62471
1.5104
1.52305
1.59822
1.65687
1.69263
1.51169
1.14592
0.752719
0.449133
0.268205
0.1616
0.0900745
0.0414213
0.0203609
0.0114759
0.00716845
0.00578562
0.00451406
0.00370344
0.00384649
0.00354449
0.00308355
0.00255903
0.00211398
0.00224113
0.00209808
0.00214577
0.00168482
0.00149409
0.0014623
0.000953674
0.000890096
0.000715256
0.000619888
0.000429153
0.000270208
0.00038147
0.000190735
0.000158946
7.94729e-05
3.17891e-05
7.94729e-05
4.76837e-05
3.17891e-05
3.17891e-05
1.58946e-05
0
0
0
0
0
0
0
0
0
0
0
0
0
0
0
0
0
0
0
0
0
0
0
0
0
0
0
