0.0319799
0.00729561
0.00715256
0.00832876
0.00995
0.0115712
0.0133514
0.0171502
0.0201543
0.0255267
0.0298977
0.0336647
0.0396252
0.041914
0.040102
0.0383695
0.0334581
0.0270685
0.0217438
0.0176907
0.0168482
0.0141939
0.0131766
0.0139554
0.0124931
0.0111898
0.00891685
0.00807444
0.00805855
0.0070413
0.00708898
0.00758171
0.00750224
0.00664393
0.0064532
0.00588099
0.00569026
0.00573794
0.00521342
0.00521342
0.00553131
0.00580152
0.00567436
0.00532468
0.00557899
0.00572205
0.00548363
0.00542005
0.00514984
0.00559489
0.00542005
0.00513395
0.0052611
0.00486374
0.00537237
0.00543594
0.00549952
0.00478427
0.00464122
0.00532468
0.00489553
0.0055631
0.00572205
0.00540415
0.00542005
0.00540415
0.00557899
0.00549952
0.00542005
0.00510216
0.00542005
0.0058492
0.00588099
0.00546773
0.00632604
0.00540415
0.00570615
0.00646909
0.00608762
0.00640551
0.00710487
0.00653267
0.00665983
0.0073115
0.00766118
0.00764529
0.00778834
0.00796318
0.0082016
0.00977516
0.010999
0.0115236
0.0149091
0.0169118
0.0244141
0.0318368
0.0470956
0.069507
0.112327
0.163221
0.224749
0.285594
0.352256
0.420141
0.481669
0.513315
0.52228
0.527525
0.547504
0.600259
0.688314
0.812165
0.930754
1.03504
1.10989
1.15891
1.19162
1.24618
1.27745
1.29568
1.30784
1.35476
1.40085
1.43538
1.47201
1.52243
1.60119
1.70789
1.80756
1.94047
2.14852
2.40177
2.66555
2.98106
3.35784
3.77975
4.14661
4.32019
4.30474
4.02471
3.5402
2.96806
2.446
2.05685
1.87573
1.83989
1.90369
1.89915
1.81142
1.62743
1.40842
1.19588
0.970141
0.761
0.615247
0.512012
0.455173
0.420729
0.394122
0.383774
0.382312
0.374349
0.368309
0.365289
0.357898
0.360711
0.368754
0.366418
0.350412
0.318734
0.268443
0.200971
0.149918
0.11522
0.0915368
0.0624816
0.0330925
0.0150522
0.00623067
0.00225703
0.00111262
0.000524521
0.000206629
3.17891e-05
0
4.76837e-05
0
0
0
0
0
0
0
0
0
0
0
0
0
0
0
0
0
0
0
0
0
0
0
0
0
0
0
0
0
0
0
0
0
0
0
0
0
0
0
0
0
0
0
0
0
0
0
0
0
0
0
0
0
0
0
0
0
0
0
0
0
0
0
0
0
0
0
0
0
0
