0.0333945
0.00600815
0.00557899
0.00599225
0.00610352
0.00680288
0.00710487
0.00812213
0.00785192
0.00880559
0.0104904
0.0116348
0.0134945
0.0153701
0.0172933
0.0207424
0.0229994
0.0259876
0.02683
0.0274817
0.0274817
0.0272115
0.0253359
0.0237147
0.0213464
0.0200431
0.0174999
0.0153542
0.0140985
0.0131448
0.0116825
0.0107288
0.0090758
0.00812213
0.00758171
0.00707308
0.00748634
0.00689824
0.00608762
0.00634193
0.00565847
0.00516574
0.00513395
0.00486374
0.00478427
0.00522931
0.00500679
0.00524521
0.00462532
0.0044028
0.00478427
0.0044028
0.004673
0.00492732
0.00472069
0.00432332
0.00462532
0.00454585
0.00413259
0.00460943
0.00449816
0.00452995
0.00473658
0.00478427
0.004673
0.00427564
0.00483195
0.00452995
0.00542005
0.00532468
0.00562668
0.00540415
0.00562668
0.00546773
0.00557899
0.00618299
0.00603994
0.00543594
0.00551542
0.0052611
0.00578562
0.00608762
0.00570615
0.00551542
0.00631015
0.00686646
0.00637372
0.00610352
0.00619888
0.00592868
0.00685056
0.00618299
0.00635783
0.00675519
0.00667572
0.00688235
0.00786781
0.00762939
0.00764529
0.00785192
0.00866254
0.00882149
0.00945727
0.0103474
0.0113328
0.0138283
0.0166416
0.0192642
0.020647
0.0232379
0.0250816
0.0265916
0.0298977
0.0331879
0.0362714
0.0410557
0.0434081
0.0464916
0.0531673
0.0594616
0.0609239
0.069809
0.0792821
0.0890255
0.0972907
0.110149
0.131432
0.160392
0.198825
0.237465
0.275707
0.314124
0.335058
0.353893
0.370153
0.397301
0.435877
0.487057
0.546137
0.616932
0.673548
0.72511
0.793155
0.864935
0.93406
1.03024
1.19058
1.42169
1.71134
2.01689
2.3046
2.44412
2.45533
2.38697
2.2909
2.20682
2.16386
2.12816
2.1385
2.14777
2.23724
2.47649
2.95566
3.56018
4.10786
4.49204
4.48742
4.22308
3.93093
3.6029
3.29499
2.93686
2.53787
2.14208
1.76841
1.52842
1.35428
1.23172
1.13843
1.05165
0.949621
0.815519
0.655762
0.494258
0.353702
0.247749
0.177495
0.138235
0.109975
0.0703494
0.0347296
0.0154495
0.00762939
0.00487963
0.0029405
0.00316302
0.00287692
0.00251134
0.00222524
0.00240008
0.00228882
0.00157356
0.00166893
0.0014623
0.00108083
0.000890096
0.000588099
0.000540415
0.000651677
0.000508626
0.000333786
0.000190735
0.000111262
7.94729e-05
7.94729e-05
7.94729e-05
3.17891e-05
0
0
1.58946e-05
0
0
0
0
0
0
0
0
0
0
0
0
0
0
0
0
0
0
0
0
0
0
0
0
0
0
0
0
0
0
0
0
0
0
0
0
