0.0322819
0.00324249
0.00346502
0.00373522
0.00383059
0.00383059
0.00394185
0.00435511
0.00387828
0.00492732
0.0041008
0.0044028
0.00505447
0.00462532
0.0052611
0.00591278
0.00675519
0.00638962
0.00664393
0.00799497
0.00804265
0.00886917
0.00929832
0.0110308
0.0118891
0.0126839
0.0123342
0.0134468
0.0144164
0.0147502
0.0155767
0.0163555
0.0164191
0.0161012
0.0161648
0.014623
0.0146707
0.0147661
0.0143051
0.0134786
0.0132561
0.0124137
0.0115236
0.0117779
0.0109355
0.0096639
0.0087738
0.00861486
0.00869433
0.00805855
0.00726382
0.0067234
0.00693003
0.00654856
0.00629425
0.00592868
0.00538826
0.00570615
0.00575384
0.00462532
0.00534058
0.00495911
0.00484784
0.00487963
0.00530879
0.00460943
0.00448227
0.0049909
0.00414848
0.00449816
0.00413259
0.00422796
0.00448227
0.00376701
0.00427564
0.00406901
0.0040849
0.00421206
0.00446637
0.00416438
0.00452995
0.00400543
0.00406901
0.00446637
0.00373522
0.0041008
0.00352859
0.00435511
0.00459353
0.00449816
0.00448227
0.00432332
0.0046889
0.00476837
0.00422796
0.00429153
0.00445048
0.00441869
0.00494321
0.00513395
0.00530879
0.0052611
0.00545184
0.00514984
0.00562668
0.00511805
0.00522931
0.00573794
0.00557899
0.00624657
0.00638962
0.0061353
0.00710487
0.0073274
0.0067393
0.00650088
0.0070413
0.0073274
0.00751813
0.00680288
0.00745455
0.00723203
0.00753403
0.00801086
0.00807444
0.00794729
0.00772476
0.00858307
0.00812213
0.0082016
0.00851949
0.00871023
0.00890096
0.00899633
0.00905991
0.00899633
0.00979106
0.00967979
0.0102202
0.00939369
0.0102202
0.0108083
0.0113646
0.011905
0.012207
0.0121435
0.0133355
0.0161807
0.0183741
0.0234922
0.0321865
0.0488917
0.0724475
0.103045
0.138458
0.186745
0.233126
0.27984
0.31004
0.335519
0.338157
0.337346
0.33795
0.345627
0.348695
0.339381
0.335884
0.34976
0.370057
0.413116
0.457048
0.5054
0.529273
0.549014
0.531705
0.518036
0.502396
0.500329
0.504637
0.500011
0.486406
0.48879
0.519244
0.539064
0.542657
0.574334
0.618235
0.668844
0.746473
0.824515
0.874519
0.864188
0.857782
0.855525
0.879304
0.905911
0.953468
1.02498
1.11376
1.20821
1.36023
1.53786
1.6943
1.81479
1.9331
2.06396
2.1702
2.21485
2.18571
2.13149
2.13348
2.21664
2.29583
2.37066
2.32817
2.20604
2.02311
1.88039
1.7573
1.66167
1.61573
1.66793
1.80513
1.95657
2.10546
2.2284
2.2065
2.15119
2.21912
2.34974
2.25507
2.15596
1.84793
1.52987
1.12222
0.957251
0.856972
0.645526
0.438579
0.291729
0.19323
0.137504
0.088342
0.0610669
0.0294685
0.0144958
0.00632604
0.00433922
0.00230471
0.00150998
0.000826518
0.000667572
0.000588099
0.00038147
0.000238419
0.000651677
