0.00530879
0.00236829
0.00247955
0.00344912
0.00378291
0.0040849
0.00470479
0.0058492
0.00631015
0.00831286
0.00915527
0.0120481
0.0159264
0.0202497
0.0222842
0.026687
0.0300725
0.0307719
0.0303904
0.0253201
0.0233809
0.0196775
0.0172774
0.0156879
0.0154813
0.0141144
0.0128428
0.0103792
0.00933011
0.00885328
0.00774066
0.00774066
0.00769297
0.00780423
0.00796318
0.0073115
0.00591278
0.00618299
0.00581741
0.00549952
0.00545184
0.00510216
0.00540415
0.00610352
0.00530879
0.00516574
0.00516574
0.00505447
0.00492732
0.00489553
0.00494321
0.00448227
0.00486374
0.00491142
0.00414848
0.004975
0.00522931
0.00411669
0.0043869
0.00432332
0.00414848
0.00454585
0.0043869
0.00446637
0.00457764
0.00441869
0.00472069
0.00446637
0.00481606
0.00470479
0.00400543
0.00451406
0.00406901
0.00413259
0.00537237
0.00478427
0.00483195
0.00464122
0.00487963
0.00424385
0.005277
0.00484784
0.00510216
0.00473658
0.00503858
0.00495911
0.00505447
0.00554721
0.00494321
0.0055631
0.00524521
0.00572205
0.00534058
0.00532468
0.00538826
0.00549952
0.00592868
0.00621478
0.00559489
0.00602404
0.00610352
0.00646909
0.00650088
0.00635783
0.00770887
0.00681877
0.00716845
0.00758171
0.00842412
0.0106812
0.00956853
0.0115236
0.0146548
0.0191053
0.0234922
0.031964
0.0420888
0.0589053
0.0858466
0.127633
0.199143
0.287469
0.399208
0.506369
0.59344
0.680637
0.770267
0.870482
0.946887
0.986608
1.01592
1.07412
1.14454
1.22544
1.30954
1.41788
1.54972
1.72366
1.88171
2.05129
2.24067
2.45194
2.62554
2.80517
3.01954
3.3824
3.94093
4.55688
5.03831
5.46897
5.73117
5.72999
5.33552
4.71512
4.27802
4.07325
3.76894
3.11036
2.2532
1.49511
0.925589
0.555929
0.305827
0.153494
0.0659784
0.0282923
0.0124137
0.00658035
0.00343323
0.0020504
0.0011603
0.000699361
0.000540415
0.000397364
0.000143051
6.35783e-05
7.94729e-05
3.17891e-05
3.17891e-05
1.58946e-05
0
0
0
0
0
0
0
0
0
0
0
0
0
0
0
0
0
0
0
0
0
0
0
0
0
0
0
0
0
0
0
0
0
0
0
0
0
0
0
0
0
0
0
0
0
0
0
0
0
0
0
0
0
0
0
0
0
0
0
0
0
0
0
0
0
0
0
0
0
0
0
0
0
0
0
0
