0.0102361
0.00251134
0.00282923
0.00341733
0.00384649
0.00427564
0.00476837
0.00592868
0.00654856
0.00774066
0.00840823
0.00967979
0.0112375
0.0117143
0.0125885
0.0138442
0.0159264
0.0174205
0.0186761
0.0185172
0.018247
0.0195185
0.0187715
0.0180086
0.0156562
0.0145276
0.0139236
0.0126839
0.0119209
0.0112057
0.00998179
0.00874201
0.00799497
0.00756582
0.0070413
0.00724792
0.00665983
0.00564257
0.00600815
0.00508626
0.00476837
0.00500679
0.00452995
0.00429153
0.00456174
0.00437101
0.00405312
0.00481606
0.00414848
0.00422796
0.00441869
0.00405312
0.00405312
0.00421206
0.00392596
0.00341733
0.00376701
0.00348091
0.0038147
0.00343323
0.00362396
0.00359217
0.00313123
0.00316302
0.00336965
0.00286102
0.00316302
0.00284513
0.00356038
0.00335375
0.00287692
0.00327428
0.00370344
0.00373522
0.00316302
0.00313123
0.00313123
0.00371933
0.00336965
0.00360807
0.00340144
0.00365575
0.00376701
0.00349681
0.00389417
0.00359217
0.00383059
0.00405312
0.00400543
0.00376701
0.00416438
0.00395775
0.00419617
0.00472069
0.00416438
0.004673
0.00414848
0.00464122
0.00430743
0.00449816
0.00413259
0.00448227
0.00421206
0.00484784
0.00456174
0.00457764
0.00475248
0.00508626
0.0055631
0.00476837
0.00561078
0.00505447
0.00516574
0.00530879
0.00562668
0.00565847
0.00546773
0.00713666
0.00705719
0.0079155
0.00942548
0.011905
0.0137806
0.0194867
0.0265916
0.0326316
0.04282
0.0514189
0.0634829
0.0780423
0.0931581
0.109768
0.120036
0.12331
0.138299
0.161457
0.199223
0.23214
0.264041
0.299025
0.360187
0.433604
0.533946
0.667667
0.880035
1.14859
1.44664
1.71088
1.92027
2.06269
2.17066
2.34777
2.55198
2.77252
3.0249
3.25953
3.44728
3.61401
3.63445
3.53594
3.30262
3.12303
2.99859
2.95612
2.92716
2.83031
2.67461
2.52538
2.41685
2.30635
2.18183
2.03118
1.85658
1.69589
1.5159
1.33727
1.21506
1.10334
1.03226
0.998052
1.0183
1.03782
1.05559
1.07416
1.05834
1.01546
0.942945
0.840187
0.717338
0.605329
0.50505
0.444698
0.405534
0.360727
0.322978
0.280762
0.242233
0.191355
0.149854
0.110451
0.0772476
0.0501633
0.0368436
0.0272115
0.0166893
0.00867844
0.00397364
0.0017484
0.000842412
0.000635783
0.000158946
0.000111262
0.000190735
1.58946e-05
7.94729e-05
6.35783e-05
0
4.76837e-05
0
1.58946e-05
0
0
0
0
0
0
0
0
0
0
0
0
0
0
0
0
0
0
0
0
0
0
0
0
0
0
0
0
0
0
0
0
0
0
0
0
