0.0292142
0.00343323
0.00325839
0.0035127
0.00352859
0.00494321
0.00437101
0.00483195
0.00524521
0.00530879
0.00623067
0.00783602
0.00839233
0.0101248
0.0118415
0.0123978
0.0127316
0.0136058
0.0144958
0.0136693
0.014925
0.0159264
0.0167688
0.0187397
0.0192483
0.0219345
0.0248273
0.0265439
0.0281493
0.0290076
0.0312487
0.0324567
0.0307719
0.0314713
0.0299931
0.0277201
0.0266552
0.0266711
0.0242869
0.0239372
0.022157
0.020504
0.0208696
0.0178337
0.0164509
0.0156085
0.0141939
0.0136534
0.0126998
0.0117938
0.0106494
0.0104109
0.00972748
0.00894864
0.00902812
0.0082016
0.00810623
0.00777245
0.00727971
0.00705719
0.00751813
0.00747045
0.00724792
0.0073115
0.00697772
0.00778834
0.00688235
0.00788371
0.00678698
0.00697772
0.00753403
0.00739098
0.00685056
0.00815392
0.00809034
0.00829697
0.00807444
0.0090917
0.00917117
0.00971158
0.0093778
0.00918706
0.00926654
0.00985463
0.00987053
0.0096639
0.0093778
0.00871023
0.00809034
0.00915527
0.00861486
0.00851949
0.00775655
0.00801086
0.00764529
0.00869433
0.00747045
0.00801086
0.00751813
0.00785192
0.00774066
0.00782013
0.00831286
0.00805855
0.00764529
0.00829697
0.0082016
0.00866254
0.00896454
0.00851949
0.00867844
0.00856717
0.00910759
0.00872612
0.00875791
0.00845591
0.00880559
0.00910759
0.00829697
0.00804265
0.00796318
0.00871023
0.00828107
0.0078996
0.00762939
0.00837644
0.00845591
0.00766118
0.00777245
0.0078996
0.00801086
0.00842412
0.00875791
0.0101566
0.00999769
0.0120322
0.0121117
0.0131448
0.0167529
0.0194073
0.0213623
0.0230471
0.0261148
0.0291348
0.0327746
0.0378609
0.0450452
0.0536124
0.0633558
0.0757058
0.0916322
0.107574
0.127061
0.145165
0.161457
0.167815
0.176954
0.180308
0.18177
0.193787
0.19803
0.207965
0.229994
0.26377
0.2762
0.296863
0.308371
0.304874
0.303586
0.303316
0.304333
0.294987
0.300169
0.308959
0.311184
0.315619
0.311248
0.309213
0.313107
0.342147
0.39266
0.461483
0.536029
0.643619
0.788005
0.944916
1.10677
1.24251
1.4027
1.55689
1.68285
1.79612
1.88692
1.97579
2.06761
2.20591
2.38215
2.56643
2.64818
2.67607
2.5815
2.51225
2.46456
2.4535
2.50004
2.58074
2.6896
2.78274
2.77375
2.82203
2.8103
2.74825
2.65361
2.52051
2.35271
2.1361
1.9484
1.75646
1.5955
1.5323
1.47371
1.38944
1.30712
1.15244
1.06138
1.02741
0.977675
0.924031
0.809113
0.531387
0.313314
0.192149
0.116364
0.0794252
0.0348568
0.0119686
0.0067234
0.00483195
0.00370344
0.00365575
0.00314713
0.00295639
0.00278155
0.00246366
0.00197093
0.0017484
0.00162125
0.00135104
0.0014782
0.00111262
0.00093778
0.000905991
0.000747045
0.000635783
0.000397364
0.00179609
