0.0231743
0.00611941
0.00619888
0.00656446
0.00707308
0.00861486
0.00956853
0.010252
0.0123183
0.0155926
0.0191371
0.0256379
0.0318845
0.0385602
0.0385761
0.0416915
0.0451088
0.037686
0.0274022
0.0221729
0.018549
0.0160853
0.0150998
0.013574
0.0127792
0.0119209
0.0110467
0.0090758
0.00774066
0.00764529
0.00739098
0.00685056
0.00707308
0.00710487
0.0070254
0.0061512
0.00624657
0.004975
0.00540415
0.00514984
0.005277
0.00522931
0.00492732
0.00487963
0.00561078
0.00514984
0.00465711
0.00508626
0.00459353
0.00421206
0.00489553
0.00491142
0.00516574
0.0046889
0.00437101
0.0044028
0.00460943
0.00475248
0.00483195
0.00446637
0.00448227
0.00445048
0.00476837
0.00460943
0.00464122
0.00505447
0.00543594
0.00487963
0.00505447
0.00454585
0.00494321
0.00511805
0.00505447
0.00448227
0.00472069
0.00483195
0.00480016
0.00487963
0.00510216
0.00452995
0.00505447
0.004673
0.00494321
0.00472069
0.00510216
0.00511805
0.00508626
0.0052611
0.00519753
0.00542005
0.0052611
0.00592868
0.00532468
0.00557899
0.00589689
0.00549952
0.0061512
0.00631015
0.00610352
0.00626246
0.00708898
0.00656446
0.00815392
0.00751813
0.00875791
0.00982285
0.0111103
0.0136375
0.0176271
0.023667
0.0337124
0.0522931
0.0814279
0.116014
0.163571
0.213273
0.257174
0.29335
0.32018
0.34585
0.357564
0.351699
0.36006
0.393852
0.460227
0.555801
0.692717
0.882133
1.1185
1.40459
1.70348
1.9707
2.19088
2.33709
2.38825
2.3605
2.2676
2.18321
2.11418
2.06235
2.03997
2.092
2.25252
2.48084
2.69051
2.83542
2.86258
2.81709
2.73948
2.62467
2.47836
2.30565
2.1074
1.88368
1.6976
1.59391
1.55327
1.54349
1.51364
1.47473
1.49419
1.58197
1.74319
1.93556
2.08616
2.19835
2.22923
2.11188
1.82416
1.49439
1.18227
0.973145
0.851091
0.816186
0.761668
0.660197
0.527573
0.378036
0.247494
0.135358
0.0627518
0.02683
0.0120481
0.00545184
0.0026385
0.00158946
0.000715256
0.000413259
0.000206629
3.17891e-05
0
0
0
1.58946e-05
0
0
0
0
0
0
0
0
0
0
0
0
0
0
0
0
0
0
0
0
0
0
0
0
0
0
0
0
0
0
0
0
0
0
0
0
0
0
0
0
0
0
0
0
0
0
0
0
0
0
0
0
0
0
0
0
0
0
0
0
0
0
