0.0168324
0.00344912
0.00433922
0.00456174
0.00534058
0.00723203
0.00905991
0.0113964
0.0146389
0.0180086
0.0229359
0.0275294
0.0325362
0.0337601
0.036637
0.034825
0.032266
0.0285308
0.0247637
0.0215054
0.0196934
0.0172297
0.0163078
0.0147502
0.0149568
0.0127792
0.0118415
0.0111103
0.0100931
0.00955264
0.00883738
0.00918706
0.00890096
0.00920296
0.00880559
0.00816981
0.00750224
0.00796318
0.00726382
0.00802676
0.00740687
0.00700951
0.00740687
0.00739098
0.0070254
0.00718435
0.00723203
0.00700951
0.0073115
0.00729561
0.00759761
0.00769297
0.0070413
0.00774066
0.00866254
0.00750224
0.00794729
0.00809034
0.00807444
0.00750224
0.00855128
0.00839233
0.00871023
0.00864665
0.00824928
0.00917117
0.0103474
0.011905
0.0132243
0.0163555
0.019296
0.0247637
0.0351906
0.050354
0.0724316
0.104157
0.144339
0.189209
0.240882
0.290362
0.326061
0.344769
0.350904
0.348584
0.351079
0.351763
0.350189
0.347948
0.348552
0.346009
0.348314
0.348902
0.353591
0.359917
0.377305
0.384378
0.387128
0.377576
0.359058
0.349426
0.340684
0.340192
0.34008
0.33768
0.341988
0.35545
0.371456
0.391356
0.422446
0.460784
0.497325
0.544119
0.624688
0.709772
0.828695
0.949812
1.07749
1.18055
1.27061
1.34503
1.4205
1.47669
1.49964
1.46782
1.45144
1.40966
1.3573
1.29059
1.25831
1.24108
1.2214
1.16444
1.09309
0.984653
0.895135
0.837898
0.804011
0.767088
0.727876
0.680431
0.65225
0.639073
0.636784
0.653283
0.670862
0.684722
0.682068
0.671752
0.66584
0.667826
0.665871
0.663964
0.679652
0.706689
0.726207
0.726318
0.707261
0.650915
0.610304
0.578276
0.594997
0.605186
0.612291
0.630252
0.655413
0.690826
0.687281
0.684452
0.698789
0.719595
0.741434
0.73967
0.722663
0.721995
0.703255
0.679763
0.674454
0.677713
0.700219
0.733678
0.807683
0.892035
0.974449
1.05343
1.09057
1.12967
1.16917
1.14126
1.0928
0.973686
0.834513
0.704257
0.614516
0.556072
0.505606
0.466728
0.444094
0.412957
0.399907
0.380611
0.37214
0.371726
0.363334
0.373363
0.411781
0.465409
0.525125
0.520897
0.445906
0.362778
0.316318
0.284386
0.273148
0.271432
0.27221
0.270605
0.264724
0.253391
0.250514
0.266616
0.295035
0.37535
0.432889
0.480302
0.545772
0.524139
0.525411
0.504796
0.462119
0.424925
0.358899
0.263468
0.152047
0.0684738
0.0336011
0.01688
0.00987053
0.00325839
0.00112851
0.000222524
4.76837e-05
0
0
0
0
0
0
0
0
0
0
0
0
0
0
0
