0.0096639
0.00274976
0.00330607
0.00414848
0.00484784
0.00483195
0.00589689
0.00592868
0.00680288
0.0078996
0.00858307
0.00967979
0.0122388
0.014178
0.0164032
0.0184536
0.0225544
0.0243982
0.0264804
0.0263691
0.025177
0.0234763
0.0207106
0.0172138
0.0161807
0.0160694
0.0144005
0.0146389
0.0138601
0.013113
0.0122229
0.0109355
0.0108401
0.0099659
0.0087738
0.00917117
0.00788371
0.00774066
0.00727971
0.00710487
0.00661214
0.00610352
0.00618299
0.0058492
0.00530879
0.00524521
0.00546773
0.00491142
0.00489553
0.0052611
0.00514984
0.00486374
0.00459353
0.00441869
0.00443459
0.00406901
0.00500679
0.00448227
0.00441869
0.00470479
0.0041008
0.00476837
0.00451406
0.004673
0.00433922
0.00487963
0.0046889
0.00505447
0.00514984
0.00521342
0.00513395
0.0046889
0.00516574
0.00484784
0.00532468
0.00508626
0.00494321
0.00495911
0.00513395
0.00522931
0.00554721
0.00513395
0.00554721
0.00518163
0.00476837
0.00513395
0.00465711
0.00530879
0.00483195
0.00500679
0.00464122
0.00572205
0.00534058
0.00511805
0.00491142
0.00516574
0.00495911
0.00538826
0.00492732
0.00535647
0.00611941
0.00570615
0.00629425
0.00678698
0.00713666
0.00754992
0.0093619
0.00956853
0.0104109
0.0128746
0.015672
0.0186443
0.0263373
0.0404994
0.0694593
0.114314
0.1887
0.284354
0.391976
0.488647
0.569916
0.640376
0.689316
0.71187
0.696135
0.674884
0.646448
0.64009
0.645987
0.73932
0.982221
1.3111
1.70143
2.05239
2.29661
2.42562
2.49654
2.5177
2.50098
2.41702
2.32194
2.14693
2.00993
1.93461
1.92728
1.9019
1.89284
1.9033
1.91374
1.88635
1.80523
1.69209
1.56728
1.46424
1.40333
1.39367
1.35709
1.31602
1.27322
1.23588
1.22129
1.22889
1.2447
1.23173
1.18311
1.10138
1.04767
0.997766
0.985289
0.987911
1.029
1.05909
1.03208
0.989501
0.961749
0.967487
0.976912
0.975545
0.990677
1.0078
0.989834
0.938527
0.877031
0.798035
0.727606
0.676711
0.63235
0.602643
0.617313
0.648419
0.656684
0.626183
0.596984
0.573969
0.519562
0.477282
0.433143
0.394281
0.361745
0.327746
0.281906
0.233634
0.185235
0.147327
0.121101
0.106271
0.0866731
0.0796477
0.0723839
0.0689507
0.0649929
0.0628789
0.0577132
0.0525792
0.047493
0.0443935
0.0410239
0.040849
0.0361125
0.0342369
0.0305494
0.031201
0.033315
0.0253677
0.0190258
0.0141621
0.0113328
0.00985463
0.00667572
0.00567436
0.00451406
0.00480016
0.00357628
0.00265439
0.00136693
0.00112851
0.000540415
0.000476837
0.000349681
0.000270208
0.000206629
0.000143051
0.00017484
0.000158946
0.000158946
6.35783e-05
0.000222524
0.000190735
0.00017484
0.000190735
0.000143051
6.35783e-05
0.000158946
0.000158946
0.000158946
0.00182788
