0.0137647
0.00308355
0.00357628
0.0037988
0.0043869
0.00473658
0.0058492
0.00603994
0.00588099
0.00683467
0.00754992
0.00861486
0.00956853
0.0108083
0.0126362
0.0145435
0.0155131
0.0181834
0.0202974
0.0205358
0.0221093
0.0228882
0.0221888
0.0211557
0.0197887
0.0183741
0.0156403
0.0150839
0.0138283
0.0133355
0.0125567
0.0120799
0.00987053
0.00863075
0.0082016
0.00753403
0.00720024
0.0064532
0.00693003
0.00624657
0.00618299
0.00530879
0.00505447
0.00449816
0.00473658
0.00400543
0.00435511
0.00430743
0.00445048
0.00421206
0.00400543
0.0040849
0.00394185
0.00395775
0.00402133
0.00344912
0.00389417
0.00368754
0.00375112
0.00362396
0.00383059
0.00352859
0.00319481
0.00359217
0.00335375
0.00365575
0.0032107
0.00378291
0.00338554
0.0037988
0.00303586
0.00365575
0.00392596
0.00341733
0.00384649
0.00357628
0.00349681
0.00336965
0.00319481
0.00373522
0.00303586
0.00360807
0.00394185
0.00360807
0.00335375
0.00338554
0.00324249
0.00343323
0.00329018
0.00344912
0.00325839
0.00376701
0.00346502
0.00359217
0.00303586
0.00344912
0.00348091
0.00354449
0.00367165
0.00338554
0.00413259
0.00373522
0.00375112
0.0040849
0.00402133
0.00386238
0.00394185
0.0040849
0.00384649
0.00403722
0.00443459
0.00462532
0.0044028
0.00411669
0.00451406
0.00535647
0.00459353
0.00503858
0.00631015
0.00661214
0.00824928
0.0103474
0.0133355
0.0197093
0.0288645
0.0460625
0.084734
0.155608
0.306384
0.572507
0.981251
1.50757
2.0522
2.4368
2.57374
2.54024
2.41845
2.32383
2.244
2.17047
2.10298
2.07426
2.05968
2.07402
2.03211
1.96074
1.86478
1.79507
1.77213
1.75382
1.73273
1.72871
1.71396
1.67284
1.61273
1.55997
1.50353
1.47223
1.48554
1.50682
1.51381
1.51523
1.48929
1.51154
1.54111
1.57056
1.55023
1.46165
1.3405
1.2066
1.11389
1.01012
0.93263
0.849883
0.759522
0.674645
0.584873
0.536871
0.498851
0.47644
0.451422
0.424623
0.400861
0.382376
0.373157
0.358327
0.348091
0.358502
0.378116
0.39196
0.389512
0.35979
0.324758
0.300916
0.277503
0.258684
0.240326
0.227722
0.215944
0.212161
0.221014
0.225639
0.23605
0.233142
0.220823
0.211954
0.199874
0.196791
0.193516
0.20504
0.218805
0.236813
0.247606
0.245492
0.247065
0.271908
0.290616
0.31085
0.320641
0.334756
0.348266
0.362492
0.40129
0.43443
0.470241
0.495275
0.493336
0.457064
0.449912
0.449387
0.407473
0.338825
0.2961
0.27763
0.27709
0.277472
0.24581
0.197538
0.162172
0.121148
0.0909646
0.0736078
0.0558376
0.040849
0.0375907
0.0348886
0.0346025
0.0275771
0.0281175
0.0251293
0.02443
0.0212828
0.00324249
0.0473181
0.000127157
0.0561714
