0.025622
0.0058492
0.00611941
0.00664393
0.00734329
0.00875791
0.00953674
0.01146
0.014782
0.0151793
0.0205835
0.0239849
0.0279427
0.0334899
0.0362555
0.0371297
0.0383854
0.0371456
0.0329336
0.0289758
0.0259717
0.0223955
0.0182629
0.0169595
0.0151793
0.0143846
0.013272
0.0113487
0.0105699
0.00960032
0.00864665
0.00821749
0.00762939
0.00804265
0.00793139
0.0067234
0.00735919
0.00670751
0.00637372
0.00646909
0.00559489
0.00570615
0.00596046
0.00610352
0.0052611
0.00532468
0.00575384
0.00605583
0.00543594
0.00581741
0.00572205
0.00484784
0.00464122
0.00500679
0.00581741
0.00489553
0.00521342
0.00592868
0.00478427
0.00454585
0.00505447
0.00476837
0.00446637
0.00460943
0.00570615
0.00456174
0.00529289
0.00511805
0.00534058
0.00542005
0.00489553
0.00549952
0.00557899
0.00553131
0.00599225
0.0058492
0.00670751
0.00651677
0.00729561
0.00772476
0.00856717
0.0109196
0.0130812
0.014623
0.0174046
0.0216484
0.0247955
0.0277837
0.0319004
0.0338713
0.0386397
0.038147
0.0423272
0.0478109
0.0498613
0.056982
0.0650883
0.0776768
0.0877221
0.0976245
0.105921
0.110404
0.116062
0.119495
0.126346
0.130192
0.142415
0.152
0.165113
0.174157
0.192785
0.206582
0.232712
0.265789
0.301282
0.335375
0.385014
0.452232
0.551097
0.664822
0.754738
0.837787
0.907056
0.941706
0.997543
1.03281
1.07706
1.13001
1.20937
1.27732
1.32233
1.32147
1.29466
1.29175
1.27176
1.27209
1.28887
1.29115
1.28595
1.25715
1.2001
1.16544
1.13568
1.13689
1.13754
1.16254
1.16053
1.17281
1.19654
1.21873
1.21977
1.2133
1.20047
1.22169
1.27668
1.32785
1.33332
1.29113
1.20913
1.16391
1.16118
1.18386
1.21622
1.20316
1.16258
1.10652
1.02261
0.961431
0.901
0.858609
0.851488
0.84664
0.865952
0.883325
0.871134
0.83135
0.791423
0.771825
0.767422
0.751416
0.712856
0.655603
0.614182
0.58519
0.572062
0.564114
0.552575
0.560268
0.561937
0.575399
0.6018
0.641139
0.672023
0.659831
0.607061
0.564607
0.555054
0.557216
0.572284
0.594584
0.624514
0.633367
0.644334
0.69383
0.741704
0.788085
0.878302
1.04248
1.22269
1.33243
1.32149
1.17606
0.956456
0.726763
0.550175
0.446987
0.345262
0.279045
0.230058
0.18266
0.148821
0.0921249
0.0627518
0.0409285
0.0199
0.00518163
0.00114441
7.94729e-05
3.17891e-05
0
0
0
0
0
0
0
0
0
0
0
0
0
0
0
0
0
0
0
0
0
0
0
0
0
0
0
