0.0355879
0.00812213
0.0102043
0.0123183
0.0153859
0.0203768
0.028038
0.0407537
0.0532945
0.0680923
0.0922839
0.10802
0.120338
0.128969
0.138092
0.136852
0.135152
0.130002
0.119225
0.115283
0.105174
0.0976086
0.0976721
0.0904083
0.0892639
0.0839551
0.0831922
0.0813802
0.078392
0.0742277
0.073576
0.0712395
0.0705242
0.0696977
0.0673771
0.0680288
0.0686487
0.0649293
0.0658194
0.0658035
0.0632445
0.0651995
0.0639439
0.0623703
0.0622272
0.0590165
0.0567913
0.0550111
0.0537713
0.0520706
0.05277
0.0494639
0.0514348
0.0535806
0.0564893
0.0608285
0.0688394
0.079298
0.0925859
0.104443
0.124788
0.147629
0.164636
0.187413
0.21321
0.233761
0.258986
0.272179
0.280094
0.292476
0.30934
0.323407
0.337076
0.33706
0.342766
0.338205
0.338475
0.338936
0.336043
0.329717
0.322278
0.304047
0.287151
0.269095
0.253328
0.250816
0.246175
0.245444
0.24875
0.25239
0.260353
0.273546
0.302251
0.333309
0.36451
0.385857
0.40528
0.426022
0.445334
0.478077
0.507307
0.527811
0.55658
0.579484
0.59851
0.607697
0.633128
0.672595
0.708691
0.734027
0.764147
0.800578
0.807746
0.838057
0.900714
0.960048
1.04678
1.11494
1.19518
1.2862
1.38467
1.46958
1.52497
1.55854
1.61858
1.69659
1.76609
1.80726
1.76568
1.68888
1.59472
1.56096
1.5381
1.50844
1.47079
1.41861
1.32264
1.23814
1.15221
1.08473
1.05944
1.02345
0.988086
0.941976
0.903543
0.897328
0.89461
0.890541
0.895166
0.871134
0.822624
0.791518
0.779025
0.800737
0.850026
0.869147
0.878255
0.899982
0.957282
1.06389
1.19651
1.34441
1.42395
1.45782
1.44501
1.41095
1.42708
1.42666
1.35249
1.2272
1.07007
0.870562
0.686026
0.549523
0.457891
0.383711
0.32444
0.288836
0.258509
0.229661
0.210063
0.187461
0.171741
0.12757
0.0798702
0.0437101
0.0208696
0.0104109
0.00683467
0.00406901
0.00314713
0.00190735
0.00165304
0.00114441
0.000953674
0.000858307
0.000317891
0.000206629
0.000317891
0.000190735
0.000111262
7.94729e-05
7.94729e-05
1.58946e-05
0
0
0
3.17891e-05
1.58946e-05
0
0
0
0
1.58946e-05
0
0
0
0
0
0
0
0
0
0
0
0
0
0
0
0
0
0
0
0
0
0
0
0
0
0
0
0
0
0
0
0
0
0
0
0
0
0
0
0
0
0
