0.0238101
0.0061353
0.00748634
0.00898043
0.0108401
0.0159899
0.022316
0.0293891
0.0359217
0.040404
0.043726
0.0448704
0.0430266
0.0404835
0.0359535
0.0296593
0.0265121
0.0232538
0.0201384
0.0178655
0.0168165
0.0150839
0.0149091
0.0125726
0.0110308
0.0100295
0.0096639
0.00872612
0.00809034
0.00740687
0.00839233
0.00750224
0.00661214
0.00745455
0.00688235
0.0064532
0.00634193
0.00605583
0.00651677
0.00603994
0.00610352
0.00623067
0.00638962
0.00648499
0.00689824
0.0070254
0.00721614
0.00810623
0.00824928
0.00855128
0.00915527
0.0101725
0.0123183
0.0146866
0.0182629
0.0289599
0.0416915
0.063022
0.0915051
0.117493
0.142956
0.162919
0.176668
0.192658
0.205406
0.221539
0.244331
0.260925
0.282017
0.314919
0.368452
0.437943
0.509246
0.573985
0.623099
0.648435
0.671514
0.680447
0.709248
0.731484
0.760492
0.783126
0.799656
0.823832
0.825389
0.842635
0.855796
0.861963
0.858831
0.857973
0.840982
0.829538
0.826089
0.827376
0.799624
0.761016
0.717783
0.672897
0.648451
0.622908
0.604932
0.598351
0.595935
0.60331
0.621732
0.644811
0.665983
0.686884
0.707372
0.73789
0.775719
0.814263
0.829093
0.808732
0.784938
0.758807
0.751241
0.711044
0.666189
0.611734
0.5675
0.540988
0.526444
0.508658
0.488091
0.456937
0.42847
0.395377
0.378815
0.376844
0.385205
0.385968
0.384204
0.386524
0.380961
0.39018
0.394503
0.381931
0.372616
0.364208
0.368754
0.372569
0.373014
0.380405
0.390244
0.415532
0.458924
0.496721
0.530783
0.541544
0.543563
0.55356
0.578864
0.603278
0.623576
0.602849
0.588814
0.588385
0.587463
0.605202
0.621541
0.65306
0.672197
0.677506
0.667524
0.657654
0.654904
0.672166
0.701507
0.726795
0.742197
0.730896
0.699949
0.680288
0.68655
0.733153
0.776529
0.801468
0.823402
0.839583
0.858657
0.778739
0.666618
0.600163
0.564734
0.55782
0.550556
0.57079
0.59576
0.619745
0.630824
0.638326
0.635862
0.618219
0.610765
0.59727
0.604518
0.597461
0.587956
0.560776
0.522757
0.489283
0.463835
0.438944
0.407966
0.400225
0.402117
0.399017
0.416931
0.446908
0.482527
0.501045
0.504653
0.484069
0.48302
0.496674
0.498184
0.513426
0.515525
0.538731
0.541782
0.516764
0.502841
0.476694
0.441122
0.405184
0.410112
0.386095
0.341447
0.310771
0.286436
0.249259
0.201241
0.15351
0.130367
0.130765
0.115712
0.0876904
0.0795523
0.0799974
0.0697454
0.0687758
0.0631968
0.0350475
0.00521342
0.000540415
3.17891e-05
0
0
0
0
0
0
0
0
0
