0.00729561
0.00212987
0.00270208
0.0032266
0.00427564
0.00492732
0.00664393
0.00875791
0.0145117
0.0271002
0.052611
0.098292
0.171916
0.264883
0.342766
0.383091
0.35766
0.281652
0.202719
0.145658
0.115999
0.104888
0.101217
0.104109
0.109386
0.110006
0.113074
0.114648
0.111755
0.109164
0.104523
0.0977357
0.091807
0.0847022
0.0787894
0.0749906
0.0698407
0.0635942
0.060463
0.0553767
0.0531832
0.0497977
0.0476996
0.0457287
0.0442505
0.0429312
0.040706
0.0427882
0.0397682
0.0381788
0.0397364
0.0387033
0.0367324
0.0371456
0.0359535
0.0348886
0.0354131
0.0339508
0.0339667
0.0324408
0.0330925
0.0302474
0.0303109
0.0318209
0.0311693
0.0313918
0.0301679
0.0319481
0.0328859
0.033172
0.0347773
0.0370979
0.0372569
0.0394662
0.0432809
0.0439008
0.0454585
0.0483513
0.050656
0.0534852
0.0554403
0.0564257
0.0570456
0.0573476
0.0584602
0.0610352
0.0627518
0.0623226
0.0642935
0.0658035
0.0693321
0.0728448
0.074625
0.0775178
0.0832399
0.0880877
0.0977039
0.105588
0.108608
0.117588
0.124391
0.130749
0.135406
0.145102
0.145801
0.147645
0.14871
0.146675
0.145435
0.153112
0.157181
0.162188
0.174077
0.184933
0.197856
0.214132
0.231949
0.248718
0.258652
0.268682
0.267331
0.271495
0.281175
0.290712
0.313075
0.347726
0.39374
0.447512
0.492207
0.525014
0.537936
0.548935
0.558964
0.608444
0.674295
0.733248
0.779772
0.78543
0.81021
0.827042
0.855096
0.871881
0.885884
0.933599
0.976372
1.05373
1.16717
1.32027
1.47969
1.62349
1.75853
1.88241
1.98623
2.12498
2.2922
2.42337
2.47281
2.35229
2.18444
2.04865
2.04037
2.15726
2.25135
2.2332
2.07605
1.86659
1.72578
1.59173
1.53869
1.57509
1.68322
1.86537
2.11862
2.34582
2.52617
2.44625
2.22535
2.02309
1.92049
1.90407
1.9045
1.6448
1.10949
0.598812
0.277297
0.129604
0.0581741
0.0302474
0.0184059
0.013272
0.00939369
0.00867844
0.00758171
0.00662804
0.00683467
0.00557899
0.00567436
0.00483195
0.00478427
0.00416438
0.00349681
0.0029405
0.00325839
0.0026385
0.00170072
0.00138283
0.00100136
0.000826518
0.000572205
0.000445048
0.000317891
0.000206629
9.53674e-05
4.76837e-05
4.76837e-05
6.35783e-05
0
1.58946e-05
0
0
0
0
0
0
0
0
0
0
0
0
0
0
0
0
0
0
0
0
0
0
0
0
0
0
0
0
0
0
0
0
0
0
0
0
0
0
