0.0120481
0.00327428
0.00435511
0.00433922
0.00576973
0.0078996
0.0103951
0.0148773
0.020504
0.0256697
0.0328064
0.0355721
0.0398795
0.0442664
0.0455697
0.0432968
0.0402133
0.0367165
0.0341098
0.0299136
0.0249863
0.0194867
0.0164191
0.013113
0.0122229
0.00955264
0.00853539
0.00809034
0.00707308
0.00739098
0.00677109
0.0070254
0.00724792
0.00623067
0.00583331
0.00570615
0.00562668
0.00575384
0.00562668
0.00510216
0.00507037
0.00549952
0.00505447
0.00532468
0.00530879
0.00570615
0.00500679
0.00495911
0.00465711
0.00507037
0.00521342
0.00489553
0.00505447
0.00554721
0.0049909
0.00537237
0.00514984
0.00530879
0.00491142
0.00543594
0.00510216
0.00532468
0.00521342
0.00548363
0.00576973
0.00554721
0.00524521
0.00542005
0.00637372
0.00578562
0.00608762
0.00605583
0.00624657
0.00624657
0.00629425
0.00648499
0.00637372
0.00656446
0.00678698
0.00637372
0.00769297
0.0070413
0.00724792
0.00775655
0.00845591
0.00942548
0.0100772
0.0104427
0.0115554
0.0124296
0.0139872
0.0170867
0.0201066
0.0240326
0.0314713
0.0405788
0.0551224
0.0787099
0.117524
0.177574
0.258382
0.341511
0.406567
0.464598
0.507863
0.547632
0.589418
0.624514
0.652965
0.683101
0.732263
0.771697
0.804313
0.858355
0.890668
0.947269
1.00199
1.07245
1.15388
1.26645
1.38165
1.49398
1.60499
1.67028
1.73017
1.77321
1.79237
1.85127
1.94766
2.17296
2.53199
2.99261
3.4766
3.78094
3.83428
3.63379
3.3428
3.0999
2.9143
2.73501
2.62465
2.53156
2.37907
2.19652
2.00802
1.85413
1.76964
1.71167
1.65391
1.55919
1.42773
1.30588
1.22433
1.18206
1.21737
1.25936
1.25966
1.19216
1.07055
0.850264
0.620349
0.440804
0.298484
0.188939
0.113312
0.0668685
0.0420094
0.0216007
0.0101248
0.00446637
0.00243187
0.0014623
0.000778834
0.000524521
0.000842412
0.000572205
0.000492732
0.000333786
0.000111262
0.000206629
0.000238419
0.000222524
0.000190735
0.000158946
9.53674e-05
1.58946e-05
3.17891e-05
0
0
1.58946e-05
0
0
1.58946e-05
0
0
0
0
0
0
0
0
0
0
0
0
0
0
0
0
0
0
0
0
0
0
0
0
0
0
0
0
0
0
0
0
0
0
0
0
0
0
0
0
0
0
0
0
0
0
0
0
0
0
0
0
0
0
0
0
0
0
0
0
0
0
0
