0.000190735
0.000349681
0.000810623
0.00376701
0.00950495
0.0216961
0.0403404
0.0669479
0.0964165
0.141541
0.232077
0.381231
0.578674
0.758378
0.862869
0.867017
0.757376
0.60099
0.415119
0.239674
0.132672
0.0951926
0.0854174
0.0867685
0.0885646
0.0951608
0.101105
0.110849
0.120322
0.137901
0.147374
0.151777
0.16168
0.165113
0.16772
0.171725
0.17368
0.168832
0.158739
0.145324
0.128396
0.108115
0.0893752
0.0727971
0.0641982
0.0590324
0.0541051
0.0512282
0.049003
0.0472864
0.0470956
0.0475407
0.0465234
0.0448386
0.0433445
0.0426928
0.0405629
0.0406265
0.0404676
0.0392596
0.0385284
0.0381629
0.0371456
0.0367324
0.0347137
0.0356833
0.0345548
0.032409
0.0332197
0.0307401
0.0306288
0.0291983
0.0295957
0.0283559
0.027434
0.0276566
0.027132
0.0248432
0.025034
0.0245889
0.0227928
0.0230153
0.0223796
0.0217279
0.0201384
0.0200748
0.0192642
0.0183741
0.0195503
0.0192006
0.0190576
0.0180562
0.0185172
0.0183423
0.0169754
0.0168006
0.0183105
0.0191053
0.0180244
0.0178178
0.0185649
0.0183264
0.0182788
0.0195185
0.0183741
0.0196457
0.0225067
0.0240962
0.0263532
0.0320117
0.0382106
0.0447432
0.0521342
0.064977
0.0775178
0.087293
0.10004
0.112708
0.124566
0.134341
0.150251
0.170883
0.192801
0.208855
0.223271
0.239531
0.258732
0.274579
0.283813
0.305764
0.327222
0.350364
0.361315
0.364351
0.383997
0.396125
0.426499
0.463279
0.5277
0.591516
0.651503
0.694323
0.73026
0.776211
0.83375
0.907532
0.973447
1.02181
1.02817
0.995064
0.920121
0.839647
0.75496
0.683769
0.62987
0.587749
0.544739
0.498708
0.482559
0.483211
0.496912
0.510804
0.536712
0.56351
0.597795
0.645765
0.708961
0.792424
0.893529
1.0149
1.15018
1.31667
1.49994
1.71998
1.98808
2.29168
2.56856
2.74922
2.78006
2.73395
2.56516
2.34038
2.16219
2.00963
1.8723
1.74087
1.62892
1.50113
1.37474
1.26535
1.18922
1.17515
1.19276
1.23636
1.28684
1.31496
1.32449
1.32608
1.31361
1.33772
1.35388
1.32918
1.17607
0.955121
0.79484
0.669209
0.545851
0.379753
0.226672
0.134722
0.0877698
0.0575384
0.0322819
0.0152111
0.00774066
0.00406901
0.00268618
0.00166893
0.00127157
0.000969569
0.000699361
0.000492732
0.00017484
0.000270208
0.000238419
0.000143051
7.94729e-05
7.94729e-05
4.76837e-05
3.17891e-05
1.58946e-05
0
0
0
0
0
0
0
0
0
0
0
0
0
0
0
0
0
0
0
0
0
0
0
0
0
