0.00305176
0.00139872
0.0017643
0.00201861
0.00282923
0.00289281
0.00335375
0.00470479
0.00570615
0.00637372
0.00844002
0.00929832
0.0110626
0.0142574
0.0169436
0.0193755
0.0235558
0.0262737
0.0276248
0.0256538
0.0237147
0.0219504
0.0191689
0.0187556
0.0153859
0.0143051
0.0127316
0.0114282
0.0104745
0.00939369
0.00851949
0.00764529
0.00740687
0.00670751
0.00696182
0.0064373
0.0061512
0.00608762
0.00623067
0.00502268
0.00546773
0.00553131
0.00505447
0.00522931
0.00476837
0.00529289
0.00495911
0.00542005
0.00513395
0.0052611
0.0043869
0.00505447
0.00516574
0.00500679
0.00535647
0.00505447
0.00532468
0.00535647
0.00561078
0.0055631
0.00508626
0.00549952
0.00548363
0.00561078
0.00572205
0.00607173
0.00608762
0.00665983
0.00697772
0.00770887
0.00801086
0.00886917
0.0107765
0.0129382
0.0148137
0.0179768
0.0215689
0.025034
0.0294367
0.0327746
0.0373046
0.0423749
0.0492891
0.0532945
0.0604153
0.0687122
0.0777404
0.0913779
0.0988007
0.109275
0.116682
0.123946
0.136518
0.151587
0.168387
0.188653
0.218836
0.250355
0.288979
0.338062
0.392342
0.446987
0.503016
0.542784
0.581948
0.607824
0.628265
0.647163
0.665251
0.675901
0.687901
0.703065
0.714715
0.752211
0.784651
0.838645
0.903114
0.960334
1.00719
1.03356
1.08708
1.13303
1.15744
1.18759
1.2431
1.35927
1.52996
1.69641
1.83835
1.93326
2.01686
2.07152
2.08488
2.08764
2.11031
2.19601
2.31358
2.38309
2.4295
2.38455
2.29416
2.13407
1.96651
1.8103
1.72561
1.64309
1.57903
1.48404
1.37993
1.28605
1.20446
1.08633
0.946712
0.854715
0.822099
0.773954
0.719865
0.646655
0.604645
0.589434
0.622638
0.6591
0.69445
0.705735
0.713889
0.735474
0.777229
0.75771
0.736936
0.702175
0.638739
0.597986
0.563812
0.519005
0.494576
0.471751
0.450071
0.457096
0.476694
0.510327
0.600402
0.805298
0.987291
1.02487
0.933822
0.796843
0.703955
0.65004
0.550652
0.420348
0.288137
0.192785
0.140603
0.110737
0.0778039
0.0531832
0.0272274
0.0120481
0.00475248
0.00160535
0.000778834
0.000413259
0.00017484
3.17891e-05
9.53674e-05
0
0
0
0
0
0
0
0
0
0
0
0
0
0
0
0
0
0
0
0
0
0
0
0
0
0
0
0
0
0
0
0
0
0
0
0
0
0
0
0
0
0
0
0
0
0
0
0
0
0
0
