0.0381152
0.00363986
0.00368754
0.00398954
0.00363986
0.00376701
0.00473658
0.00456174
0.004975
0.00456174
0.00578562
0.00631015
0.00611941
0.00626246
0.00748634
0.00920296
0.00983874
0.0118891
0.0130653
0.0156403
0.0175158
0.0182311
0.0192006
0.019296
0.0203133
0.0203292
0.0186761
0.0186284
0.0175317
0.0161807
0.0158787
0.0143846
0.0136534
0.0120958
0.0106176
0.010697
0.00882149
0.00896454
0.00815392
0.00662804
0.00619888
0.00661214
0.00596046
0.00554721
0.00503858
0.00502268
0.00484784
0.00456174
0.00480016
0.00392596
0.00419617
0.00425975
0.00443459
0.00391006
0.00354449
0.00378291
0.0037988
0.00398954
0.00367165
0.00375112
0.00400543
0.00365575
0.0032266
0.00348091
0.00313123
0.00349681
0.00301997
0.00354449
0.00314713
0.00311534
0.00300407
0.00305176
0.00330607
0.00309944
0.00301997
0.00333786
0.00343323
0.00343323
0.00330607
0.00371933
0.00359217
0.00329018
0.00367165
0.00356038
0.00394185
0.00427564
0.00562668
0.0067393
0.00828107
0.0115236
0.0145117
0.0231584
0.0360807
0.05668
0.0899792
0.147184
0.212797
0.291602
0.391388
0.506131
0.628996
0.754754
0.87285
0.965834
1.02458
1.07896
1.13802
1.19265
1.25354
1.2963
1.32785
1.28984
1.20708
1.09482
0.978692
0.895675
0.843859
0.839361
0.833225
0.834703
0.818141
0.818173
0.803073
0.803661
0.794983
0.803979
0.821129
0.836547
0.853968
0.871658
0.88021
0.922664
0.968043
1.05308
1.15879
1.25427
1.29954
1.29979
1.24682
1.19588
1.15614
1.10747
1.06347
0.9823
0.947142
0.905021
0.86298
0.854445
0.857608
0.854238
0.834306
0.814946
0.810337
0.810226
0.835101
0.866715
0.887362
0.879256
0.858164
0.869401
0.937446
1.05332
1.18497
1.24707
1.18688
1.09843
0.997607
0.938272
0.899824
0.876792
0.85756
0.842349
0.861136
0.906086
1.00884
1.17847
1.38899
1.54745
1.6391
1.61665
1.52297
1.36889
1.2569
1.13591
1.0173
0.924158
0.859213
0.841649
0.845337
0.872676
0.880623
0.869544
0.871992
0.904655
0.920073
0.844892
0.635068
0.379467
0.192785
0.0947158
0.0435034
0.0195503
0.0102679
0.00653267
0.004673
0.00394185
0.00391006
0.00378291
0.00316302
0.00300407
0.00305176
0.00260671
0.00252724
0.00244776
0.00240008
0.00216166
0.0020504
0.00166893
0.00190735
0.00195503
0.00158946
0.00150998
0.00138283
0.00136693
0.00106494
0.000794729
0.000890096
0.000460943
0.000460943
0.00038147
0.000365575
0.000158946
0.000158946
4.76837e-05
3.17891e-05
3.17891e-05
1.58946e-05
0
1.58946e-05
1.58946e-05
0
0
0
0
0
0
0
0
0
0
0
0
0
0
0
0
