0.0144164
0.00445048
0.00540415
0.0070254
0.00885328
0.0100931
0.0134309
0.0183105
0.0216961
0.0273069
0.0297705
0.0332355
0.0351588
0.0335375
0.0305812
0.0258605
0.0223955
0.0177066
0.0152747
0.0146866
0.012509
0.0120481
0.0123183
0.0107924
0.0105381
0.00905991
0.00785192
0.00685056
0.00724792
0.00758171
0.00708898
0.00727971
0.00699361
0.00734329
0.00632604
0.00603994
0.00546773
0.00592868
0.00588099
0.00557899
0.00578562
0.00575384
0.00564257
0.00573794
0.00580152
0.00646909
0.00545184
0.00530879
0.00576973
0.00597636
0.00591278
0.00602404
0.00583331
0.00648499
0.00554721
0.00648499
0.00680288
0.00656446
0.00634193
0.00629425
0.00677109
0.00734329
0.00737508
0.00815392
0.0093778
0.00950495
0.0104427
0.012668
0.0153224
0.0192483
0.0228882
0.0281652
0.0344117
0.0391642
0.0451088
0.0515938
0.057888
0.0696659
0.0807921
0.0946681
0.111469
0.136026
0.167831
0.205851
0.255966
0.301202
0.356483
0.378275
0.391134
0.39587
0.401735
0.410191
0.438499
0.466919
0.507895
0.545025
0.564035
0.569884
0.558615
0.547441
0.527859
0.509405
0.485086
0.467507
0.462341
0.467507
0.475423
0.504001
0.542895
0.580724
0.607506
0.625245
0.632048
0.624243
0.630601
0.654348
0.695435
0.747252
0.787004
0.823561
0.886234
0.950623
1.02533
1.09928
1.17596
1.27878
1.4396
1.64415
1.88274
2.0888
2.29068
2.49799
2.66738
2.92171
3.32987
3.77506
4.10975
4.29029
4.36649
4.28925
4.07384
3.76576
3.39538
3.00741
2.61186
2.21613
1.84894
1.48791
1.21245
0.973034
0.824404
0.676918
0.540511
0.4426
0.373681
0.337855
0.330098
0.330575
0.322628
0.302235
0.287708
0.282208
0.268761
0.241693
0.202274
0.178512
0.148884
0.131528
0.112693
0.085179
0.0552495
0.0292142
0.0144323
0.00740687
0.00422796
0.00230471
0.00139872
0.00073115
0.000333786
0.000143051
9.53674e-05
3.17891e-05
0
0
0
0
0
0
0
0
0
0
0
0
0
0
0
0
0
0
0
0
0
0
0
0
0
0
0
0
0
0
0
0
0
0
0
0
0
0
0
0
0
0
0
0
0
0
0
0
0
0
0
0
0
0
0
0
0
0
0
0
0
0
0
0
0
0
0
0
0
0
0
0
0
0
