0.0017484
0.0017484
0.00279744
0.00398954
0.00538826
0.00807444
0.0125567
0.0173569
0.0217438
0.0281652
0.0371456
0.0445048
0.0519117
0.0552813
0.0569026
0.0546455
0.0490983
0.0432332
0.0394662
0.040849
0.0377337
0.0372251
0.0371933
0.0380834
0.0377178
0.0387987
0.0370661
0.0359058
0.035874
0.0359376
0.0349363
0.035429
0.0338554
0.0342846
0.0346979
0.0326792
0.031662
0.0301997
0.0285149
0.0271956
0.025177
0.0269572
0.0240644
0.0229359
0.0227928
0.0219504
0.0217597
0.0222047
0.0207901
0.0201861
0.0197411
0.0181516
0.0184854
0.018088
0.0177383
0.0181834
0.0174681
0.0177383
0.0166893
0.0169118
0.015831
0.016737
0.0162443
0.0151475
0.0160535
0.0157992
0.0148137
0.0150204
0.0147978
0.0145594
0.0142574
0.0146389
0.0140349
0.0148137
0.0150522
0.0138919
0.0149091
0.0138919
0.0144005
0.0129859
0.0144323
0.0137011
0.0137329
0.0136216
0.0132243
0.0136693
0.0136534
0.0139078
0.0140985
0.0133355
0.0155926
0.0152111
0.0156085
0.0167847
0.01688
0.0183105
0.02141
0.0243346
0.0296593
0.0340621
0.0407696
0.0485738
0.0577927
0.0665188
0.0769456
0.0880877
0.102822
0.121975
0.140254
0.169627
0.21019
0.257778
0.305144
0.34221
0.392548
0.446733
0.535663
0.646289
0.78783
0.942469
1.11
1.28605
1.45313
1.62314
1.74707
1.86992
2.03327
2.25409
2.51101
2.73973
2.93063
3.11376
3.2495
3.38777
3.55374
3.81366
4.05782
4.23433
4.19567
3.95907
3.70345
3.63889
3.85235
4.33362
4.92744
5.13248
4.56065
3.3079
1.87154
0.834974
0.338189
0.144164
0.0612418
0.0304381
0.0173569
0.00912348
0.0049909
0.00259082
0.00130335
0.000715256
0.000238419
4.76837e-05
0
1.58946e-05
0
0
0
0
0
0
0
0
0
0
0
0
0
0
0
0
0
0
0
0
0
0
0
0
0
0
0
0
0
0
0
0
0
0
0
0
0
0
0
0
0
0
0
0
0
0
0
0
0
0
0
0
0
0
0
0
0
0
0
0
0
0
0
0
0
0
0
0
0
0
0
0
0
0
0
0
0
0
0
0
0
0
0
0
0
0
0
0
0
0
0
0
