0.0299295
0.00341733
0.00414848
0.00427564
0.00452995
0.00529289
0.00642141
0.00816981
0.010252
0.0127633
0.0160217
0.0189145
0.023063
0.0266711
0.030899
0.0350952
0.0386079
0.0452677
0.0455379
0.0430743
0.0408808
0.037384
0.0335217
0.0299136
0.0269413
0.0242392
0.0212987
0.0200272
0.0188351
0.0171026
0.0165145
0.017341
0.0165939
0.0174363
0.01688
0.0185013
0.0195344
0.0189463
0.0184059
0.0183105
0.0181357
0.0154654
0.0135581
0.0131289
0.0119209
0.0123978
0.00998179
0.0106017
0.0100772
0.00912348
0.00882149
0.00871023
0.00785192
0.0078996
0.0082016
0.00758171
0.00788371
0.00707308
0.00750224
0.00750224
0.0070413
0.00700951
0.00654856
0.00727971
0.00677109
0.00634193
0.00629425
0.00659625
0.00653267
0.0067393
0.00624657
0.00600815
0.00651677
0.00605583
0.00661214
0.00670751
0.0058651
0.00589689
0.00567436
0.0061512
0.00535647
0.00535647
0.00562668
0.00594457
0.00637372
0.00576973
0.00592868
0.00634193
0.00681877
0.00616709
0.00632604
0.00640551
0.00638962
0.00648499
0.00683467
0.00688235
0.00723203
0.00753403
0.00786781
0.00767708
0.00847181
0.00812213
0.00904401
0.0101248
0.011762
0.0125726
0.0159582
0.0187238
0.0235717
0.026083
0.0344753
0.0386397
0.0488281
0.0623703
0.0794093
0.108051
0.154972
0.220219
0.314188
0.442346
0.586303
0.740687
0.868622
0.964467
1.03113
1.08279
1.12351
1.17157
1.24253
1.31939
1.40686
1.52952
1.68281
1.83131
1.97857
2.09428
2.18736
2.24681
2.20278
2.07717
1.89503
1.77329
1.73305
1.74475
1.80596
1.87004
1.96199
2.09649
2.25197
2.41928
2.54575
2.61083
2.62008
2.50349
2.3965
2.30072
2.22553
2.09716
1.98549
1.9008
1.87677
1.92259
2.04431
2.20098
2.3483
2.48504
2.54002
2.3712
1.96743
1.57665
1.19564
0.817808
0.557534
0.372871
0.250944
0.163237
0.0975291
0.0533422
0.0273387
0.0141939
0.0081857
0.00521342
0.00422796
0.00303586
0.0026226
0.00217756
0.00192324
0.00179609
0.00158946
0.0011762
0.00125567
0.00093778
0.000921885
0.000826518
0.00073115
0.000619888
0.000397364
0.000301997
0.000349681
0.000270208
0.000143051
0.000111262
4.76837e-05
7.94729e-05
4.76837e-05
4.76837e-05
3.17891e-05
1.58946e-05
0
0
0
0
0
0
0
0
0
0
0
0
0
0
0
0
0
0
0
0
0
0
0
0
0
0
0
0
0
0
0
0
0
0
0
0
0
0
0
0
0
0
0
0
0
0
0
0
