0.0081857
0.00243187
0.00338554
0.00391006
0.00503858
0.00658035
0.00681877
0.00812213
0.00942548
0.0114759
0.0132402
0.0153701
0.0190417
0.0193914
0.0223319
0.0231425
0.0249545
0.0259876
0.0275135
0.0241597
0.0226021
0.0195662
0.0179768
0.0182152
0.0163873
0.0151634
0.0139872
0.0123183
0.010856
0.00950495
0.00933011
0.00882149
0.00780423
0.00778834
0.00712077
0.00720024
0.00627836
0.0061353
0.00602404
0.00583331
0.00580152
0.0058651
0.00564257
0.00546773
0.00518163
0.00538826
0.00553131
0.00543594
0.00602404
0.00588099
0.00561078
0.00572205
0.0049909
0.00619888
0.00567436
0.00602404
0.00567436
0.00580152
0.00623067
0.00619888
0.00623067
0.00616709
0.00650088
0.00603994
0.00634193
0.00599225
0.00576973
0.00634193
0.00624657
0.00642141
0.00646909
0.0064532
0.0067393
0.00626246
0.00726382
0.00726382
0.00693003
0.00693003
0.0073274
0.00653267
0.00697772
0.00745455
0.00737508
0.00723203
0.00788371
0.00764529
0.00783602
0.00797908
0.00840823
0.00782013
0.00844002
0.00982285
0.0106176
0.0107447
0.0124137
0.0144164
0.0180721
0.0222047
0.031662
0.0432809
0.0695864
0.103521
0.158978
0.229454
0.316175
0.417693
0.532802
0.654062
0.768995
0.839821
0.889889
0.907421
0.912476
0.915098
0.946744
0.980934
1.03885
1.07505
1.0898
1.06112
1.06018
1.0989
1.19783
1.32589
1.45295
1.61088
1.746
1.94194
2.17393
2.41041
2.58996
2.6902
2.66662
2.58034
2.40517
2.19943
1.99321
1.8369
1.73095
1.68967
1.6785
1.64391
1.5474
1.43832
1.3288
1.22102
1.15873
1.13325
1.10784
1.0575
0.970411
0.895278
0.876872
0.878827
0.880623
0.871023
0.839949
0.771856
0.711727
0.68628
0.674915
0.69348
0.731277
0.733058
0.713174
0.691557
0.671164
0.655905
0.635036
0.615597
0.599432
0.613626
0.618076
0.627534
0.630124
0.636419
0.634066
0.625992
0.605981
0.594966
0.577958
0.542307
0.520547
0.48612
0.453806
0.435257
0.421302
0.404962
0.39463
0.366036
0.355371
0.336218
0.317621
0.305796
0.308355
0.315921
0.312392
0.318321
0.312964
0.304302
0.298119
0.265137
0.257444
0.266282
0.278664
0.28553
0.287008
0.268618
0.243139
0.211287
0.181357
0.165526
0.151316
0.13415
0.114759
0.09799
0.0858307
0.0810782
0.0824451
0.0852585
0.0824293
0.0817617
0.0668526
0.0456651
0.0311852
0.0180562
0.0104904
0.00567436
0.00375112
0.00104904
0.000286102
4.76837e-05
1.58946e-05
0
0
0
0
0
0
0
0
0
0
0
0
0
0
0
0
0
0
0
0
0
0
0
