0.0124454
0.00257492
0.00325839
0.00295639
0.00368754
0.00414848
0.00457764
0.00537237
0.00824928
0.011301
0.0162601
0.0246525
0.035731
0.0478745
0.0564734
0.056839
0.0516256
0.045077
0.0354608
0.0297228
0.0234763
0.0197887
0.0177224
0.0153542
0.0122865
0.0120481
0.0100931
0.00834465
0.00759761
0.00691414
0.00677109
0.00648499
0.00626246
0.00631015
0.00537237
0.0052611
0.00492732
0.00470479
0.00435511
0.00435511
0.00492732
0.00441869
0.00456174
0.00462532
0.00473658
0.00514984
0.00421206
0.00441869
0.00449816
0.00460943
0.004673
0.00462532
0.00502268
0.00446637
0.00510216
0.00507037
0.00549952
0.00492732
0.00518163
0.00553131
0.00546773
0.00483195
0.00538826
0.00507037
0.00599225
0.00557899
0.00535647
0.00599225
0.00573794
0.00562668
0.00616709
0.00591278
0.00576973
0.00572205
0.00651677
0.00583331
0.00637372
0.00569026
0.00597636
0.00619888
0.00658035
0.00583331
0.00637372
0.00607173
0.00569026
0.00603994
0.00588099
0.00607173
0.00553131
0.00629425
0.00626246
0.00608762
0.00592868
0.00611941
0.00542005
0.00658035
0.00592868
0.00602404
0.00648499
0.00642141
0.0067393
0.00743866
0.00656446
0.00750224
0.00751813
0.00743866
0.00727971
0.00799497
0.00807444
0.00861486
0.00940959
0.0100295
0.0105699
0.0107606
0.013272
0.0155767
0.019757
0.0268936
0.0461737
0.0788689
0.134198
0.220919
0.338093
0.492652
0.677077
0.854572
1.02278
1.18494
1.35412
1.52168
1.6868
1.85337
2.08508
2.34364
2.56794
2.89257
3.42679
4.15201
4.82663
5.23335
5.34957
5.2052
4.8354
4.32115
3.886
3.49936
3.1871
3.0021
2.8907
2.77279
2.62974
2.45961
2.2011
1.91038
1.65768
1.53964
1.47967
1.35655
1.16115
0.918468
0.693019
0.526317
0.419903
0.354433
0.325362
0.301584
0.280507
0.235955
0.181071
0.123485
0.0685374
0.0345548
0.0153065
0.0061353
0.00268618
0.00106494
0.000588099
0.00038147
0.000158946
3.17891e-05
1.58946e-05
3.17891e-05
0
0
0
0
0
0
0
0
0
0
0
0
0
0
0
0
0
0
0
0
0
0
0
0
0
0
0
0
0
0
0
0
0
0
0
0
0
0
0
0
0
0
0
0
0
0
0
0
0
0
0
0
0
0
0
0
0
0
0
0
0
0
0
0
0
0
0
0
0
0
0
0
0
0
