0.0160694
0.00309944
0.00297228
0.00341733
0.00373522
0.00437101
0.00529289
0.00707308
0.00840823
0.0107765
0.0137329
0.0182311
0.0219504
0.0237783
0.0290712
0.0307401
0.0283082
0.0266711
0.0212828
0.018549
0.0153859
0.0140508
0.0126521
0.0123819
0.0108719
0.010554
0.00839233
0.0079155
0.00742277
0.00720024
0.00670751
0.00665983
0.00678698
0.00599225
0.00596046
0.00510216
0.00492732
0.00483195
0.00481606
0.00430743
0.00448227
0.004975
0.00445048
0.00427564
0.00494321
0.00481606
0.00460943
0.00411669
0.00448227
0.0041008
0.00433922
0.00425975
0.00441869
0.00448227
0.00424385
0.00454585
0.00449816
0.00452995
0.00422796
0.00392596
0.00441869
0.00413259
0.00481606
0.00392596
0.00443459
0.00446637
0.00480016
0.0046889
0.0044028
0.00491142
0.00538826
0.00505447
0.00508626
0.00510216
0.00596046
0.00551542
0.00514984
0.00545184
0.0058492
0.0058492
0.00561078
0.00608762
0.00642141
0.0061353
0.00605583
0.00642141
0.00661214
0.00648499
0.0061512
0.0064373
0.00610352
0.0064532
0.00689824
0.00680288
0.00721614
0.00766118
0.00834465
0.00912348
0.0112375
0.0138601
0.0174522
0.0210126
0.0269731
0.0363032
0.0473976
0.065438
0.0916958
0.122404
0.156053
0.200446
0.239754
0.284815
0.325743
0.366926
0.414228
0.461642
0.512234
0.572125
0.638803
0.719261
0.804663
0.914478
1.06122
1.24094
1.47352
1.66621
1.75681
1.80747
1.80084
1.74603
1.688
1.64935
1.66589
1.74896
1.9331
2.08991
2.19286
2.15244
2.05034
2.01516
2.07783
2.18101
2.28866
2.30694
2.22195
2.10454
2.0202
1.93588
1.87486
1.88514
1.99561
2.07682
2.0425
1.89528
1.73483
1.56852
1.35746
1.12918
0.956392
0.859118
0.808175
0.80932
0.834354
0.865269
0.913572
0.94765
0.975784
0.999943
1.00263
1.04748
1.12871
1.1538
1.17702
1.22685
1.23582
1.24365
1.33603
1.4383
1.52818
1.39065
0.953833
0.502618
0.22947
0.0986258
0.0386079
0.0153224
0.0061512
0.00287692
0.0014623
0.000778834
0.000333786
0.00017484
6.35783e-05
4.76837e-05
4.76837e-05
0
0
1.58946e-05
3.17891e-05
0
0
0
0
0
0
0
0
0
0
0
0
0
0
0
0
0
0
0
0
0
0
0
0
0
0
0
0
0
0
0
0
0
0
0
0
0
0
0
0
0
0
0
0
0
0
0
0
0
0
0
0
0
0
0
0
0
