0.0232538
0.00340144
0.00376701
0.00413259
0.004673
0.00542005
0.00650088
0.00685056
0.00836054
0.0119209
0.0161171
0.0232379
0.0304858
0.0343959
0.0418822
0.0437895
0.0425021
0.0399748
0.0368277
0.0310421
0.0279744
0.0247002
0.0217756
0.0199954
0.0176907
0.0168324
0.0158628
0.0132561
0.0132402
0.0124772
0.0114759
0.0108242
0.0103474
0.00918706
0.00866254
0.00863075
0.00794729
0.00750224
0.00739098
0.00775655
0.00669161
0.00699361
0.00659625
0.00688235
0.00621478
0.00688235
0.00693003
0.0064373
0.00667572
0.00670751
0.00654856
0.00734329
0.00680288
0.00635783
0.00659625
0.00670751
0.00751813
0.00658035
0.00739098
0.00747045
0.00696182
0.00667572
0.00678698
0.00729561
0.00747045
0.0067234
0.00724792
0.00727971
0.00821749
0.00678698
0.00715256
0.00762939
0.0076135
0.00707308
0.00762939
0.0070413
0.00729561
0.00774066
0.00793139
0.00871023
0.00778834
0.00796318
0.00816981
0.00834465
0.00883738
0.00809034
0.00747045
0.00831286
0.00807444
0.00793139
0.00824928
0.00751813
0.00853539
0.00815392
0.00871023
0.00844002
0.00812213
0.00883738
0.00856717
0.00933011
0.00882149
0.00972748
0.00969569
0.0102997
0.0105381
0.0108878
0.0122388
0.0137647
0.0166734
0.0183582
0.0220458
0.0270526
0.0317574
0.0390689
0.0504812
0.0584761
0.0768344
0.0912348
0.120131
0.15138
0.187333
0.215101
0.244029
0.267537
0.27736
0.287501
0.304159
0.345898
0.381454
0.41604
0.438325
0.464582
0.493813
0.525888
0.596841
0.674216
0.729291
0.77467
0.815074
0.889715
1.00187
1.18151
1.41549
1.67918
1.9482
2.19186
2.42467
2.68329
2.9915
3.27404
3.52252
3.80235
3.9811
4.04995
4.16133
4.29573
4.28901
4.19105
4.00271
3.79672
3.58674
3.38054
3.14167
2.88542
2.55354
2.20183
1.88595
1.58559
1.30822
1.08695
0.934823
0.821511
0.716909
0.596094
0.457398
0.315094
0.186698
0.0944614
0.0461578
0.0229836
0.012811
0.00788371
0.00513395
0.00360807
0.0029246
0.00282923
0.00230471
0.00170072
0.00155767
0.00152588
0.000905991
0.000810623
0.000826518
0.000747045
0.000524521
0.000413259
0.00038147
0.000158946
0.000286102
9.53674e-05
0.000222524
0.000111262
3.17891e-05
3.17891e-05
3.17891e-05
3.17891e-05
3.17891e-05
1.58946e-05
0
0
0
0
0
0
0
0
0
0
0
0
0
0
0
0
0
0
0
0
0
0
0
0
0
0
0
0
0
0
0
0
0
0
0
0
0
0
0
0
0
0
0
0
0
0
0
0
