0.0394185
0.00567436
0.00650088
0.00723203
0.00751813
0.00809034
0.00926654
0.0106812
0.0119686
0.014321
0.0155449
0.0181198
0.0193755
0.0226498
0.0229359
0.0268618
0.0271002
0.0282447
0.0245571
0.0221093
0.0185013
0.017484
0.015974
0.0142097
0.0130971
0.0127474
0.011603
0.0100931
0.0100931
0.00832876
0.00748634
0.00721614
0.00712077
0.00651677
0.00712077
0.00691414
0.00619888
0.00602404
0.00510216
0.00518163
0.0052611
0.00507037
0.00473658
0.00530879
0.00454585
0.00481606
0.00513395
0.00508626
0.00511805
0.0043869
0.00454585
0.00465711
0.00465711
0.00489553
0.00449816
0.00402133
0.00443459
0.00487963
0.00473658
0.00449816
0.00473658
0.00435511
0.00456174
0.00502268
0.00464122
0.00483195
0.005277
0.00529289
0.00596046
0.00640551
0.00557899
0.00626246
0.00680288
0.00753403
0.00977516
0.0111421
0.0151634
0.0214259
0.030899
0.0450293
0.0591755
0.0775496
0.0966867
0.113789
0.132179
0.141366
0.147978
0.14658
0.138172
0.134071
0.12722
0.125265
0.118049
0.117366
0.114218
0.115236
0.114075
0.118732
0.119479
0.126489
0.131989
0.136741
0.14135
0.146977
0.156085
0.154416
0.148487
0.142002
0.138219
0.141319
0.145515
0.15289
0.160901
0.170835
0.183105
0.196679
0.222254
0.244761
0.27798
0.314744
0.352097
0.393327
0.430536
0.462055
0.488869
0.519689
0.554514
0.612402
0.693623
0.798003
0.92233
1.04362
1.1445
1.20207
1.19913
1.18982
1.17585
1.19087
1.18856
1.19732
1.19386
1.18316
1.17672
1.17183
1.16688
1.16123
1.13057
1.15665
1.21838
1.29523
1.36876
1.44793
1.50124
1.55247
1.66467
1.78946
1.89323
1.92013
1.92682
1.96622
2.11873
2.35723
2.57827
2.68161
2.67628
2.6576
2.63302
2.62152
2.68067
2.73142
2.79476
2.81927
2.74013
2.61739
2.55604
2.3706
2.06525
1.65434
1.11135
0.620349
0.301266
0.129239
0.0529289
0.0232538
0.00969569
0.00457764
0.00252724
0.00173251
0.000810623
0.000508626
0.000349681
0.000238419
4.76837e-05
0.000111262
4.76837e-05
3.17891e-05
1.58946e-05
1.58946e-05
1.58946e-05
1.58946e-05
1.58946e-05
0
0
0
0
0
0
0
0
0
0
0
0
0
0
0
0
0
0
0
0
0
0
0
0
0
0
0
0
0
0
0
0
0
0
0
0
0
0
0
0
0
0
0
0
0
0
0
0
0
0
0
0
0
0
0
