0.0298023
0.00445048
0.00507037
0.0052611
0.00537237
0.00631015
0.00743866
0.0090917
0.010252
0.0136058
0.0168006
0.0237306
0.0301202
0.0341574
0.0367006
0.0374158
0.0357628
0.0320435
0.0308514
0.026989
0.0245571
0.0206312
0.0174999
0.0154177
0.0150522
0.0124137
0.0116984
0.0106176
0.00925064
0.00754992
0.00786781
0.00775655
0.00743866
0.00720024
0.00727971
0.00635783
0.00602404
0.00578562
0.00557899
0.00537237
0.00532468
0.00494321
0.00542005
0.00567436
0.00573794
0.00559489
0.00557899
0.00576973
0.00522931
0.00508626
0.00513395
0.00534058
0.00549952
0.00570615
0.00575384
0.00540415
0.00473658
0.00532468
0.00562668
0.00551542
0.00530879
0.00540415
0.00578562
0.00561078
0.00553131
0.00559489
0.00591278
0.00594457
0.00603994
0.00623067
0.00653267
0.00602404
0.00699361
0.00646909
0.00689824
0.00650088
0.00721614
0.00688235
0.0070413
0.00685056
0.00750224
0.00759761
0.00786781
0.00756582
0.0070254
0.00802676
0.00804265
0.00861486
0.00882149
0.00863075
0.0084877
0.00793139
0.00886917
0.00888507
0.00925064
0.00950495
0.00885328
0.00999769
0.00896454
0.00955264
0.00995
0.0105063
0.0110308
0.0107129
0.0106335
0.0120322
0.0124296
0.0124137
0.0131607
0.0148137
0.0177701
0.0209649
0.0261466
0.0320117
0.0418027
0.0549157
0.0697295
0.0873407
0.119559
0.16009
0.198476
0.22459
0.253105
0.282065
0.30934
0.344165
0.398191
0.455205
0.499392
0.554164
0.628424
0.744502
0.897233
1.06956
1.23452
1.3323
1.38143
1.37882
1.35558
1.34854
1.334
1.31337
1.30383
1.2331
1.13991
1.09067
1.08412
1.09995
1.11748
1.14373
1.16852
1.21158
1.29466
1.35924
1.44777
1.50913
1.47201
1.43965
1.43747
1.48428
1.6722
2.03422
2.44258
2.69793
2.75615
2.64931
2.48663
2.36915
2.27737
2.20353
2.1386
2.10684
2.15855
2.24864
2.29173
2.36236
2.41547
2.42756
2.37913
2.18519
1.8833
1.59399
1.3207
1.11618
1.01013
0.990057
1.00179
0.934092
0.70955
0.443316
0.213512
0.0846386
0.0332514
0.0135263
0.00623067
0.00252724
0.0011762
0.00055631
0.000317891
0.000190735
0
0
0
0
0
0
0
0
0
0
0
0
0
0
0
0
0
0
0
0
0
0
0
0
0
0
0
0
0
0
0
0
0
0
0
0
0
0
0
0
0
0
0
0
0
0
0
0
0
0
0
0
0
0
0
0
