0.032409
0.00365575
0.00411669
0.00418027
0.00483195
0.00456174
0.00460943
0.00483195
0.00576973
0.00607173
0.00658035
0.00742277
0.00834465
0.00988642
0.0113328
0.0121752
0.0135104
0.016276
0.0180403
0.0186761
0.0216325
0.0221888
0.0224272
0.0221729
0.0195344
0.0189463
0.0174681
0.0159105
0.0144958
0.0142892
0.012064
0.0118097
0.00999769
0.00942548
0.00845591
0.00799497
0.00710487
0.00745455
0.00646909
0.00646909
0.00597636
0.0058651
0.00537237
0.00478427
0.0046889
0.00511805
0.00476837
0.00441869
0.00460943
0.00430743
0.00422796
0.00460943
0.00443459
0.00427564
0.00414848
0.00333786
0.00359217
0.00375112
0.00359217
0.0040849
0.00362396
0.00392596
0.00367165
0.00349681
0.00335375
0.00344912
0.00335375
0.0032107
0.0029246
0.00295639
0.00336965
0.00367165
0.00356038
0.00305176
0.00384649
0.00332197
0.00329018
0.0032266
0.0038147
0.00303586
0.00376701
0.0035127
0.00359217
0.00352859
0.0035127
0.00336965
0.00335375
0.00336965
0.00341733
0.00376701
0.00363986
0.00343323
0.00314713
0.00395775
0.00375112
0.00367165
0.0038147
0.00383059
0.00397364
0.00370344
0.00391006
0.00418027
0.00406901
0.00432332
0.00397364
0.00445048
0.00451406
0.00437101
0.00459353
0.00451406
0.00441869
0.0049909
0.00478427
0.00487963
0.00591278
0.00559489
0.00532468
0.00594457
0.0055631
0.00654856
0.00678698
0.00608762
0.00638962
0.00667572
0.00678698
0.00756582
0.00762939
0.0087738
0.00926654
0.0107765
0.0115712
0.0152588
0.018994
0.0252883
0.0319004
0.0432491
0.0545502
0.0718911
0.094684
0.128539
0.170342
0.226498
0.274277
0.339619
0.414848
0.507577
0.584237
0.641076
0.65883
0.649802
0.639343
0.611369
0.579294
0.521358
0.468953
0.438277
0.42909
0.432269
0.448672
0.481606
0.551414
0.667906
0.795507
0.903972
0.954024
0.983763
1.03141
1.0921
1.12267
1.16811
1.24763
1.36973
1.5193
1.69377
1.87341
2.01694
2.10827
2.13423
2.12436
2.16955
2.24946
2.306
2.31811
2.26898
2.22106
2.13207
2.05065
2.05223
2.10028
2.16727
2.13014
1.99415
1.81794
1.67179
1.53437
1.42776
1.33586
1.24963
1.20953
1.18032
1.16156
1.12348
1.11782
1.09816
1.06066
1.03415
0.99473
0.983683
0.969267
0.891972
0.762765
0.656525
0.578594
0.532055
0.513124
0.523472
0.530879
0.539748
0.543133
0.525538
0.521533
0.517639
0.517702
0.517448
0.529846
0.510899
0.485786
0.474532
0.511742
0.575972
0.587797
0.582409
0.502364
0.324933
0.221999
0.171407
0.134357
0.116603
0.091807
0.0682513
0.0346184
0.0154654
0.00575384
0.00122388
0.000190735
6.35783e-05
0
0
0
0
0
0
0
0
0
0
