0.0412146
0.00271797
0.00298818
0.0029246
0.00335375
0.00356038
0.00433922
0.00437101
0.00602404
0.00826518
0.0105699
0.0137329
0.0165939
0.0199318
0.0223955
0.0249704
0.0270208
0.0290076
0.0302315
0.0298818
0.0296116
0.026528
0.0230471
0.0232538
0.0197252
0.0187397
0.0176112
0.0156403
0.0138442
0.0132561
0.011603
0.0106653
0.0101248
0.00885328
0.00742277
0.00716845
0.00708898
0.0070254
0.00597636
0.00602404
0.00505447
0.00529289
0.00487963
0.00457764
0.0046889
0.00421206
0.00460943
0.00416438
0.00437101
0.00432332
0.00459353
0.0035127
0.00383059
0.00373522
0.00341733
0.00394185
0.00414848
0.00359217
0.00376701
0.00346502
0.00343323
0.0032107
0.00341733
0.00329018
0.00373522
0.00327428
0.00325839
0.00327428
0.00314713
0.00383059
0.00371933
0.00403722
0.00445048
0.00537237
0.0070413
0.00940959
0.0132084
0.0182629
0.0246843
0.0324885
0.0436465
0.0591119
0.0807285
0.109053
0.14898
0.193278
0.239182
0.290839
0.334549
0.368977
0.390148
0.398461
0.404406
0.407267
0.404056
0.411415
0.415119
0.406186
0.407934
0.417058
0.432444
0.455602
0.470352
0.491524
0.487343
0.471576
0.463756
0.444365
0.44241
0.449944
0.467348
0.468016
0.485086
0.501394
0.523249
0.545327
0.572364
0.610956
0.654459
0.688918
0.701141
0.72306
0.730133
0.742912
0.738796
0.715065
0.700458
0.721884
0.773366
0.842476
0.902271
0.92694
0.917466
0.882228
0.864887
0.849104
0.841999
0.855796
0.876856
0.909233
0.943661
0.969887
0.963481
0.933536
0.892607
0.866143
0.868479
0.89399
0.94916
1.00018
1.00292
0.996335
1.01239
1.06958
1.15862
1.26333
1.31405
1.3652
1.42967
1.48962
1.52337
1.56407
1.59397
1.61424
1.59456
1.52911
1.45027
1.41606
1.417
1.38006
1.32221
1.25759
1.22803
1.17847
1.09596
1.00447
0.949176
0.875918
0.836595
0.836849
0.875696
0.907199
0.921265
0.882769
0.857369
0.87134
0.879447
0.87479
0.864998
0.824579
0.775321
0.729163
0.700188
0.696421
0.718149
0.74118
0.730165
0.677919
0.630808
0.589053
0.557311
0.524569
0.49963
0.465409
0.371122
0.263659
0.185919
0.150013
0.135024
0.116364
0.105858
0.100962
0.0934124
0.0861168
0.0789642
0.0651042
0.0559171
0.0460625
0.0405312
0.0415802
0.0320435
0.0243982
0.0215054
0.0170231
0.0108083
0.00691414
0.00259082
0.000826518
0.000429153
0.000127157
9.53674e-05
4.76837e-05
6.35783e-05
0
1.58946e-05
0
1.58946e-05
0
0
0
0
0
0
0
0
0
0
0
0
0
0
0
0
0
0
0
