0.0117143
0.0032107
0.0043869
0.00487963
0.00597636
0.00723203
0.00955264
0.0143528
0.019598
0.0270526
0.0353336
0.0427882
0.046126
0.0484943
0.0516891
0.0527223
0.0528495
0.0538826
0.0525475
0.047334
0.041151
0.0346343
0.0291824
0.0268459
0.0229041
0.0197728
0.0164032
0.0143846
0.0122229
0.0120322
0.0113487
0.01146
0.0110149
0.0106812
0.00963211
0.00980695
0.0090917
0.00861486
0.00869433
0.00786781
0.00801086
0.00772476
0.00708898
0.00839233
0.00815392
0.00836054
0.00774066
0.00802676
0.0081857
0.0081857
0.00836054
0.00802676
0.00869433
0.00851949
0.0082016
0.00805855
0.00839233
0.00875791
0.0085036
0.00861486
0.00883738
0.00917117
0.00999769
0.00987053
0.00979106
0.0101089
0.0109831
0.0104427
0.0107924
0.0109673
0.0110785
0.0111262
0.0105063
0.0110944
0.011603
0.0124454
0.0112375
0.0114759
0.011762
0.0121117
0.0121752
0.0137965
0.0133197
0.013876
0.0133355
0.0145753
0.0149727
0.0149886
0.0161966
0.0159899
0.0172774
0.0177542
0.0187874
0.0207106
0.0231107
0.0280062
0.0351588
0.0472228
0.0699997
0.11185
0.177081
0.260512
0.343005
0.420682
0.477743
0.545057
0.590785
0.653426
0.7387
0.847451
0.986513
1.15984
1.34341
1.51699
1.64487
1.74057
1.78124
1.78396
1.75972
1.6767
1.60027
1.56946
1.52473
1.48873
1.48201
1.51067
1.57954
1.67168
1.78828
1.93575
2.12237
2.27062
2.35262
2.37923
2.41057
2.43279
2.43187
2.43986
2.48076
2.48141
2.39582
2.25978
2.07472
1.83662
1.68115
1.63647
1.69123
1.77873
1.85858
1.94791
1.991
1.87165
1.72002
1.60778
1.50755
1.42004
1.32895
1.14395
0.962019
0.782156
0.627375
0.507132
0.406059
0.323359
0.268237
0.233666
0.20628
0.176462
0.155973
0.137917
0.128444
0.12207
0.112486
0.0959396
0.0887712
0.0816822
0.0782967
0.078551
0.0685374
0.0640074
0.057141
0.0512123
0.0489235
0.0458717
0.0416597
0.0326633
0.0174363
0.00783602
0.00327428
0.00166893
0.00073115
0.00038147
0.000254313
9.53674e-05
1.58946e-05
0
0
0
0
0
0
0
0
0
0
0
0
0
0
0
0
0
0
0
0
0
0
0
0
0
0
0
0
0
0
0
0
0
0
0
0
0
0
0
0
0
0
0
0
0
0
0
0
0
0
0
0
0
0
0
0
0
0
0
0
0
