0.0169118
0.00289281
0.0032107
0.00416438
0.00505447
0.00710487
0.0103156
0.0161807
0.0222047
0.0256856
0.0343641
0.0512759
0.0729879
0.0878811
0.0890891
0.0820796
0.0725269
0.0638803
0.0602881
0.0573794
0.0492891
0.0436465
0.0398477
0.0338395
0.0309149
0.0279268
0.0225226
0.0202497
0.0182788
0.0180244
0.0144482
0.0130177
0.013113
0.0122547
0.0106653
0.0108719
0.0102202
0.00948906
0.00902812
0.00836054
0.00859896
0.00883738
0.00904401
0.00869433
0.00824928
0.00863075
0.00824928
0.00799497
0.00828107
0.00782013
0.00855128
0.00759761
0.00793139
0.00810623
0.00777245
0.0076135
0.00747045
0.00707308
0.00661214
0.00712077
0.0070254
0.00716845
0.00727971
0.00753403
0.00785192
0.0070413
0.00720024
0.00723203
0.00756582
0.00726382
0.00708898
0.00726382
0.00708898
0.00737508
0.00759761
0.00723203
0.0073274
0.00775655
0.00729561
0.00759761
0.00794729
0.00758171
0.00804265
0.0081857
0.00783602
0.0081857
0.00831286
0.00886917
0.00786781
0.00799497
0.00826518
0.00967979
0.00918706
0.00944138
0.00934601
0.0109037
0.0112216
0.0127633
0.0146866
0.0181039
0.023222
0.0290235
0.0325839
0.0380357
0.0460148
0.0503381
0.0573158
0.0672658
0.0748952
0.0861009
0.10616
0.122865
0.149504
0.168737
0.191498
0.205263
0.223557
0.23524
0.249736
0.259686
0.269016
0.288105
0.330353
0.405423
0.512632
0.663916
0.868781
1.12265
1.38803
1.6994
1.9918
2.21736
2.35092
2.36837
2.3512
2.32073
2.27019
2.28834
2.36955
2.47245
2.50309
2.46426
2.38242
2.30368
2.21836
2.12741
2.07183
2.07632
2.13496
2.20571
2.28135
2.34256
2.34326
2.32617
2.41378
2.56861
2.67793
2.66706
2.50584
2.29685
2.12944
2.01068
1.85574
1.62191
1.31194
1.02104
0.842476
0.733344
0.704288
0.742118
0.80541
0.864808
0.833702
0.72039
0.591548
0.470654
0.368086
0.285371
0.213194
0.14267
0.0825405
0.0406901
0.0159582
0.0058492
0.00244776
0.00127157
0.000905991
0.000508626
0.000190735
6.35783e-05
6.35783e-05
3.17891e-05
0
3.17891e-05
0
0
0
0
0
0
0
0
0
0
0
0
0
0
0
0
0
0
0
0
0
0
0
0
0
0
0
0
0
0
0
0
0
0
0
0
0
0
0
0
0
0
0
0
0
0
0
0
0
0
0
0
0
0
0
0
0
0
0
0
0
0
