0.0397046
0.00395775
0.0044028
0.00470479
0.00437101
0.00452995
0.00491142
0.00570615
0.00600815
0.00778834
0.00964801
0.0101725
0.0121435
0.0138919
0.0158787
0.0191689
0.0203451
0.0214418
0.0244776
0.0246048
0.0236034
0.0225703
0.0215371
0.0195026
0.0190735
0.0166416
0.0163237
0.0149568
0.0133673
0.012668
0.0111739
0.0113169
0.00920296
0.00863075
0.00802676
0.00809034
0.00697772
0.00656446
0.00618299
0.00632604
0.00521342
0.00502268
0.00530879
0.00522931
0.00505447
0.00456174
0.00443459
0.00500679
0.00480016
0.00503858
0.00446637
0.00411669
0.00421206
0.00400543
0.0046889
0.00398954
0.00363986
0.00414848
0.00386238
0.00406901
0.0037988
0.00391006
0.00394185
0.00376701
0.00360807
0.00376701
0.00383059
0.00391006
0.00333786
0.0037988
0.00357628
0.00359217
0.00363986
0.00368754
0.00405312
0.0041008
0.00378291
0.00395775
0.00405312
0.00416438
0.00454585
0.00449816
0.00557899
0.00553131
0.00654856
0.00775655
0.00969569
0.0115077
0.0176748
0.0252406
0.0422796
0.0669956
0.111326
0.176334
0.268793
0.371663
0.472323
0.551128
0.589387
0.583617
0.554784
0.525618
0.507657
0.485881
0.465695
0.442934
0.424925
0.412273
0.405264
0.394948
0.39266
0.397476
0.39773
0.398111
0.398191
0.414642
0.452264
0.495942
0.541115
0.613165
0.700633
0.784731
0.824118
0.829474
0.840314
0.874043
0.943613
1.00419
1.0025
0.956567
0.889111
0.878382
0.905418
0.933282
0.980632
1.00088
1.01992
1.04489
1.07266
1.09919
1.11044
1.09557
1.09905
1.11566
1.17385
1.29307
1.4428
1.56751
1.64091
1.70852
1.77285
1.83283
1.90832
1.90511
1.86127
1.78095
1.68993
1.59341
1.50914
1.43476
1.3735
1.31691
1.24539
1.19569
1.16777
1.15261
1.16145
1.17791
1.17836
1.15682
1.09334
0.976658
0.854095
0.784445
0.765053
0.739018
0.72813
0.714207
0.711584
0.688171
0.652631
0.600608
0.569344
0.545772
0.542212
0.54129
0.534074
0.490904
0.440725
0.401274
0.386826
0.387319
0.400575
0.422748
0.454903
0.461467
0.471354
0.452312
0.425164
0.391197
0.363334
0.359424
0.379419
0.389783
0.386349
0.383806
0.39161
0.402927
0.43176
0.441964
0.438913
0.41914
0.391706
0.357548
0.334072
0.308736
0.258398
0.219091
0.186046
0.17759
0.18851
0.192356
0.185188
0.147152
0.0979741
0.0545184
0.0346502
0.0226021
0.013876
0.00751813
0.00324249
0.00141462
0.000762939
0.000778834
0.000778834
0.00073115
0.000635783
0.000683467
0.000603994
0.000301997
0.000397364
0.000429153
0.000619888
0.000429153
0.000317891
0.000397364
0.000413259
0.000445048
0.000349681
0.000524521
0.000365575
0.000301997
0.000429153
0.000365575
0.000476837
0.00209808
