0.00149409
0.00168482
0.00244776
0.00432332
0.00654856
0.0111103
0.0155926
0.0226021
0.0291665
0.0382264
0.0420252
0.043726
0.0445684
0.0432809
0.0410557
0.0373046
0.0330289
0.0293096
0.024732
0.022316
0.0197411
0.0166734
0.0150363
0.0140985
0.0141462
0.0132402
0.0122229
0.0113964
0.0104586
0.00953674
0.00921885
0.00931422
0.00929832
0.00918706
0.0084877
0.00804265
0.0090917
0.00826518
0.00772476
0.00813802
0.00796318
0.00767708
0.0067393
0.00723203
0.00799497
0.0076135
0.0073115
0.00777245
0.00697772
0.00712077
0.00716845
0.00648499
0.00648499
0.00627836
0.00658035
0.00658035
0.00610352
0.00589689
0.00678698
0.00629425
0.00599225
0.00570615
0.00618299
0.00576973
0.00664393
0.00634193
0.00608762
0.00597636
0.00596046
0.00529289
0.00592868
0.00629425
0.00596046
0.00621478
0.0058651
0.00605583
0.00594457
0.00626246
0.00651677
0.00642141
0.00632604
0.00631015
0.00651677
0.00688235
0.00729561
0.0064532
0.00721614
0.00758171
0.00769297
0.00774066
0.00794729
0.00793139
0.0087897
0.00863075
0.00977516
0.0107765
0.0113964
0.0134786
0.0158628
0.0188351
0.0239213
0.0324408
0.0471115
0.0762304
0.129763
0.230281
0.400384
0.633987
0.934378
1.23685
1.51181
1.71963
1.92159
2.13434
2.42798
2.72501
2.9338
3.04227
3.05368
2.97662
2.91214
2.83558
2.74216
2.62609
2.53523
2.43915
2.35688
2.2817
2.25782
2.28642
2.33218
2.38503
2.40394
2.39034
2.30843
2.13072
1.91415
1.71986
1.59887
1.51769
1.45467
1.3707
1.25381
1.13789
1.05303
0.995715
0.961987
0.942675
0.928259
0.919151
0.929674
0.956186
0.943581
0.893609
0.814819
0.751909
0.695022
0.609223
0.526603
0.457859
0.418059
0.404469
0.413179
0.412321
0.401322
0.398525
0.395886
0.370677
0.318034
0.257953
0.219965
0.193787
0.173728
0.147835
0.132672
0.116205
0.0926336
0.0783126
0.0689189
0.0645161
0.0568549
0.0543435
0.0519435
0.0475248
0.0450452
0.0400543
0.0389258
0.0360012
0.0399907
0.041008
0.0446479
0.045681
0.0487328
0.0452836
0.0382582
0.0299136
0.026989
0.0246684
0.0217915
0.0173728
0.0168641
0.013876
0.014321
0.0140031
0.0126203
0.0115871
0.0113964
0.0109831
0.00958443
0.0093619
0.00979106
0.00990232
0.00828107
0.00840823
0.00926654
0.00828107
0.00740687
0.00640551
0.00443459
0.00267029
0.00112851
0.000397364
0.000301997
4.76837e-05
3.17891e-05
0
0
0
0
0
0
0
0
0
0
0
0
0
0
0
0
0
0
0
0
0
0
0
0
0
0
0
0
0
0
0
