0.0342846
0.00745455
0.00770887
0.00926654
0.00955264
0.0116507
0.0142574
0.0185172
0.0247161
0.0309467
0.0368118
0.0440756
0.0467618
0.0448227
0.0407219
0.0383059
0.0347455
0.0307878
0.0234445
0.0193755
0.0154177
0.0125726
0.0120481
0.0110944
0.0107924
0.00980695
0.00901222
0.00834465
0.00766118
0.00677109
0.00638962
0.00632604
0.00667572
0.00559489
0.00594457
0.00610352
0.00600815
0.00548363
0.00495911
0.00505447
0.00508626
0.00480016
0.00452995
0.00478427
0.00478427
0.005277
0.00495911
0.00514984
0.00457764
0.00508626
0.00475248
0.00435511
0.00414848
0.00464122
0.00503858
0.00460943
0.00476837
0.00433922
0.00448227
0.00435511
0.00429153
0.00459353
0.00430743
0.00418027
0.00405312
0.0044028
0.00441869
0.00448227
0.00422796
0.00464122
0.004975
0.00451406
0.00441869
0.00454585
0.00462532
0.00451406
0.0046889
0.00465711
0.0043869
0.00413259
0.00465711
0.00437101
0.00429153
0.00432332
0.00478427
0.0046889
0.00457764
0.00425975
0.00484784
0.00445048
0.00481606
0.00448227
0.00480016
0.00472069
0.00513395
0.00583331
0.00567436
0.00599225
0.00804265
0.0100454
0.0127792
0.0183741
0.0289758
0.0488758
0.0830173
0.136646
0.205835
0.298977
0.393454
0.487232
0.573126
0.631173
0.670401
0.680701
0.6718
0.656398
0.648038
0.649913
0.670894
0.697597
0.736666
0.789928
0.878398
0.979153
1.07733
1.14983
1.20139
1.27087
1.35756
1.47374
1.56776
1.62423
1.61808
1.61621
1.61513
1.64378
1.73591
1.87697
2.08745
2.27358
2.41186
2.41547
2.3791
2.32692
2.2789
2.18404
2.03406
1.87704
1.7271
1.60397
1.47285
1.3459
1.30541
1.30103
1.34238
1.35856
1.32473
1.25629
1.23308
1.21977
1.22215
1.22323
1.2513
1.22385
1.16649
1.11801
1.08027
1.04432
1.02294
1.03429
1.07185
1.08581
1.03108
0.950638
0.831572
0.751559
0.708087
0.725238
0.743596
0.718721
0.664155
0.585063
0.48213
0.397635
0.345659
0.31697
0.301472
0.292349
0.278727
0.266616
0.25932
0.246541
0.226339
0.216468
0.215737
0.211128
0.20353
0.190417
0.167068
0.153383
0.140953
0.13531
0.125726
0.121117
0.123421
0.125647
0.121276
0.105317
0.101264
0.10155
0.100835
0.087436
0.0746727
0.064071
0.0508626
0.0394662
0.0285308
0.0235875
0.0202656
0.017945
0.0165939
0.0120481
0.00929832
0.00507037
0.00265439
0.00206629
0.0011603
0.000508626
0.000190735
7.94729e-05
4.76837e-05
3.17891e-05
0
0
0
0
0
0
0
0
0
0
0
0
0
0
0
0
0
0
0
0
0
0
0
0
