0.0352859
0.00338554
0.00371933
0.00316302
0.00429153
0.00425975
0.0044028
0.00502268
0.00546773
0.0064532
0.00864665
0.0109037
0.0137806
0.0173728
0.0192483
0.0228405
0.0247796
0.0275612
0.0291665
0.0306129
0.0296116
0.0285943
0.0261466
0.023667
0.02141
0.0205199
0.0191689
0.0166734
0.0161012
0.0136534
0.0129382
0.0119845
0.0111421
0.0102838
0.00894864
0.00823339
0.00913938
0.00826518
0.00729561
0.00664393
0.00661214
0.0064373
0.0055631
0.00580152
0.00635783
0.00530879
0.00487963
0.0058492
0.0052611
0.00549952
0.00465711
0.00543594
0.00475248
0.00487963
0.00475248
0.00475248
0.00508626
0.00500679
0.00508626
0.00514984
0.00507037
0.00449816
0.004673
0.00495911
0.00505447
0.00500679
0.00502268
0.00535647
0.00524521
0.00475248
0.00510216
0.00551542
0.00535647
0.00594457
0.00602404
0.00599225
0.0061512
0.00681877
0.00667572
0.00681877
0.0087738
0.00910759
0.0100454
0.0114759
0.0119527
0.0153383
0.0182311
0.0232855
0.0273228
0.0354926
0.044473
0.0582695
0.0736554
0.0938574
0.114139
0.142543
0.163253
0.184123
0.197554
0.21828
0.238514
0.261418
0.297101
0.330512
0.359901
0.371011
0.373236
0.376892
0.377973
0.373824
0.376304
0.391293
0.415373
0.445271
0.491269
0.540972
0.595093
0.641727
0.696866
0.75736
0.811323
0.906245
1.0404
1.15946
1.24648
1.28902
1.32049
1.32947
1.33834
1.34219
1.34141
1.31532
1.28908
1.23083
1.191
1.18081
1.15676
1.16507
1.1651
1.16674
1.16577
1.14228
1.11632
1.11349
1.10389
1.08452
1.03884
1.03881
1.07053
1.1114
1.16828
1.24383
1.2908
1.32422
1.32066
1.31963
1.29312
1.25745
1.18491
1.1169
1.06516
1.03019
1.03372
1.05
1.06827
1.06459
1.05311
1.02674
1.0424
1.11039
1.19292
1.25456
1.23903
1.18974
1.1375
1.11855
1.13974
1.16378
1.17133
1.16587
1.17855
1.16741
1.09471
1.00522
0.930087
0.880686
0.856749
0.836611
0.81226
0.772238
0.749445
0.759459
0.778786
0.761366
0.749159
0.737556
0.676219
0.604534
0.530783
0.462755
0.427516
0.392103
0.355673
0.338109
0.310246
0.270462
0.214481
0.17314
0.13299
0.0894229
0.0570297
0.039053
0.0233014
0.0123183
0.00602404
0.00319481
0.00217756
0.00131925
0.00166893
0.00108083
0.000953674
0.000969569
0.00093778
0.00073115
0.00100136
0.00073115
0.000667572
0.000635783
0.000333786
0.000588099
0.000429153
0.000540415
0.000445048
0.000349681
0.000492732
0.000413259
0.000445048
0.000286102
0.000397364
0.000365575
0.000492732
0.000222524
0.000254313
0.000222524
0.000206629
0.00017484
0.000206629
0.00017484
0.000190735
9.53674e-05
4.76837e-05
9.53674e-05
4.76837e-05
3.17891e-05
6.35783e-05
6.35783e-05
