0.0153383
0.00513395
0.00770887
0.0103156
0.0166098
0.0263055
0.0432014
0.0647704
0.102218
0.149234
0.203546
0.260878
0.304111
0.321245
0.321754
0.32115
0.305573
0.291634
0.283162
0.264422
0.239372
0.211414
0.189638
0.169659
0.153144
0.142701
0.13806
0.139856
0.142415
0.145149
0.154988
0.167735
0.179625
0.196123
0.204007
0.211143
0.212908
0.21081
0.210714
0.209824
0.212272
0.203546
0.200478
0.19962
0.197792
0.196091
0.199604
0.208775
0.206788
0.204833
0.191053
0.176175
0.150633
0.123644
0.100374
0.0778516
0.0608921
0.0491142
0.0391642
0.0332673
0.0304063
0.0250181
0.0238895
0.02292
0.0215213
0.021712
0.0206788
0.0196775
0.0190099
0.0185966
0.0188986
0.0201702
0.0192165
0.0185966
0.018549
0.0188351
0.0211239
0.0211557
0.0218391
0.0240008
0.0268777
0.0314077
0.0382741
0.0507037
0.0687758
0.0938257
0.128285
0.170596
0.213369
0.266425
0.310914
0.347439
0.374635
0.385984
0.400114
0.408411
0.426499
0.448354
0.47218
0.477123
0.493368
0.499741
0.501156
0.491285
0.491238
0.482702
0.469732
0.468461
0.463168
0.463374
0.464805
0.464694
0.468858
0.473531
0.500011
0.527128
0.584507
0.64292
0.719102
0.78524
0.837437
0.854238
0.851186
0.836786
0.823339
0.798512
0.809749
0.853586
0.886806
0.861343
0.808207
0.74029
0.693925
0.675424
0.676568
0.712315
0.768932
0.845973
0.948954
1.1219
1.30316
1.43139
1.45489
1.42156
1.39834
1.43402
1.52871
1.65299
1.74753
1.80074
1.81133
1.79806
1.73141
1.63388
1.56452
1.51579
1.47656
1.41249
1.34311
1.30245
1.32535
1.35166
1.29194
1.22315
1.17908
1.18521
1.2246
1.27915
1.30887
1.29383
1.23879
1.09374
0.957568
0.863647
0.837739
0.847816
0.835037
0.77939
0.742102
0.724252
0.741895
0.739002
0.689522
0.603104
0.522963
0.45975
0.399256
0.330846
0.243998
0.156736
0.0957171
0.0634193
0.0448227
0.034825
0.0288963
0.0236034
0.0190894
0.0148296
0.0116348
0.00661214
0.00422796
0.00279744
0.00206629
0.00141462
0.00101725
0.00112851
0.000810623
0.000635783
0.000667572
0.000397364
0.00038147
0.000365575
0.000429153
0.000333786
0.000206629
0.000190735
0.00017484
0.000127157
9.53674e-05
4.76837e-05
3.17891e-05
0
1.58946e-05
0
0
0
0
0
0
0
0
0
0
0
0
0
0
0
0
0
0
0
0
0
0
0
0
0
0
0
0
0
0
0
0
0
