0.0114918
0.00476837
0.00597636
0.00869433
0.0112216
0.0141939
0.0187079
0.0210444
0.0252883
0.0268618
0.0305494
0.0333945
0.0337442
0.0313123
0.028038
0.0232538
0.0192642
0.0157674
0.0142733
0.0129064
0.0131766
0.0116666
0.0116189
0.0102361
0.00917117
0.00829697
0.00727971
0.00799497
0.00697772
0.00750224
0.00697772
0.00758171
0.00662804
0.00632604
0.0058492
0.00553131
0.00553131
0.00545184
0.00535647
0.00549952
0.0061353
0.00616709
0.00631015
0.00570615
0.00611941
0.00524521
0.00557899
0.00551542
0.00553131
0.00561078
0.00580152
0.00607173
0.00618299
0.00637372
0.00591278
0.00588099
0.00588099
0.00599225
0.00610352
0.00591278
0.00603994
0.00705719
0.00658035
0.00770887
0.00723203
0.00739098
0.00753403
0.00745455
0.00856717
0.00958443
0.0113805
0.0132402
0.0172615
0.022157
0.0287215
0.0356674
0.0424067
0.0467141
0.0564098
0.0631809
0.0746568
0.0895818
0.102981
0.120417
0.142876
0.167354
0.192038
0.223112
0.251595
0.277758
0.303141
0.321674
0.330114
0.344912
0.356452
0.368897
0.394058
0.428057
0.453568
0.479412
0.487852
0.488536
0.477902
0.448529
0.43513
0.43211
0.433779
0.439517
0.458463
0.466172
0.489235
0.519133
0.560888
0.611877
0.653458
0.675106
0.677379
0.676092
0.686073
0.72902
0.791152
0.835292
0.862487
0.849104
0.821749
0.775592
0.762304
0.798972
0.878302
0.995874
1.08844
1.13816
1.13613
1.14323
1.1481
1.15077
1.13425
1.08582
1.02169
1.00589
1.01194
1.03391
1.05122
1.0656
1.09623
1.12146
1.12246
1.10057
1.09636
1.10361
1.12898
1.1495
1.14071
1.08132
0.987339
0.896009
0.830571
0.800435
0.785494
0.785812
0.773954
0.7586
0.758425
0.757408
0.754642
0.732978
0.695531
0.676966
0.655667
0.643953
0.649516
0.666173
0.710694
0.756311
0.793314
0.81652
0.823418
0.820367
0.816154
0.826454
0.864935
0.929832
1.02927
1.14444
1.25303
1.31315
1.32484
1.29186
1.23081
1.19279
1.19328
1.19192
1.19004
1.16436
1.09722
1.01326
0.918134
0.847069
0.825071
0.827948
0.847785
0.840108
0.763655
0.661405
0.602277
0.550969
0.479094
0.4004
0.318368
0.235017
0.158151
0.105731
0.0638644
0.0380993
0.0224113
0.013272
0.0070413
0.00309944
0.00104904
0.000301997
6.35783e-05
1.58946e-05
3.17891e-05
0
0
0
0
0
0
0
0
0
0
0
0
0
0
0
0
0
0
0
0
0
0
0
0
0
0
0
0
0
0
0
0
0
