0.00600815
0.00260671
0.00422796
0.00591278
0.00823339
0.0119845
0.0150363
0.0200113
0.0256856
0.0320911
0.0316143
0.0323296
0.0322342
0.0297864
0.0283559
0.026528
0.0243982
0.0210126
0.0179291
0.014178
0.0120958
0.0113169
0.0115554
0.00947316
0.00969569
0.00945727
0.00872612
0.00783602
0.00693003
0.00691414
0.0064532
0.0061353
0.0064373
0.00659625
0.0064373
0.00581741
0.00569026
0.00510216
0.00578562
0.00538826
0.00492732
0.00542005
0.00548363
0.00464122
0.00514984
0.00538826
0.00473658
0.00476837
0.00529289
0.00548363
0.00507037
0.00437101
0.00481606
0.00514984
0.004975
0.00529289
0.00487963
0.00446637
0.004975
0.00483195
0.00425975
0.00475248
0.00494321
0.00478427
0.004975
0.00516574
0.00511805
0.00538826
0.00510216
0.00521342
0.00530879
0.005277
0.00532468
0.00570615
0.00565847
0.00597636
0.00549952
0.00661214
0.00592868
0.00605583
0.0064373
0.00708898
0.00656446
0.00605583
0.00670751
0.0070254
0.00661214
0.00788371
0.00815392
0.00844002
0.00913938
0.0106494
0.0112693
0.014623
0.0186443
0.0216484
0.028038
0.0345389
0.0430902
0.0548363
0.0709693
0.0949065
0.131702
0.185251
0.261704
0.360473
0.484848
0.632954
0.799211
0.952403
1.10227
1.26489
1.42523
1.55206
1.71202
1.88071
2.05283
2.19034
2.30034
2.39162
2.50661
2.64192
2.84344
3.08784
3.33885
3.57052
3.8442
3.9892
4.00001
3.86486
3.58602
3.16024
2.75311
2.39147
2.08443
1.81667
1.57919
1.35021
1.16304
1.05214
0.987562
0.945028
0.911744
0.857623
0.816488
0.773478
0.737572
0.720533
0.71427
0.708755
0.718546
0.744597
0.797987
0.879415
0.959476
1.00816
1.00856
0.957108
0.864998
0.784794
0.739654
0.719929
0.66878
0.584523
0.509119
0.449117
0.400909
0.363668
0.325616
0.275358
0.20415
0.134548
0.0836849
0.0498613
0.0288963
0.0133832
0.00599225
0.00327428
0.00157356
0.00093778
0.000445048
0.000317891
9.53674e-05
7.94729e-05
4.76837e-05
0
1.58946e-05
0
0
0
0
0
0
0
0
0
0
0
0
0
0
0
0
0
0
0
0
0
0
0
0
0
0
0
0
0
0
0
0
0
0
0
0
0
0
0
0
0
0
0
0
0
0
0
0
0
0
0
0
0
0
0
0
0
0
0
0
0
0
0
0
0
0
0
0
0
