0.0415325
0.00680288
0.00766118
0.00797908
0.0101884
0.0114441
0.0133514
0.0161807
0.0196298
0.0222524
0.0243823
0.0258128
0.0276883
0.0266234
0.0265121
0.0272592
0.0253359
0.0217756
0.0203927
0.0177701
0.0148932
0.0127157
0.0125726
0.0121276
0.0109037
0.0107288
0.0093778
0.00840823
0.0076135
0.00653267
0.00659625
0.00634193
0.00669161
0.00659625
0.00610352
0.00599225
0.00559489
0.00519753
0.00535647
0.004975
0.00510216
0.00505447
0.00459353
0.00507037
0.00551542
0.00481606
0.00507037
0.00475248
0.00489553
0.00441869
0.0044028
0.00494321
0.005277
0.00511805
0.00448227
0.00454585
0.00489553
0.00502268
0.00411669
0.0043869
0.00462532
0.00449816
0.00489553
0.00457764
0.00489553
0.00514984
0.00487963
0.00460943
0.00534058
0.00487963
0.00452995
0.00491142
0.00489553
0.0046889
0.00510216
0.00492732
0.00524521
0.00511805
0.00529289
0.00573794
0.00538826
0.00518163
0.005277
0.00519753
0.00575384
0.00599225
0.00524521
0.00637372
0.00594457
0.00597636
0.00635783
0.00611941
0.00650088
0.00607173
0.00699361
0.00693003
0.00683467
0.00693003
0.00783602
0.00851949
0.00847181
0.0100613
0.0125726
0.0145912
0.0192324
0.0283559
0.0433604
0.0696977
0.107272
0.169929
0.266234
0.410509
0.599496
0.869131
1.22027
1.63261
1.98638
2.16077
2.05736
1.76128
1.46028
1.22488
1.09925
1.03679
1.07319
1.23831
1.52602
1.90446
2.37856
2.97359
3.73219
4.44706
5.02152
5.36626
5.59131
5.6503
5.57248
5.31112
4.89117
4.1581
3.3522
2.74259
2.47022
2.43513
2.46747
2.27284
1.75764
1.16444
0.667381
0.3335
0.156339
0.0736554
0.0349681
0.0199477
0.013272
0.00898043
0.00635783
0.00503858
0.0040849
0.0035127
0.00316302
0.0029405
0.00220935
0.00193914
0.00195503
0.00155767
0.00111262
0.00108083
0.000969569
0.000508626
0.000651677
0.000397364
0.000238419
9.53674e-05
0.000143051
9.53674e-05
0.000158946
6.35783e-05
4.76837e-05
1.58946e-05
3.17891e-05
1.58946e-05
0
0
0
0
0
0
0
0
0
0
0
0
0
0
0
0
0
0
0
0
0
0
0
0
0
0
0
0
0
0
0
0
0
0
0
0
0
0
0
0
0
0
0
0
0
0
0
0
0
0
0
0
0
0
0
0
0
0
0
0
0
0
0
0
0
0
0
0
0
0
0
0
0
0
