0.0107606
0.00465711
0.00632604
0.00729561
0.0104109
0.0137965
0.0160217
0.0185331
0.0202974
0.0245571
0.0275771
0.0288486
0.0299136
0.0303904
0.0282129
0.0294209
0.027434
0.0254472
0.0237942
0.023222
0.0212193
0.0201861
0.0189781
0.0185172
0.0167688
0.0150998
0.0129859
0.0125249
0.0116348
0.0101566
0.00993411
0.00920296
0.00888507
0.00915527
0.00844002
0.00780423
0.00740687
0.00782013
0.00778834
0.00751813
0.00775655
0.00804265
0.00723203
0.00658035
0.00705719
0.00716845
0.00648499
0.00734329
0.00745455
0.00716845
0.00751813
0.00754992
0.00753403
0.00780423
0.00794729
0.00793139
0.00756582
0.0087897
0.00885328
0.0082016
0.00866254
0.00896454
0.00851949
0.00828107
0.00910759
0.00905991
0.00905991
0.00883738
0.00980695
0.00947316
0.0105063
0.010554
0.0103951
0.0106017
0.0111103
0.0118415
0.0127157
0.0135263
0.0155608
0.0166416
0.0205676
0.0242869
0.0297864
0.0350952
0.0452201
0.0555197
0.0722726
0.0894705
0.110722
0.13876
0.167004
0.198555
0.235955
0.276486
0.318623
0.372744
0.437641
0.534995
0.663789
0.829999
1.03784
1.29245
1.52707
1.76497
1.95565
2.12158
2.25167
2.40202
2.61072
2.92497
3.31828
3.75253
4.14543
4.47777
4.97276
5.66408
6.45803
6.92496
6.70398
5.88468
4.76632
3.7265
2.88706
2.28182
1.86003
1.55903
1.31768
1.08517
0.853237
0.634877
0.434208
0.281763
0.17964
0.109847
0.0654538
0.037543
0.02292
0.0139236
0.0078996
0.00481606
0.00316302
0.00160535
0.000810623
0.000874201
0.000238419
0.000254313
0.000111262
4.76837e-05
6.35783e-05
0
0
1.58946e-05
0
0
0
0
0
0
0
0
0
0
0
0
0
0
0
0
0
0
0
0
0
0
0
0
0
0
0
0
0
0
0
0
0
0
0
0
0
0
0
0
0
0
0
0
0
0
0
0
0
0
0
0
0
0
0
0
0
0
0
0
0
0
0
0
0
0
0
0
0
0
0
0
0
0
0
0
0
0
0
0
0
0
0
0
0
0
0
0
0
0
0
0
0
0
0
0
0
0
0
0
0
0
0
0
