0.0258446
0.00745455
0.00925064
0.0113646
0.0148773
0.0202974
0.0288963
0.04433
0.0646114
0.0935713
0.129684
0.171026
0.220521
0.255871
0.272783
0.273005
0.259384
0.243489
0.232029
0.217851
0.19873
0.164859
0.132132
0.108353
0.0923157
0.0814438
0.076135
0.0758966
0.0735442
0.0693321
0.0635147
0.0597954
0.0573476
0.0540574
0.0506401
0.0473499
0.0439326
0.0398954
0.0368754
0.0363509
0.0335534
0.0333309
0.0332038
0.0318368
0.0320594
0.0321388
0.0315825
0.0326475
0.0332832
0.0321865
0.0348091
0.0358423
0.0382741
0.0410239
0.0403722
0.0445843
0.0437578
0.0455379
0.0463486
0.042518
0.0428994
0.0390053
0.0376701
0.0383536
0.0380198
0.0381788
0.0370979
0.0362555
0.0358423
0.0332197
0.0333627
0.0309467
0.0307719
0.0279109
0.0258128
0.0252724
0.0236193
0.0233332
0.0231584
0.0221888
0.0209173
0.0203609
0.0203768
0.0191689
0.0187238
0.0199
0.0193914
0.0177224
0.0179291
0.0179291
0.0176112
0.0184536
0.0185172
0.0187715
0.018851
0.0192642
0.0196139
0.0194867
0.0214895
0.0210285
0.0222842
0.0213305
0.0216166
0.0231107
0.0234127
0.0247955
0.0243028
0.0260512
0.0263532
0.0284036
0.030454
0.0329336
0.0358423
0.0425021
0.0508944
0.0710169
0.108385
0.185188
0.302744
0.446622
0.57505
0.669972
0.729163
0.765387
0.804329
0.845194
0.897217
0.962194
1.06091
1.16224
1.26912
1.41587
1.5605
1.68219
1.77493
1.82335
1.83619
1.87786
1.93709
2.05641
2.256
2.49236
2.76985
3.01234
3.17674
3.3148
3.49472
3.62047
3.54808
3.32834
3.11257
2.87487
2.59509
2.40397
2.32266
2.26296
2.18754
2.04827
1.85254
1.67243
1.56234
1.47684
1.45154
1.39206
1.29323
1.15245
0.970395
0.774304
0.561762
0.386254
0.278314
0.213257
0.176191
0.14933
0.129143
0.113535
0.0930627
0.0707626
0.0510534
0.0382741
0.0325839
0.0257015
0.0221093
0.0185966
0.0150522
0.00979106
0.00495911
0.00287692
0.00170072
0.00139872
0.00111262
0.000572205
0.000890096
0.000460943
0.000588099
0.000206629
0.000301997
0.000222524
0.000238419
9.53674e-05
0.000111262
7.94729e-05
4.76837e-05
7.94729e-05
6.35783e-05
4.76837e-05
3.17891e-05
1.58946e-05
0
0
0
0
0
0
0
0
0
0
0
0
0
0
0
0
0
0
0
0
0
0
0
0
0
0
0
0
0
0
0
0
0
0
0
0
0
0
0
0
0
0
0
0
0
0
0
0
