0.027736
0.00764529
0.0100295
0.0133197
0.0174681
0.0248909
0.0352542
0.0520229
0.0700474
0.102838
0.139983
0.178432
0.208028
0.211128
0.191291
0.165955
0.149377
0.14046
0.131766
0.121959
0.113726
0.105031
0.0993888
0.0932535
0.0863075
0.0826041
0.0760396
0.0752449
0.0726064
0.0693639
0.0691573
0.0672181
0.0659625
0.0642459
0.0636419
0.0629425
0.0629584
0.059859
0.0586033
0.0565529
0.0557582
0.0557899
0.0543118
0.0535488
0.0523249
0.0522137
0.0499249
0.0516891
0.0501792
0.0511487
0.0506242
0.0481288
0.0496387
0.0469208
0.0427564
0.0409444
0.0394662
0.038894
0.0363668
0.0361125
0.0346661
0.0325521
0.0320276
0.0326792
0.0326157
0.0311693
0.0304699
0.02985
0.0298182
0.0297705
0.0297546
0.0288804
0.0291348
0.0284195
0.029103
0.029707
0.0301838
0.0296275
0.0286738
0.0277837
0.0293891
0.0296593
0.0293573
0.0308196
0.0326792
0.0361602
0.0434399
0.049909
0.0584761
0.0716527
0.0860055
0.098896
0.120354
0.140699
0.167735
0.203816
0.236813
0.269779
0.296036
0.309547
0.299104
0.277869
0.257285
0.235875
0.220966
0.212479
0.202465
0.201495
0.2045
0.195599
0.203514
0.209761
0.218153
0.229597
0.243727
0.25959
0.264152
0.272576
0.27949
0.287867
0.294447
0.299136
0.305287
0.316509
0.333246
0.352112
0.367657
0.39684
0.432539
0.489902
0.558265
0.656192
0.743373
0.815423
0.898949
0.997957
1.1261
1.2996
1.48508
1.64677
1.7639
1.84201
1.92056
1.98704
2.05553
2.15014
2.24522
2.31449
2.2789
2.14372
2.01489
1.88541
1.74793
1.73208
1.79577
1.88446
2.03099
2.23179
2.44465
2.62971
2.89073
3.17286
3.25112
3.00228
2.53223
2.05766
1.72803
1.55352
1.49859
1.50347
1.50359
1.44324
1.35994
1.27988
1.14444
0.929594
0.693544
0.493685
0.311645
0.192912
0.115569
0.0771523
0.052007
0.0300566
0.0161012
0.0110944
0.00890096
0.00675519
0.0067393
0.00599225
0.00480016
0.00433922
0.00330607
0.00300407
0.00268618
0.00225703
0.00139872
0.00144641
0.00112851
0.000953674
0.000460943
0.000365575
0.000190735
0.000254313
9.53674e-05
9.53674e-05
3.17891e-05
3.17891e-05
0
0
0
0
0
0
0
0
0
0
0
0
0
0
0
0
0
0
0
0
0
0
0
0
0
0
0
0
0
0
0
0
0
0
0
0
0
0
0
0
0
0
0
0
0
0
0
0
