0.0167052
0.0035127
0.00398954
0.00421206
0.00481606
0.00564257
0.00626246
0.00662804
0.00782013
0.00863075
0.0117143
0.0112534
0.0142892
0.0159899
0.0178655
0.0197093
0.0206788
0.0221411
0.0226339
0.0234127
0.0223955
0.0219981
0.0226498
0.0234286
0.0228723
0.0217597
0.0196298
0.0166257
0.0147502
0.0120481
0.0107288
0.00963211
0.00958443
0.00834465
0.00794729
0.00718435
0.0067393
0.00656446
0.00551542
0.00524521
0.00542005
0.00487963
0.00483195
0.00433922
0.00472069
0.00487963
0.004673
0.00470479
0.00427564
0.00446637
0.00449816
0.00413259
0.00389417
0.00424385
0.00437101
0.00414848
0.00441869
0.0041008
0.00405312
0.00376701
0.00397364
0.00406901
0.00400543
0.0040849
0.00405312
0.00414848
0.00403722
0.00464122
0.00432332
0.00425975
0.00394185
0.0040849
0.00433922
0.00491142
0.00451406
0.00433922
0.00521342
0.00478427
0.00513395
0.00489553
0.00435511
0.00545184
0.00513395
0.00529289
0.00553131
0.00522931
0.00589689
0.00575384
0.00538826
0.00576973
0.00578562
0.00545184
0.00611941
0.00664393
0.00619888
0.00664393
0.00621478
0.00696182
0.00694593
0.00681877
0.00739098
0.00739098
0.00756582
0.00774066
0.00743866
0.00797908
0.00759761
0.00786781
0.00842412
0.00821749
0.00793139
0.00775655
0.0078996
0.00829697
0.00939369
0.00864665
0.00893275
0.0093778
0.00980695
0.0111421
0.0134945
0.017643
0.0270367
0.0443618
0.0660737
0.0990073
0.137965
0.189877
0.246112
0.290314
0.31724
0.33795
0.353114
0.381025
0.428756
0.514094
0.658258
0.875886
1.15458
1.47047
1.75424
1.95689
2.03816
2.04682
1.98116
1.90247
1.87596
1.90447
1.98604
2.16611
2.44015
2.76027
3.03904
3.24675
3.40803
3.6023
3.70587
3.74289
3.71977
3.62948
3.49634
3.30979
3.02997
2.70236
2.27744
1.91099
1.61791
1.39667
1.23542
1.12991
1.11903
1.11823
1.0708
0.970936
0.897582
0.864712
0.874488
0.899474
0.938177
0.977707
0.996049
0.94312
0.836786
0.706546
0.607379
0.521994
0.46711
0.42491
0.375144
0.296021
0.200446
0.121864
0.0731786
0.0399748
0.0202497
0.0084877
0.00333786
0.00130335
0.00112851
0.000683467
0.000540415
0.000397364
0.000127157
0.000158946
0.000158946
6.35783e-05
9.53674e-05
9.53674e-05
3.17891e-05
0
0
0
1.58946e-05
1.58946e-05
0
0
0
0
0
0
0
0
0
0
0
0
0
0
0
0
0
0
0
0
0
0
0
0
0
0
0
0
0
0
0
0
0
0
0
0
0
0
0
0
0
0
