0.0135104
0.005277
0.00665983
0.00807444
0.00913938
0.0123024
0.0145753
0.0189622
0.0245571
0.0288804
0.0330925
0.0366847
0.0377496
0.0363509
0.0333468
0.0311216
0.0302474
0.0269572
0.0230789
0.0210444
0.0186443
0.0177542
0.0162284
0.015672
0.0143687
0.013272
0.0139236
0.0137329
0.0133355
0.0131925
0.0127316
0.0128428
0.0124137
0.0119686
0.0118732
0.0116189
0.0118574
0.0120004
0.0112375
0.0114282
0.0108878
0.0113646
0.0103633
0.0111739
0.0111898
0.010697
0.0108242
0.0106017
0.0107288
0.0112216
0.0106017
0.0104904
0.00987053
0.0111739
0.00971158
0.00963211
0.0102997
0.00999769
0.00971158
0.00987053
0.00977516
0.00940959
0.00948906
0.0102361
0.0105699
0.0103951
0.010252
0.00964801
0.0100613
0.0100931
0.0103792
0.00998179
0.0110467
0.0110149
0.0104586
0.0106017
0.0106176
0.0111103
0.0104268
0.0114123
0.0111898
0.0121911
0.011158
0.0113169
0.0113487
0.0116666
0.0128269
0.0123501
0.0136058
0.0141462
0.0141144
0.0164032
0.017484
0.0197887
0.0232697
0.0288645
0.0366688
0.0464439
0.0619888
0.0776768
0.103935
0.144911
0.211557
0.307369
0.446955
0.598685
0.762606
0.92028
1.03126
1.09591
1.14214
1.15112
1.15589
1.19596
1.30736
1.52071
1.88092
2.29246
2.53482
2.54292
2.54793
2.54273
2.52994
2.44988
2.46565
2.48068
2.50913
2.56801
2.73074
3.06338
3.47277
3.71025
3.62929
3.20326
2.76418
2.42694
2.23069
2.22716
2.32906
2.55114
2.84066
3.01986
2.91567
2.58703
2.20617
1.84441
1.56287
1.35942
1.12753
0.846545
0.569137
0.329765
0.184663
0.103442
0.0580788
0.0288963
0.0150045
0.00735919
0.00400543
0.00211398
0.00128746
0.000810623
0.000588099
0.000238419
0.000111262
9.53674e-05
4.76837e-05
3.17891e-05
0
0
0
0
0
0
0
0
0
0
0
0
0
0
0
0
0
0
0
0
0
0
0
0
0
0
0
0
0
0
0
0
0
0
0
0
0
0
0
0
0
0
0
0
0
0
0
0
0
0
0
0
0
0
0
0
0
0
0
0
0
0
0
0
0
0
0
0
0
0
0
0
0
0
0
0
0
0
0
0
0
0
0
0
0
0
0
0
