0
0
3.17891e-05
1.58946e-05
3.17891e-05
9.53674e-05
6.35783e-05
7.94729e-05
0.000349681
0.000508626
0.000508626
0.00104904
0.00101725
0.00123978
0.00133514
0.00154177
0.00236829
0.00274976
0.00333786
0.00418027
0.00457764
0.00514984
0.00751813
0.00786781
0.00926654
0.0100136
0.0111739
0.0118097
0.0127951
0.014178
0.0139713
0.0150522
0.0133197
0.012668
0.011762
0.0115554
0.0102043
0.010856
0.00933011
0.0093619
0.00890096
0.00950495
0.00794729
0.00782013
0.0073274
0.00718435
0.00635783
0.00632604
0.00627836
0.00605583
0.00543594
0.00588099
0.00570615
0.0058492
0.00489553
0.00446637
0.00432332
0.00472069
0.00446637
0.00430743
0.00443459
0.00437101
0.00406901
0.00370344
0.00365575
0.0040849
0.00378291
0.00368754
0.00305176
0.00375112
0.00376701
0.00319481
0.00348091
0.00343323
0.00376701
0.0035127
0.00327428
0.00303586
0.00362396
0.00349681
0.0032107
0.00346502
0.00309944
0.00316302
0.00333786
0.00305176
0.00313123
0.00313123
0.00284513
0.0032107
0.00314713
0.00325839
0.00363986
0.00325839
0.00308355
0.00344912
0.00319481
0.00325839
0.00324249
0.00368754
0.00354449
0.0032266
0.00348091
0.00367165
0.00375112
0.00376701
0.00386238
0.00397364
0.00406901
0.0041008
0.00375112
0.00397364
0.00384649
0.00354449
0.00427564
0.00435511
0.00435511
0.00395775
0.0041008
0.00395775
0.00378291
0.00402133
0.00413259
0.00397364
0.00375112
0.00359217
0.00386238
0.00402133
0.0040849
0.00445048
0.00422796
0.00437101
0.00472069
0.00457764
0.00500679
0.00551542
0.00511805
0.00559489
0.00594457
0.00546773
0.00564257
0.00597636
0.00661214
0.00661214
0.00646909
0.00688235
0.00667572
0.00665983
0.00712077
0.00767708
0.00831286
0.00967979
0.0109196
0.0125249
0.0149409
0.0182788
0.0216007
0.0262896
0.0334422
0.0422478
0.0572522
0.0726223
0.103903
0.15227
0.23613
0.380611
0.612704
0.932582
1.3268
1.79337
2.35454
3.19552
4.40885
6.17288
8.25392
9.85328
9.93832
8.53302
6.75918
5.35034
4.31045
3.53573
2.86422
2.31253
1.93817
1.69791
1.52624
1.39028
1.25817
1.10656
0.987228
0.876649
0.777276
0.688346
0.613387
0.548681
0.462929
0.389115
0.328461
0.265614
0.205596
0.153335
0.111326
0.0796159
0.0546296
0.0398
0.024573
0.0156403
0.00847181
0.00508626
0.00286102
0.00217756
0.00123978
0.000890096
0.000683467
0.000540415
0.00017484
7.94729e-05
1.58946e-05
4.76837e-05
6.35783e-05
1.58946e-05
0
0
0
0
0
0
0
0
0
0
0
0
0
0
0
0
0
0
0
0
0
0
0
0
0
0
0
0
0
0
0
0
0
0
