9.53674e-05
9.53674e-05
3.17891e-05
6.35783e-05
0.000127157
0.000158946
0.00017484
0.000222524
0.000222524
0.000635783
0.00055631
0.000985463
0.00101725
0.00112851
0.00163714
0.0020504
0.00208219
0.00228882
0.0026385
0.00309944
0.00324249
0.00354449
0.00406901
0.00459353
0.00472069
0.00518163
0.00522931
0.00600815
0.00608762
0.00661214
0.00734329
0.00740687
0.0073274
0.00726382
0.00837644
0.00893275
0.00866254
0.00933011
0.00952085
0.0105699
0.0093778
0.00982285
0.00883738
0.00920296
0.00917117
0.00886917
0.00770887
0.00764529
0.00840823
0.00715256
0.00724792
0.00653267
0.00621478
0.00635783
0.00623067
0.00635783
0.00610352
0.00648499
0.00640551
0.00562668
0.00510216
0.00530879
0.00537237
0.00542005
0.00559489
0.00465711
0.00486374
0.00459353
0.0046889
0.00386238
0.00371933
0.00422796
0.00418027
0.00397364
0.00422796
0.0038147
0.00394185
0.00422796
0.0038147
0.00354449
0.00340144
0.00398954
0.00359217
0.00367165
0.00344912
0.00356038
0.00384649
0.00392596
0.00395775
0.00348091
0.00335375
0.00398954
0.00340144
0.00360807
0.00308355
0.00387828
0.00363986
0.00305176
0.00306765
0.00327428
0.00375112
0.00354449
0.0032266
0.00386238
0.00330607
0.00329018
0.00319481
0.00359217
0.00338554
0.00375112
0.00367165
0.00373522
0.00370344
0.00356038
0.00363986
0.00405312
0.00371933
0.00387828
0.00392596
0.00398954
0.00437101
0.00429153
0.0044028
0.00414848
0.00435511
0.0043869
0.00449816
0.00424385
0.00561078
0.00502268
0.00559489
0.00619888
0.00557899
0.00619888
0.00631015
0.00623067
0.00707308
0.00658035
0.00735919
0.00713666
0.00751813
0.00799497
0.00845591
0.00828107
0.0081857
0.0084877
0.00913938
0.00905991
0.00969569
0.00933011
0.0105222
0.0124137
0.0139078
0.0179291
0.0218391
0.0267029
0.0335217
0.0467141
0.0660737
0.101201
0.172393
0.301568
0.516621
0.850789
1.30118
1.83028
2.42912
3.0821
3.77671
4.32328
4.69853
4.94477
5.00741
4.80259
4.4733
3.99046
3.60004
3.30186
3.05807
2.82871
2.63111
2.3983
2.20747
2.07795
1.97468
1.87642
1.82864
1.79125
1.74383
1.66214
1.53796
1.41519
1.27336
1.18178
1.10904
1.0664
1.02412
0.960128
0.891638
0.847006
0.827821
0.81528
0.779963
0.744979
0.725222
0.696468
0.656907
0.590245
0.523965
0.455952
0.378672
0.310294
0.241168
0.168069
0.0991662
0.0509739
0.0241439
0.0126044
0.00735919
0.00478427
0.00348091
0.00249545
0.00201861
0.00187556
0.00131925
0.00112851
0.000810623
0.000603994
0.000413259
0.000301997
0.000206629
9.53674e-05
0.000111262
6.35783e-05
1.58946e-05
1.58946e-05
1.58946e-05
0
0
1.58946e-05
0
0
0
0
0
0
0
0
0
0
0
0
0
0
0
0
