0.0370185
0.00596046
0.00610352
0.00653267
0.00724792
0.00705719
0.00734329
0.00840823
0.00831286
0.00883738
0.00921885
0.0113964
0.0119209
0.0133832
0.0157833
0.0164668
0.0188351
0.0231425
0.0256379
0.0270526
0.0286579
0.0288169
0.0285149
0.025479
0.0236988
0.0208378
0.0176748
0.0175953
0.0159582
0.0152906
0.0142574
0.0123501
0.0106494
0.0107447
0.00899633
0.00933011
0.00807444
0.00785192
0.00864665
0.00743866
0.00708898
0.0067393
0.00623067
0.00654856
0.00570615
0.0058492
0.00554721
0.0055631
0.00608762
0.00599225
0.00570615
0.00580152
0.00542005
0.00532468
0.00538826
0.00514984
0.00534058
0.00486374
0.00476837
0.00521342
0.00486374
0.00537237
0.00464122
0.00437101
0.00508626
0.00443459
0.00483195
0.00470479
0.00462532
0.00486374
0.00500679
0.00446637
0.00516574
0.00483195
0.0055631
0.00454585
0.00424385
0.00510216
0.00481606
0.00492732
0.00529289
0.00522931
0.005277
0.00540415
0.00546773
0.00503858
0.00505447
0.00489553
0.00535647
0.00578562
0.00575384
0.00559489
0.00530879
0.00545184
0.00603994
0.00573794
0.00624657
0.00664393
0.00629425
0.00570615
0.00634193
0.0064373
0.00580152
0.00632604
0.00708898
0.0067234
0.00667572
0.00677109
0.00716845
0.00659625
0.0073274
0.00691414
0.00685056
0.00677109
0.0073274
0.0073115
0.00747045
0.00780423
0.00816981
0.00834465
0.00801086
0.00828107
0.00896454
0.00851949
0.00982285
0.00864665
0.00920296
0.0106494
0.0111421
0.0119209
0.0124931
0.0145276
0.0152747
0.0175158
0.0166734
0.0187874
0.0205199
0.0225385
0.0276407
0.0376701
0.0526905
0.0881195
0.16044
0.312885
0.60277
0.946204
1.23288
1.43647
1.54956
1.54362
1.48846
1.41015
1.35333
1.35975
1.35981
1.36091
1.34918
1.37299
1.48396
1.67324
1.98277
2.36149
2.76616
3.11392
3.34415
3.39262
3.30806
3.18336
3.04019
2.89558
2.74533
2.58512
2.37597
2.13717
1.95963
1.83457
1.72394
1.65286
1.62153
1.59685
1.55557
1.51458
1.4788
1.41096
1.37394
1.32203
1.28824
1.26619
1.20497
1.09034
0.973018
0.858021
0.780567
0.722679
0.681893
0.658099
0.636466
0.613499
0.572141
0.550763
0.56502
0.559203
0.55089
0.563558
0.57141
0.576639
0.561873
0.503254
0.406742
0.30748
0.236193
0.181945
0.146532
0.11495
0.0855128
0.0837644
0.0884851
0.0822067
0.0650247
0.0458082
0.0222047
0.00856717
0.00230471
0.000635783
0.000254313
0.000143051
1.58946e-05
1.58946e-05
0
0
0
0
0
0
0
0
0
0
0
0
0
0
0
0
0
0
0
0
0
0
0
0
0
0
0
0
