0.0247478
0.00421206
0.00484784
0.00478427
0.00557899
0.00591278
0.00664393
0.00769297
0.00910759
0.0104586
0.0133514
0.0154654
0.0191847
0.022761
0.0271638
0.0310739
0.032711
0.0336647
0.0317732
0.0252088
0.0211398
0.0179609
0.0148614
0.0130335
0.0128905
0.0123183
0.0108878
0.0100931
0.00837644
0.00766118
0.00683467
0.00678698
0.00640551
0.0061512
0.0061512
0.00634193
0.00581741
0.00513395
0.00483195
0.00441869
0.00475248
0.00422796
0.00475248
0.00421206
0.00480016
0.00486374
0.00441869
0.00475248
0.00430743
0.00424385
0.0040849
0.00418027
0.00376701
0.00354449
0.00398954
0.00413259
0.00373522
0.00386238
0.00421206
0.00411669
0.00398954
0.00376701
0.00413259
0.00367165
0.00387828
0.00416438
0.00421206
0.00422796
0.00425975
0.00411669
0.00418027
0.00452995
0.0041008
0.00430743
0.00464122
0.00433922
0.00508626
0.00443459
0.00413259
0.00384649
0.00452995
0.00495911
0.00419617
0.00422796
0.005277
0.00430743
0.00422796
0.00465711
0.00456174
0.00443459
0.00441869
0.00516574
0.00507037
0.00478427
0.00516574
0.00481606
0.00537237
0.00513395
0.00521342
0.00554721
0.00553131
0.00545184
0.0064532
0.00575384
0.00638962
0.00653267
0.00623067
0.00621478
0.00707308
0.00782013
0.00891685
0.00964801
0.0117938
0.0150522
0.0213941
0.0317891
0.0570138
0.0936349
0.157674
0.241009
0.344419
0.471512
0.598017
0.728099
0.850821
0.949462
1.05729
1.14876
1.21613
1.27711
1.32378
1.36512
1.42725
1.47365
1.54554
1.63382
1.73694
1.83374
1.89913
1.95754
1.99337
1.99515
2.02902
2.06428
2.11562
2.17439
2.27133
2.38051
2.47577
2.56569
2.67401
2.76739
2.80053
2.92069
3.14722
3.33123
3.42886
3.39842
3.21449
2.99762
2.77209
2.47728
2.13296
1.76524
1.45791
1.19375
1.00211
0.905212
0.891352
0.930421
0.922044
0.888252
0.795523
0.670449
0.524505
0.39266
0.302919
0.234207
0.183312
0.131655
0.0910918
0.065581
0.0498454
0.0398159
0.0293096
0.0201861
0.0133514
0.00929832
0.00727971
0.00484784
0.00357628
0.00182788
0.00130335
0.00108083
0.000778834
0.000762939
0.000508626
0.000508626
0.000190735
9.53674e-05
0.000127157
4.76837e-05
0.000111262
3.17891e-05
0
1.58946e-05
0
0
0
0
0
0
0
0
0
0
0
0
0
0
0
0
0
0
0
0
0
0
0
0
0
0
0
0
0
0
0
0
0
0
0
0
0
0
0
0
0
0
0
0
0
0
0
0
0
0
