0.0183264
0.00282923
0.00360807
0.00457764
0.00429153
0.00508626
0.0049909
0.00540415
0.00610352
0.00691414
0.00796318
0.00871023
0.0087738
0.0106653
0.0106812
0.0115236
0.0123024
0.012811
0.013574
0.0161966
0.0147184
0.0162601
0.0184536
0.0190894
0.0166734
0.015227
0.0151316
0.0136852
0.0134627
0.0130018
0.0126998
0.0108083
0.00972748
0.00888507
0.00747045
0.00758171
0.00745455
0.00720024
0.0061512
0.00659625
0.00572205
0.00535647
0.00514984
0.00454585
0.00473658
0.00445048
0.00422796
0.00457764
0.00470479
0.00448227
0.00457764
0.00384649
0.0041008
0.0038147
0.00421206
0.00383059
0.00363986
0.00384649
0.00371933
0.00411669
0.00313123
0.00330607
0.00371933
0.00329018
0.00362396
0.00395775
0.0035127
0.00368754
0.00349681
0.00340144
0.00343323
0.00348091
0.00346502
0.00301997
0.00335375
0.00352859
0.00405312
0.0038147
0.00373522
0.00344912
0.00365575
0.00367165
0.00387828
0.00391006
0.00362396
0.00418027
0.00360807
0.00424385
0.00386238
0.00359217
0.00389417
0.00429153
0.00376701
0.00416438
0.00386238
0.00475248
0.00433922
0.00441869
0.00427564
0.00427564
0.00411669
0.00445048
0.00483195
0.00478427
0.00494321
0.00473658
0.00445048
0.00481606
0.00437101
0.00524521
0.004975
0.00524521
0.0049909
0.00532468
0.00554721
0.00602404
0.00675519
0.00856717
0.0105222
0.0163873
0.0261466
0.03829
0.0643571
0.0909805
0.123278
0.163476
0.204166
0.246986
0.298882
0.344086
0.411987
0.4831
0.559839
0.674804
0.807206
0.944583
1.10197
1.28148
1.44827
1.60535
1.74359
1.87241
2.01438
2.18148
2.35532
2.51962
2.59639
2.64699
2.58074
2.35887
2.12277
1.99773
1.98415
2.03476
2.10493
2.17142
2.24322
2.35712
2.47986
2.58649
2.65608
2.77128
2.90515
3.00228
3.06479
3.10448
3.06206
2.99026
2.91605
2.90963
2.84154
2.64564
2.31373
1.88092
1.48023
1.12025
0.750335
0.439453
0.227292
0.106208
0.0504335
0.0248909
0.0154654
0.0104745
0.00713666
0.00634193
0.00540415
0.00462532
0.00502268
0.00460943
0.00414848
0.0040849
0.00349681
0.00336965
0.00282923
0.00259082
0.00208219
0.00228882
0.00157356
0.00128746
0.000953674
0.00073115
0.000603994
0.000492732
0.000254313
0.000286102
0.000143051
7.94729e-05
9.53674e-05
0
1.58946e-05
0
0
0
0
0
0
0
0
0
0
0
0
0
0
0
0
0
0
0
0
0
0
0
0
0
0
0
0
0
0
0
0
0
0
0
0
0
0
0
0
0
0
0
0
0
