0.0377973
0.00421206
0.00460943
0.00464122
0.0040849
0.00518163
0.00514984
0.00518163
0.00540415
0.00581741
0.0067393
0.00759761
0.00853539
0.0103951
0.0113169
0.0137806
0.0163555
0.0192006
0.0219186
0.0246684
0.0275612
0.0318686
0.0293414
0.0270367
0.0231584
0.020949
0.0186602
0.0158628
0.0153859
0.0142256
0.0140985
0.011603
0.00933011
0.00871023
0.00831286
0.00816981
0.0073274
0.00769297
0.00723203
0.00651677
0.00581741
0.00591278
0.00510216
0.00542005
0.00534058
0.004673
0.00534058
0.00487963
0.00480016
0.00470479
0.00452995
0.004975
0.00435511
0.00425975
0.00413259
0.00462532
0.00402133
0.00459353
0.00448227
0.00398954
0.00448227
0.00397364
0.00391006
0.00354449
0.00376701
0.00311534
0.00427564
0.00386238
0.00357628
0.00437101
0.00429153
0.00418027
0.00391006
0.00441869
0.00424385
0.00391006
0.00451406
0.00411669
0.00480016
0.00425975
0.0046889
0.00505447
0.00491142
0.00540415
0.00473658
0.00443459
0.0046889
0.00524521
0.00570615
0.00505447
0.00503858
0.00553131
0.00530879
0.00559489
0.00519753
0.00542005
0.00510216
0.00532468
0.00575384
0.005277
0.00564257
0.00514984
0.00545184
0.005277
0.00594457
0.00559489
0.00659625
0.00567436
0.00588099
0.00642141
0.00589689
0.00650088
0.00576973
0.00659625
0.00626246
0.00658035
0.0064532
0.00678698
0.00770887
0.00662804
0.00694593
0.00797908
0.0093778
0.0122388
0.0163714
0.0220935
0.0306129
0.0441551
0.0637531
0.0897249
0.120815
0.167545
0.226768
0.305335
0.394233
0.492938
0.604598
0.706482
0.821463
0.932646
1.03528
1.12309
1.17451
1.20676
1.21781
1.23838
1.27831
1.37264
1.47614
1.61482
1.84205
2.13404
2.59515
3.15749
3.59654
3.73611
3.81465
4.04255
4.42432
4.66418
4.75291
4.87377
4.98573
5.02113
4.80911
4.33423
3.77862
3.24024
2.84381
2.48063
2.0404
1.47939
0.978359
0.617981
0.373729
0.226529
0.139332
0.0820637
0.0530084
0.0299931
0.0178655
0.010697
0.00747045
0.00616709
0.00553131
0.00489553
0.00481606
0.00411669
0.00445048
0.00363986
0.00352859
0.00340144
0.0032266
0.00279744
0.00230471
0.00241597
0.00206629
0.00158946
0.00163714
0.00130335
0.000953674
0.000921885
0.000826518
0.000317891
0.000349681
0.000254313
0.000365575
0.000301997
0.000127157
0.000111262
0.000111262
4.76837e-05
4.76837e-05
1.58946e-05
1.58946e-05
1.58946e-05
1.58946e-05
1.58946e-05
0
0
0
0
0
0
0
0
0
0
0
0
0
0
0
0
0
0
0
0
0
0
0
0
0
0
0
0
0
0
0
0
0
0
0
0
0
0
