0.0135899
0.0026226
0.00273387
0.00282923
0.00290871
0.00348091
0.00397364
0.00359217
0.00363986
0.00419617
0.00516574
0.00508626
0.00491142
0.00607173
0.00624657
0.00715256
0.00780423
0.00893275
0.0106176
0.0123024
0.0131925
0.0143528
0.0161966
0.0154336
0.0164668
0.0175953
0.0175953
0.0180721
0.0168482
0.017786
0.0172774
0.0178973
0.0171502
0.0157833
0.0152906
0.0139236
0.0118097
0.010999
0.0107924
0.00872612
0.00856717
0.00853539
0.00721614
0.00607173
0.00631015
0.00589689
0.00561078
0.00484784
0.00483195
0.00491142
0.00487963
0.00448227
0.00394185
0.00370344
0.00394185
0.00435511
0.00375112
0.00400543
0.0037988
0.00368754
0.00352859
0.00346502
0.00406901
0.00343323
0.00365575
0.00349681
0.00332197
0.00319481
0.00352859
0.00343323
0.00340144
0.00368754
0.00357628
0.00376701
0.00413259
0.00367165
0.00424385
0.00403722
0.0037988
0.00411669
0.00386238
0.00383059
0.00416438
0.00424385
0.00413259
0.00414848
0.0038147
0.00394185
0.00437101
0.00435511
0.00437101
0.00418027
0.00425975
0.00460943
0.00446637
0.0043869
0.00502268
0.00464122
0.00462532
0.00491142
0.00478427
0.004975
0.00451406
0.00495911
0.00452995
0.00452995
0.00481606
0.00495911
0.00494321
0.00548363
0.00522931
0.00521342
0.00543594
0.00594457
0.00635783
0.00664393
0.0076135
0.0087897
0.010252
0.0132402
0.0184218
0.0256697
0.0339667
0.0488758
0.0629743
0.0791073
0.0923634
0.100231
0.103617
0.105079
0.108337
0.111977
0.117842
0.132259
0.144132
0.167306
0.205119
0.249481
0.315634
0.37473
0.431188
0.503381
0.57265
0.674184
0.7785
0.880877
1.00519
1.14334
1.29979
1.45199
1.53035
1.55395
1.54438
1.49922
1.44835
1.38575
1.36744
1.39373
1.39635
1.37202
1.36757
1.38335
1.43096
1.45
1.43412
1.37668
1.28144
1.1683
1.06767
1.0287
1.06864
1.1294
1.18747
1.24726
1.28999
1.35121
1.45067
1.62676
1.81241
2.00289
2.16398
2.24977
2.24884
2.17532
2.07737
2.02972
2.10455
2.24504
2.32259
2.30053
2.24032
2.15476
2.1067
1.99639
1.79189
1.5704
1.32225
1.10718
0.958649
0.832796
0.730626
0.633605
0.552177
0.487645
0.456762
0.491444
0.563208
0.61574
0.629091
0.558567
0.447226
0.337474
0.260274
0.194041
0.154845
0.130463
0.120258
0.108846
0.10829
0.103251
0.0917435
0.0866254
0.0766118
0.0620524
0.0500361
0.0358582
0.0288645
0.0298977
0.0210444
0.0148455
0.00637372
0.00363986
0.00232061
0.00154177
0.0017484
0.00178019
0.00136693
0.00127157
0.00101725
0.00108083
0.000794729
0.000810623
0.000778834
0.000635783
0.000333786
0.000397364
0.000206629
0.000158946
0.000143051
0.000143051
6.35783e-05
7.94729e-05
3.17891e-05
3.17891e-05
1.58946e-05
0
