0.0216961
0.00255903
0.00286102
0.00319481
0.00309944
0.00314713
0.00327428
0.00433922
0.00491142
0.00535647
0.00602404
0.00705719
0.00831286
0.00950495
0.01146
0.011603
0.0121276
0.0125249
0.0121435
0.0118097
0.0117779
0.0112216
0.0112216
0.011762
0.0110467
0.0116507
0.011603
0.0117302
0.012207
0.0129223
0.0124931
0.0132084
0.0129859
0.0130018
0.012207
0.0124772
0.0123819
0.0113964
0.0113964
0.0109196
0.0115236
0.0106335
0.0102679
0.00969569
0.0100136
0.00977516
0.00928243
0.00882149
0.00918706
0.0085036
0.00813802
0.00783602
0.0067393
0.00774066
0.00686646
0.00710487
0.00769297
0.00778834
0.0082016
0.00888507
0.0110785
0.0144005
0.0178178
0.0225862
0.028038
0.0321865
0.0414213
0.0478109
0.058047
0.0672023
0.0761509
0.0837962
0.090456
0.0969092
0.09799
0.0988801
0.104141
0.108051
0.11309
0.116889
0.116142
0.113916
0.117556
0.12029
0.127522
0.132068
0.134738
0.143417
0.154241
0.164207
0.174157
0.184917
0.199699
0.216436
0.225258
0.235351
0.249052
0.261323
0.270367
0.263866
0.26838
0.277122
0.280364
0.277917
0.285959
0.279045
0.279983
0.279681
0.284926
0.289265
0.291204
0.291252
0.298405
0.301901
0.313997
0.329431
0.343418
0.357803
0.376622
0.387494
0.391928
0.380325
0.36761
0.351874
0.339476
0.323931
0.314252
0.306288
0.301504
0.306304
0.301981
0.306177
0.315587
0.319433
0.313743
0.310977
0.32649
0.330861
0.352764
0.374635
0.391817
0.422049
0.466124
0.530752
0.575431
0.62383
0.668478
0.70459
0.736698
0.733646
0.731993
0.750446
0.760412
0.795937
0.820939
0.839726
0.836039
0.792297
0.746695
0.710519
0.697438
0.705624
0.713587
0.726
0.736078
0.748618
0.762161
0.778373
0.77281
0.749095
0.718991
0.684357
0.64834
0.614293
0.594934
0.547806
0.520643
0.515779
0.518068
0.527827
0.527477
0.532913
0.535377
0.528606
0.510136
0.475677
0.469414
0.48062
0.510359
0.540288
0.554562
0.570472
0.622733
0.698105
0.769011
0.831318
0.866461
0.896088
0.904703
0.900936
0.901286
0.921011
0.949415
1.00749
1.06802
1.11062
1.1769
1.20988
1.21484
1.20687
1.15466
1.06983
1.015
1.03029
1.01663
1.00258
1.03734
1.1143
1.14479
1.16162
1.09383
1.01147
0.967995
0.95218
0.990582
0.994507
0.993013
1.09669
1.34548
1.5947
1.5645
1.44261
1.32187
1.24035
0.968154
0.797383
0.688871
0.629902
0.448926
0.258938
0.124168
0.0455221
0.0131607
0.00271797
0.0014782
0.00128746
0.00108083
0.00125567
0.00108083
0.00108083
0.000985463
0.00125567
0.00093778
0.000842412
0.000683467
0.00953674
