0.0148137
0.00257492
0.00338554
0.00317891
0.00348091
0.00371933
0.00391006
0.00441869
0.0049909
0.0049909
0.00592868
0.00603994
0.00759761
0.00742277
0.00891685
0.0105381
0.0122229
0.0147502
0.0169595
0.0200431
0.021712
0.0232061
0.0231902
0.0216802
0.022157
0.0192165
0.0174999
0.0172138
0.0146707
0.0142415
0.0136216
0.0124137
0.0128905
0.011762
0.0118097
0.0115554
0.0124137
0.011905
0.0121911
0.0119686
0.0128428
0.0112851
0.0121435
0.0114759
0.0115395
0.0116189
0.0117302
0.0112693
0.0101566
0.0100295
0.00961622
0.00847181
0.00832876
0.00777245
0.00751813
0.00710487
0.00640551
0.00619888
0.00580152
0.00597636
0.00634193
0.00583331
0.00557899
0.00480016
0.00530879
0.00537237
0.004975
0.00502268
0.00480016
0.00511805
0.00503858
0.00545184
0.00546773
0.00570615
0.00507037
0.00530879
0.00596046
0.00567436
0.00616709
0.00659625
0.00710487
0.00724792
0.00845591
0.00920296
0.0113487
0.0126521
0.0152588
0.0188192
0.023222
0.0271161
0.0308037
0.0343323
0.0406742
0.0422955
0.0478903
0.0536919
0.0617981
0.0727336
0.0833035
0.0958284
0.107543
0.127379
0.140349
0.155862
0.164207
0.16729
0.164795
0.168069
0.172726
0.187127
0.200939
0.213861
0.236384
0.271447
0.320053
0.38468
0.491238
0.593313
0.674264
0.702524
0.69809
0.659641
0.622288
0.588036
0.565799
0.536156
0.505495
0.493193
0.4896
0.492493
0.494099
0.498676
0.507307
0.509818
0.505114
0.48968
0.487153
0.48275
0.477775
0.482829
0.487343
0.485945
0.497119
0.496928
0.479746
0.471958
0.480747
0.512568
0.584539
0.68175
0.790469
0.864363
0.888809
0.908152
0.942357
0.994221
1.03145
1.0745
1.06047
1.06516
1.10497
1.17925
1.25159
1.28729
1.25397
1.23733
1.23399
1.19767
1.16808
1.13962
1.13114
1.09515
1.04129
0.99198
0.950893
0.931215
0.92802
0.946267
0.979185
0.983524
1.00392
1.0328
1.10782
1.19135
1.25343
1.22015
1.13991
1.06986
1.00501
0.987371
0.9981
0.995859
1.00336
0.991631
0.98273
0.975672
0.963895
0.930945
0.881894
0.803868
0.775433
0.749683
0.741371
0.714938
0.684118
0.649452
0.609048
0.599607
0.587893
0.568549
0.559823
0.570965
0.581137
0.61094
0.629441
0.636228
0.604121
0.574795
0.528574
0.487264
0.475534
0.480461
0.49359
0.496944
0.541592
0.59096
0.632509
0.685676
0.737683
0.804059
0.826534
0.788943
0.775528
0.801802
0.777102
0.701046
0.575638
0.464439
0.36521
0.235351
0.118303
0.0516256
0.0151157
0.00418027
0.0026226
0.00178019
0.00149409
0.00150998
0.00143051
0.00123978
0.00112851
0.00100136
0.000890096
0.000635783
0.000683467
0.00389417
