0.0199795
0.00389417
0.00389417
0.00483195
0.00475248
0.00549952
0.00637372
0.00599225
0.0070254
0.00858307
0.0093619
0.0110308
0.0128746
0.0146389
0.0172933
0.0198046
0.022014
0.0231107
0.0256697
0.026226
0.0263055
0.0253677
0.0256062
0.0266234
0.0244459
0.0228087
0.0213146
0.0185013
0.0173092
0.0155449
0.0145435
0.0130335
0.0121435
0.0114441
0.0107288
0.00883738
0.00871023
0.00770887
0.00753403
0.00726382
0.00716845
0.00662804
0.00602404
0.00549952
0.00535647
0.00581741
0.00600815
0.00588099
0.00578562
0.00573794
0.00522931
0.00511805
0.0046889
0.00503858
0.00516574
0.00540415
0.00576973
0.00519753
0.00597636
0.00542005
0.00573794
0.0055631
0.00516574
0.00554721
0.00503858
0.00549952
0.00540415
0.00521342
0.00551542
0.00594457
0.00588099
0.00611941
0.00634193
0.00564257
0.0058492
0.00588099
0.00605583
0.00616709
0.0058492
0.00581741
0.00573794
0.00548363
0.00596046
0.00589689
0.00472069
0.00618299
0.00573794
0.00589689
0.0058492
0.00518163
0.00567436
0.00627836
0.00629425
0.00570615
0.00634193
0.00545184
0.00596046
0.00611941
0.00592868
0.00683467
0.00670751
0.00697772
0.00699361
0.0076135
0.0081857
0.0081857
0.0087897
0.00915527
0.00977516
0.0109673
0.0142415
0.016435
0.0239213
0.0336488
0.0475566
0.0657399
0.0898679
0.116173
0.140587
0.166798
0.203371
0.289234
0.42785
0.590611
0.741545
0.837247
0.921011
1.00652
1.15814
1.33621
1.55147
1.76787
1.91782
2.01807
2.1872
2.36592
2.50982
2.53059
2.38226
2.15559
1.85318
1.62179
1.46751
1.41738
1.47983
1.65318
1.81645
1.9125
1.90819
1.76767
1.54643
1.37773
1.33136
1.36952
1.4583
1.57491
1.65388
1.71493
1.72741
1.74605
1.77794
1.76705
1.67572
1.54088
1.41854
1.27484
1.16321
1.13777
1.19729
1.36202
1.55176
1.70185
1.73815
1.71272
1.58393
1.45378
1.35425
1.26939
1.14465
0.985909
0.804806
0.625038
0.507577
0.417026
0.360823
0.301584
0.258795
0.223923
0.20051
0.190735
0.184202
0.186268
0.204833
0.223653
0.239118
0.236877
0.226514
0.198968
0.186014
0.18061
0.164668
0.155926
0.144545
0.133848
0.129557
0.12056
0.108353
0.0912348
0.0818412
0.0688394
0.0608126
0.0526905
0.0476837
0.0475248
0.0446002
0.0384808
0.0341574
0.030454
0.023063
0.0201225
0.0174205
0.016578
0.0151793
0.0145117
0.0152906
0.0173251
0.018088
0.0176589
0.0181834
0.0217279
0.0218232
0.0263532
0.0281493
0.0278791
0.027736
0.0243664
0.0253201
0.0188033
0.019296
0.0212193
0.0262101
0.0295162
0.0227292
0.0206312
0.0168006
0.0166098
0.0175794
0.0156879
0.0126521
0.00874201
0.0058651
0.00416438
0.00224113
0.00101725
0.000222524
6.35783e-05
