0.0130971
0.00297228
0.00271797
0.00317891
0.00343323
0.00367165
0.00398954
0.00421206
0.004975
0.00494321
0.00564257
0.00605583
0.00608762
0.00656446
0.0073115
0.00839233
0.00912348
0.00947316
0.0108083
0.0108878
0.0121752
0.0124613
0.01448
0.0138442
0.0157356
0.0156244
0.0149568
0.0146548
0.0150045
0.0138283
0.0143687
0.0144164
0.0142892
0.0139713
0.0128269
0.0116189
0.0111898
0.0106335
0.0100772
0.0102202
0.00915527
0.00872612
0.00809034
0.00774066
0.00667572
0.00610352
0.00608762
0.00557899
0.00634193
0.00569026
0.00564257
0.00540415
0.00545184
0.00495911
0.00475248
0.00464122
0.00489553
0.00492732
0.00446637
0.00451406
0.00457764
0.00429153
0.00437101
0.00465711
0.00422796
0.0040849
0.00354449
0.00427564
0.00383059
0.00441869
0.00387828
0.00376701
0.00459353
0.00448227
0.00429153
0.00465711
0.00446637
0.0041008
0.00503858
0.00418027
0.00480016
0.00454585
0.00457764
0.00484784
0.00510216
0.00519753
0.00529289
0.00519753
0.00575384
0.00532468
0.00600815
0.00561078
0.00540415
0.0070254
0.00642141
0.00729561
0.00780423
0.00985463
0.0124137
0.0176589
0.0257174
0.0382106
0.0576814
0.0831604
0.121307
0.171407
0.237449
0.324694
0.445032
0.596174
0.812308
1.05618
1.3004
1.50104
1.63272
1.67467
1.65052
1.60847
1.53802
1.45979
1.39688
1.31888
1.23905
1.14017
1.06359
1.02398
0.980647
0.976753
0.964133
0.920057
0.891558
0.878954
0.878525
0.874949
0.863457
0.855287
0.877444
0.906006
0.933011
0.933282
0.946633
0.954405
0.963322
0.996701
1.03286
1.06727
1.08279
1.09785
1.0948
1.08501
1.05007
1.0146
0.960048
0.910044
0.869036
0.843875
0.83704
0.839376
0.831238
0.831715
0.868877
0.932566
1.02107
1.10294
1.16576
1.21992
1.24159
1.23897
1.24378
1.1872
1.10696
1.02879
0.953118
0.893688
0.868956
0.862837
0.857401
0.890414
0.967582
1.07471
1.15805
1.25192
1.28179
1.26489
1.20114
1.12418
1.05611
1.02782
0.986306
0.971905
0.93708
0.89825
0.851583
0.793727
0.708818
0.63138
0.577116
0.521469
0.481749
0.456667
0.441583
0.416263
0.381724
0.339254
0.300471
0.273005
0.232379
0.202004
0.170803
0.145578
0.119861
0.101964
0.0938574
0.0854492
0.0790596
0.0775019
0.0816504
0.0838121
0.0836054
0.0857194
0.0843207
0.0797272
0.0734011
0.0607808
0.0579675
0.0614643
0.0648181
0.0624975
0.0548999
0.0389576
0.0308514
0.0272751
0.023826
0.0222047
0.024875
0.0273705
0.026083
0.0279427
0.0230153
0.0154654
0.0108401
0.0101248
0.00899633
0.00745455
0.00530879
0.00480016
0.00341733
0.00333786
0.00324249
0.00244776
0.00343323
0.00314713
0.00354449
0.00553131
0.00125567
0.0348886
