0.00341733
0.0014782
0.00217756
0.00249545
0.00335375
0.00480016
0.00596046
0.00799497
0.00963211
0.011603
0.0138442
0.0182788
0.0229994
0.0272433
0.0324567
0.0371456
0.0373363
0.0381947
0.0368595
0.0330925
0.0328382
0.0281493
0.0250975
0.0228405
0.0199954
0.0188033
0.0157674
0.0147502
0.013717
0.0123183
0.0107129
0.00998179
0.00869433
0.0087738
0.00842412
0.0082016
0.00729561
0.00648499
0.00680288
0.00626246
0.00569026
0.00597636
0.00553131
0.00522931
0.00570615
0.00551542
0.00538826
0.00546773
0.00535647
0.00489553
0.00588099
0.00681877
0.00886917
0.0108083
0.0145435
0.0196298
0.0285149
0.0401179
0.0564257
0.0849247
0.111818
0.14294
0.169071
0.193803
0.214926
0.233571
0.2484
0.255458
0.274467
0.292397
0.313807
0.33927
0.356611
0.371345
0.387303
0.394805
0.406631
0.414197
0.432889
0.441011
0.453933
0.47307
0.468334
0.478903
0.481796
0.493272
0.492016
0.48302
0.465473
0.456174
0.437069
0.415119
0.405582
0.391674
0.384251
0.391483
0.387176
0.389783
0.387875
0.378307
0.367355
0.362937
0.36513
0.371965
0.390307
0.395584
0.400003
0.407918
0.404771
0.402133
0.399812
0.405709
0.411447
0.414944
0.42181
0.437355
0.448974
0.469017
0.482734
0.490983
0.505495
0.512425
0.513792
0.514269
0.523822
0.507895
0.479809
0.457303
0.445573
0.441122
0.444253
0.466299
0.478411
0.520293
0.579166
0.665617
0.766436
0.890891
1.00967
1.14121
1.27605
1.39823
1.50301
1.58857
1.61166
1.60939
1.58335
1.54932
1.52556
1.46804
1.40045
1.32806
1.26007
1.19888
1.13002
1.06405
0.996192
0.922521
0.849962
0.785923
0.741593
0.729672
0.741514
0.770553
0.762494
0.770887
0.784095
0.766548
0.760174
0.759411
0.760905
0.797049
0.80692
0.792122
0.7514
0.701873
0.654189
0.626723
0.593503
0.564845
0.557518
0.561794
0.572379
0.567977
0.555468
0.53196
0.542657
0.543149
0.550302
0.541115
0.525395
0.501331
0.48302
0.474946
0.466617
0.454617
0.429932
0.427262
0.422017
0.42038
0.415675
0.422255
0.423288
0.440947
0.460752
0.46587
0.460005
0.427373
0.377719
0.335026
0.305128
0.286865
0.270716
0.264009
0.25843
0.258859
0.257826
0.267378
0.282176
0.315746
0.354608
0.374889
0.424417
0.448879
0.480318
0.503985
0.509691
0.473277
0.453488
0.437291
0.413497
0.361697
0.312932
0.243171
0.195614
0.141907
0.104952
0.0685056
0.0434875
0.026989
0.0144005
0.00651677
0.00168482
0.000715256
9.53674e-05
3.17891e-05
0
3.17891e-05
0
1.58946e-05
1.58946e-05
0
0
0
0
0
