0.0073115
0.00203451
0.00276566
0.00357628
0.00406901
0.00448227
0.00578562
0.00653267
0.00713666
0.00883738
0.0102202
0.0121593
0.0150998
0.0166893
0.0206947
0.0234286
0.0295639
0.035127
0.0405788
0.0426928
0.0378291
0.0352701
0.0332355
0.0301043
0.0294526
0.0302315
0.0303109
0.0284354
0.0285308
0.0274976
0.0248432
0.0253042
0.0240962
0.0265121
0.0255903
0.0258287
0.0245094
0.023826
0.0230948
0.0209332
0.0186125
0.0170708
0.0148137
0.0129859
0.0120481
0.0114123
0.0106017
0.00995
0.0100613
0.00855128
0.00826518
0.00794729
0.00769297
0.00859896
0.0084877
0.00828107
0.00874201
0.00802676
0.0076135
0.00737508
0.00748634
0.00747045
0.00740687
0.00683467
0.00756582
0.00724792
0.00778834
0.00804265
0.00750224
0.00774066
0.00778834
0.00739098
0.00823339
0.00823339
0.00742277
0.00866254
0.00812213
0.00807444
0.00844002
0.00864665
0.00856717
0.0090758
0.00861486
0.00856717
0.00963211
0.00925064
0.00969569
0.00942548
0.0103792
0.00995
0.0101248
0.0104268
0.0108242
0.0105063
0.0112693
0.0112534
0.0109037
0.0117302
0.0118732
0.0113964
0.011762
0.0117779
0.0122388
0.0122388
0.0129223
0.0131289
0.0124772
0.0132243
0.0130971
0.0136216
0.0140349
0.0137647
0.0148296
0.0146707
0.0150363
0.0164827
0.0169754
0.0184377
0.0199477
0.0233809
0.0293255
0.0361284
0.0474612
0.0657717
0.0923475
0.126696
0.175508
0.243044
0.335455
0.452089
0.600179
0.787131
1.00595
1.24407
1.45833
1.62175
1.74816
1.83123
1.87799
1.8929
1.84412
1.77269
1.64385
1.53176
1.42228
1.3127
1.23722
1.14773
1.08344
1.00795
0.938511
0.886885
0.837104
0.816456
0.782776
0.753895
0.744867
0.739082
0.713285
0.674963
0.632906
0.598669
0.554053
0.546551
0.562064
0.584984
0.609144
0.65128
0.712713
0.766309
0.808398
0.829331
0.835276
0.829458
0.836945
0.862694
0.899426
0.93991
0.949605
0.946554
0.957775
0.976372
0.987291
0.998449
1.00339
1.01751
1.02439
1.01679
1.01673
1.02185
1.03017
1.03912
1.0423
1.05087
1.06212
1.04952
1.02728
0.977294
0.913763
0.85578
0.807826
0.786066
0.750192
0.72039
0.680208
0.657002
0.628646
0.604963
0.581042
0.562191
0.546074
0.532834
0.514237
0.511599
0.523869
0.543865
0.570615
0.587066
0.594219
0.59123
0.581058
0.580088
0.576194
0.559362
0.591342
0.630347
0.638644
0.634416
0.596587
0.55755
0.513109
0.462484
0.396617
0.367562
0.332197
0.329304
0.319433
0.342735
0.430282
0.533152
0.590738
0.614262
0.628312
0.603008
0.483767
0.29424
0.125392
0.036033
0.0115712
0.00640551
0.00465711
0.0049909
0.00480016
0.00495911
0.00370344
0.0134627
