0.000254313
0.000254313
0.000540415
0.000651677
0.00128746
0.00158946
0.00228882
0.00411669
0.00621478
0.00855128
0.0121276
0.0154336
0.0212669
0.0270685
0.0323137
0.0393391
0.0440121
0.0450611
0.0440121
0.0371138
0.0306765
0.0254472
0.0213146
0.0185013
0.0166416
0.0166734
0.01448
0.0132243
0.0112216
0.0104268
0.00960032
0.0102838
0.00931422
0.00931422
0.0087738
0.00837644
0.00869433
0.00778834
0.00718435
0.00762939
0.00720024
0.00739098
0.00707308
0.00705719
0.00694593
0.00705719
0.0073274
0.00600815
0.00654856
0.00619888
0.00678698
0.00653267
0.00637372
0.00619888
0.00616709
0.00570615
0.00635783
0.00619888
0.00554721
0.00611941
0.00578562
0.0061353
0.00551542
0.00618299
0.00572205
0.00549952
0.00538826
0.00592868
0.00592868
0.00551542
0.00576973
0.00599225
0.00564257
0.00557899
0.00529289
0.0058492
0.00553131
0.00559489
0.00599225
0.00651677
0.00589689
0.00758171
0.00821749
0.00961622
0.0143528
0.0186284
0.0271002
0.039053
0.0557899
0.0783761
0.105254
0.131941
0.159883
0.18061
0.199827
0.206677
0.204118
0.200764
0.199302
0.19509
0.200574
0.20299
0.21747
0.230312
0.245221
0.26172
0.28588
0.309197
0.33404
0.356976
0.375605
0.402403
0.438325
0.47075
0.508753
0.539287
0.573715
0.62
0.655111
0.692733
0.709105
0.724363
0.727622
0.748968
0.750065
0.76348
0.761859
0.754023
0.721375
0.683705
0.641696
0.603422
0.598415
0.603739
0.623608
0.670497
0.707467
0.760682
0.820255
0.884819
0.945139
1.01031
1.06584
1.08701
1.08852
1.06878
1.03148
0.987371
0.955041
0.939163
0.918897
0.900253
0.885677
0.862598
0.864156
0.83979
0.820843
0.805553
0.793282
0.756343
0.705194
0.663789
0.63076
0.604868
0.602039
0.597032
0.601689
0.608412
0.606982
0.617107
0.603469
0.574859
0.563002
0.5651
0.566022
0.57381
0.582854
0.596062
0.628583
0.640361
0.640901
0.645844
0.657113
0.69712
0.718228
0.716909
0.681432
0.613276
0.551542
0.517877
0.527016
0.573587
0.626787
0.694227
0.738319
0.749111
0.736586
0.700823
0.660753
0.640615
0.608873
0.58074
0.573365
0.607347
0.655158
0.719134
0.760253
0.769949
0.798575
0.852648
0.886838
0.873629
0.807444
0.732327
0.701714
0.693703
0.699218
0.698789
0.689173
0.664393
0.651836
0.619682
0.602452
0.589085
0.596889
0.624641
0.657161
0.719213
0.800482
0.956011
1.0294
1.09925
1.12863
1.11259
1.02097
0.972923
0.951465
0.891844
0.695435
0.595617
0.271447
0.0871976
0.0201702
0.00241597
0.000238419
4.76837e-05
0
0
0
0
0
0
0
0
0
0
