0.00100136
0.000476837
0.00073115
0.00131925
0.0023524
0.00376701
0.00635783
0.00851949
0.0123978
0.0161012
0.0204245
0.0243982
0.0290076
0.0328064
0.0302156
0.0293891
0.0258923
0.0210603
0.0176748
0.0146389
0.014019
0.0131289
0.0120322
0.0113487
0.00979106
0.00826518
0.00813802
0.00716845
0.00694593
0.00646909
0.00611941
0.00661214
0.0064373
0.00642141
0.00549952
0.00502268
0.00532468
0.00513395
0.00487963
0.00411669
0.00459353
0.00489553
0.00484784
0.00451406
0.00521342
0.0044028
0.00476837
0.0044028
0.00414848
0.0040849
0.00448227
0.0041008
0.00400543
0.00448227
0.00402133
0.00400543
0.00406901
0.00370344
0.00400543
0.00403722
0.00402133
0.00435511
0.00356038
0.00389417
0.00370344
0.00349681
0.00402133
0.00400543
0.00370344
0.00368754
0.00416438
0.00419617
0.00383059
0.00376701
0.00391006
0.00378291
0.00391006
0.00441869
0.0037988
0.00427564
0.00430743
0.00441869
0.00414848
0.00392596
0.00462532
0.00432332
0.00414848
0.00427564
0.00405312
0.00432332
0.00391006
0.00470479
0.00451406
0.00451406
0.00476837
0.00494321
0.00549952
0.005277
0.0049909
0.00569026
0.00513395
0.00518163
0.00594457
0.00654856
0.00594457
0.00621478
0.00675519
0.00693003
0.00699361
0.00659625
0.00766118
0.00783602
0.00861486
0.00871023
0.00925064
0.0104427
0.0121435
0.015529
0.0199
0.0286579
0.041914
0.0666777
0.108941
0.182025
0.297689
0.468254
0.681496
0.936079
1.20775
1.45922
1.66345
1.80362
1.8911
1.91809
1.9204
1.93704
1.92461
1.88905
1.82821
1.7794
1.76841
1.82514
1.92417
2.02842
2.12137
2.21345
2.25323
2.27609
2.30942
2.33367
2.33157
2.28418
2.16901
2.05169
1.98736
1.97956
1.99202
2.06019
2.14407
2.22484
2.25282
2.23815
2.1416
2.00411
1.86057
1.77035
1.72744
1.71831
1.69298
1.61157
1.50078
1.37882
1.28819
1.20659
1.13583
1.06851
0.979598
0.878668
0.779676
0.698519
0.608412
0.539811
0.468747
0.39161
0.303888
0.219091
0.143607
0.0861804
0.0531991
0.0302156
0.018088
0.0104586
0.00569026
0.00287692
0.00173251
0.000826518
0.00038147
0.000127157
6.35783e-05
0
0
0
0
0
0
0
0
0
0
0
0
0
0
0
0
0
0
0
0
0
0
0
0
0
0
0
0
0
0
0
0
0
0
0
0
0
0
0
0
0
0
0
0
0
0
0
0
0
0
0
0
0
0
0
0
0
