0.000508626
0.000317891
0.000333786
0.000238419
0.000508626
0.00055631
0.000667572
0.000858307
0.00119209
0.00108083
0.00168482
0.00162125
0.00222524
0.0023524
0.00311534
0.00336965
0.00329018
0.00356038
0.00421206
0.00502268
0.00530879
0.00580152
0.00656446
0.0070254
0.00740687
0.00750224
0.00856717
0.00931422
0.00988642
0.0109196
0.0111262
0.0115871
0.0112693
0.0110944
0.0116984
0.011762
0.0113169
0.011762
0.011762
0.0112693
0.0108719
0.0111898
0.00920296
0.00955264
0.00831286
0.00902812
0.00837644
0.0085036
0.00864665
0.0087738
0.00770887
0.00780423
0.00708898
0.00696182
0.00756582
0.00696182
0.00686646
0.0067234
0.00631015
0.00631015
0.00562668
0.00569026
0.00602404
0.00592868
0.00565847
0.00534058
0.00545184
0.00549952
0.00554721
0.00543594
0.00470479
0.00516574
0.00494321
0.00505447
0.00483195
0.00481606
0.00459353
0.004673
0.00443459
0.00480016
0.0044028
0.00519753
0.00470479
0.004673
0.0049909
0.00489553
0.00446637
0.00462532
0.00491142
0.00424385
0.00459353
0.00421206
0.00443459
0.00437101
0.00432332
0.00446637
0.00494321
0.005277
0.00491142
0.00510216
0.00530879
0.00505447
0.00465711
0.00484784
0.00542005
0.00511805
0.005277
0.0058651
0.00567436
0.00572205
0.00658035
0.00688235
0.00621478
0.00705719
0.00723203
0.00758171
0.00724792
0.00727971
0.00836054
0.00834465
0.00793139
0.0087738
0.00858307
0.00931422
0.00945727
0.00928243
0.00923475
0.00969569
0.0101566
0.00990232
0.0103951
0.0101248
0.00975927
0.0106176
0.00979106
0.0102043
0.0104586
0.0093778
0.0101566
0.0103156
0.0104427
0.0103951
0.0100772
0.0106812
0.0104427
0.00991821
0.0108719
0.0105063
0.0113487
0.0112851
0.0106494
0.011301
0.0117461
0.0125567
0.013272
0.0154972
0.0169754
0.0196775
0.0269095
0.0420094
0.0745296
0.146755
0.286611
0.539017
0.952117
1.50852
2.13202
2.7802
3.31655
3.75657
4.14481
4.56858
5.06703
5.66713
6.25459
6.68707
6.77179
6.30611
5.26058
4.05455
3.02593
2.33159
1.88276
1.543
1.32009
1.15434
1.04446
0.965532
0.911109
0.865587
0.808827
0.741561
0.672404
0.617599
0.586144
0.573635
0.555452
0.536474
0.507561
0.475073
0.442076
0.414244
0.394567
0.365861
0.34407
0.325759
0.310135
0.289043
0.278552
0.271654
0.257508
0.252676
0.250419
0.243346
0.244013
0.236924
0.226927
0.219345
0.205596
0.198539
0.192436
0.185172
0.177717
0.168769
0.15707
0.142368
0.116666
0.0950336
0.0756105
0.0634988
0.0606537
0.0557105
0.049003
0.0433286
0.0282923
0.0123978
0.00691414
0.00360807
0.00178019
0.000747045
0.000651677
0.000127157
0.000190735
0.00017484
0.000143051
1.58946e-05
7.94729e-05
6.35783e-05
1.58946e-05
1.58946e-05
3.17891e-05
0
0
0
0
0
