0
0
0
1.58946e-05
3.17891e-05
6.35783e-05
1.58946e-05
0.000190735
0.000254313
0.000572205
0.00100136
0.00209808
0.0038147
0.00596046
0.0110467
0.0170708
0.0261625
0.032568
0.0359535
0.0360648
0.0349522
0.0326792
0.0302315
0.029103
0.0278473
0.0253677
0.0229836
0.0203609
0.0195821
0.0174681
0.017341
0.0167211
0.0171661
0.0168324
0.0164191
0.0160058
0.0144641
0.0130494
0.0136852
0.0130812
0.0116825
0.0127316
0.0115236
0.010856
0.0114441
0.0114282
0.0109037
0.0106176
0.0105858
0.0103156
0.0103156
0.00929832
0.00980695
0.0100931
0.00969569
0.00987053
0.00905991
0.00963211
0.00847181
0.0090917
0.00893275
0.00912348
0.00967979
0.00880559
0.00933011
0.00974337
0.00875791
0.00913938
0.00859896
0.00893275
0.00953674
0.00890096
0.00974337
0.00964801
0.00940959
0.0101407
0.00963211
0.0101089
0.0106812
0.0110308
0.0106812
0.0105858
0.0115236
0.011158
0.0117779
0.0116984
0.0127316
0.0143369
0.0136852
0.0144005
0.0139713
0.0149568
0.0168959
0.0202338
0.0253995
0.0349998
0.0487487
0.0700474
0.0965436
0.128269
0.171487
0.199445
0.237195
0.275834
0.310993
0.335296
0.374095
0.406837
0.444539
0.493113
0.550572
0.628185
0.721868
0.799386
0.875966
0.926638
0.953817
0.996129
1.06902
1.22816
1.47341
1.75366
2.03155
2.2529
2.36719
2.41777
2.39933
2.29977
2.12757
1.92671
1.73198
1.56946
1.44113
1.35253
1.31083
1.26006
1.22341
1.15089
1.02379
0.893879
0.776752
0.675027
0.602945
0.554148
0.521676
0.499662
0.480715
0.478395
0.487439
0.502141
0.515048
0.519053
0.527922
0.538365
0.543324
0.548728
0.566196
0.572459
0.584014
0.605536
0.621589
0.627597
0.643889
0.680685
0.726302
0.747856
0.752338
0.779692
0.789865
0.808366
0.837835
0.858116
0.863187
0.844844
0.797351
0.767485
0.728846
0.697454
0.671037
0.658115
0.632222
0.613308
0.59522
0.590134
0.577466
0.577688
0.566228
0.569073
0.603469
0.651805
0.682735
0.661246
0.634066
0.600656
0.576957
0.587654
0.613117
0.628042
0.643969
0.657495
0.662406
0.663439
0.620174
0.570265
0.544882
0.513681
0.503842
0.471354
0.449403
0.402959
0.363175
0.332085
0.302315
0.291125
0.302203
0.306209
0.315682
0.323423
0.326554
0.332848
0.343847
0.335868
0.341225
0.357676
0.377893
0.38325
0.380325
0.36157
0.355434
0.331752
0.343657
0.353718
0.343688
0.247574
0.190751
0.142066
0.112247
0.0937462
0.0682195
0.046126
0.0255108
0.00961622
0.00403722
0.00123978
0.000572205
0.000349681
0.000270208
0.000301997
0.00017484
6.35783e-05
9.53674e-05
0
0
0
0
0
