0.00599225
0.000476837
0.000699361
0.000715256
0.00109673
0.000588099
0.00111262
0.0011603
0.00150998
0.00178019
0.00173251
0.00154177
0.00136693
0.00209808
0.00244776
0.00252724
0.00279744
0.00251134
0.00282923
0.00340144
0.0037988
0.00433922
0.00588099
0.00537237
0.00608762
0.0067234
0.00697772
0.00710487
0.00661214
0.00815392
0.00708898
0.00743866
0.00699361
0.00775655
0.00767708
0.00809034
0.00883738
0.00893275
0.00975927
0.00923475
0.00967979
0.00987053
0.0103951
0.0102838
0.0101725
0.0104268
0.0101248
0.00983874
0.0104904
0.010252
0.0103792
0.00991821
0.00985463
0.00974337
0.00979106
0.00920296
0.00867844
0.00826518
0.00777245
0.00809034
0.00758171
0.00734329
0.00611941
0.00626246
0.00576973
0.00551542
0.00459353
0.00489553
0.00411669
0.00459353
0.00433922
0.00418027
0.00392596
0.0037988
0.00402133
0.00360807
0.0032266
0.00362396
0.00324249
0.00324249
0.00343323
0.00327428
0.00267029
0.0029405
0.00311534
0.0029405
0.00286102
0.0029246
0.00306765
0.00340144
0.00303586
0.00286102
0.00276566
0.00332197
0.00354449
0.0038147
0.00421206
0.00430743
0.00532468
0.00623067
0.00705719
0.00724792
0.00723203
0.00727971
0.00769297
0.00804265
0.00890096
0.0100454
0.0119686
0.013717
0.0162284
0.0188033
0.0221888
0.0266552
0.0309308
0.0333945
0.0369072
0.0425498
0.0432332
0.0462691
0.046428
0.0494957
0.0506242
0.0561714
0.0642618
0.0790914
0.109975
0.157801
0.232538
0.327619
0.429964
0.531149
0.610971
0.678205
0.724808
0.755628
0.753419
0.723712
0.681416
0.623926
0.578896
0.544055
0.516717
0.489982
0.46676
0.441806
0.419601
0.403214
0.397078
0.390387
0.386349
0.4004
0.417535
0.436068
0.470718
0.514126
0.574843
0.638644
0.685485
0.721852
0.737063
0.747442
0.746679
0.752274
0.752656
0.770855
0.784429
0.821733
0.846831
0.849279
0.858831
0.862853
0.862042
0.842826
0.79937
0.74439
0.719484
0.702524
0.688775
0.693687
0.700712
0.702
0.69383
0.692209
0.712125
0.707833
0.724173
0.72937
0.757647
0.776148
0.809638
0.858418
0.881338
0.875187
0.871181
0.847403
0.82531
0.797653
0.79627
0.808287
0.83154
0.853697
0.889365
0.932185
0.974623
1.0131
1.06082
1.08132
1.09056
1.09309
1.08639
1.08314
1.08941
1.09619
1.13754
1.13409
1.08684
1.04329
1.05419
1.11601
1.17696
1.26149
1.34555
1.3905
1.50072
1.56822
1.59389
1.60144
1.61072
1.52925
1.42439
1.3368
1.20961
1.15174
1.09797
1.09229
1.14355
1.1278
1.02056
0.897837
0.772492
0.660276
0.519085
0.43691
0.343641
0.278664
0.179656
0.108147
0.0611464
0.0331561
0.0187874
0.00767708
0.00449816
0.00362396
0.00341733
0.0627995
