0
0
0
0
0
0
0
0
0
0
0
0
0
0
0
0
0
0
0
0
0
0
0
0
0
0
0
0
0
1.58946e-05
3.17891e-05
4.76837e-05
3.17891e-05
0.000143051
3.17891e-05
3.17891e-05
0.000127157
3.17891e-05
6.35783e-05
0.000127157
0.000190735
0.000206629
0.000301997
0.000206629
0.000238419
0.000301997
0.00038147
0.000619888
0.00038147
0.00055631
0.000460943
0.000651677
0.000699361
0.000778834
0.000810623
0.000778834
0.00100136
0.000874201
0.000969569
0.00120799
0.0011762
0.00141462
0.00149409
0.00141462
0.00182788
0.00179609
0.00179609
0.00208219
0.00189145
0.00241597
0.0023524
0.0029405
0.00303586
0.0032266
0.00319481
0.00314713
0.00306765
0.00298818
0.00329018
0.0029405
0.00325839
0.00329018
0.00308355
0.00314713
0.00311534
0.0029246
0.00343323
0.00329018
0.00308355
0.00308355
0.00349681
0.00297228
0.00317891
0.00317891
0.00362396
0.00357628
0.00319481
0.0035127
0.0032107
0.00319481
0.00348091
0.00333786
0.00354449
0.00363986
0.00398954
0.00391006
0.00349681
0.00430743
0.00398954
0.00422796
0.00441869
0.00460943
0.00507037
0.00569026
0.00478427
0.00537237
0.0052611
0.00569026
0.00589689
0.00607173
0.00557899
0.00564257
0.00610352
0.00648499
0.00616709
0.00658035
0.00616709
0.00635783
0.00619888
0.00591278
0.00626246
0.00588099
0.00632604
0.00603994
0.00670751
0.00705719
0.00890096
0.0127792
0.0223955
0.0394344
0.0640551
0.0883579
0.115347
0.140095
0.157579
0.181039
0.203164
0.223462
0.23915
0.251261
0.279284
0.319465
0.375048
0.426737
0.497516
0.573349
0.63742
0.710185
0.744549
0.724904
0.70955
0.717402
0.736888
0.782919
0.803852
0.83065
0.851218
0.870403
0.886408
0.862217
0.829919
0.835005
0.824483
0.784779
0.770473
0.738398
0.709343
0.712363
0.719484
0.729911
0.753593
0.791756
0.80959
0.790517
0.769393
0.752099
0.717004
0.700951
0.68415
0.690365
0.698805
0.687218
0.681686
0.674073
0.658544
0.650454
0.61992
0.58802
0.570027
0.557788
0.540304
0.531769
0.527016
0.520102
0.503985
0.511154
0.533088
0.523202
0.516494
0.533867
0.567961
0.591119
0.610526
0.627073
0.683578
0.734345
0.723282
0.730515
0.712125
0.710392
0.712156
0.737476
0.771666
0.766325
0.79751
0.728385
0.663471
0.59727
0.560554
0.578419
0.565513
0.608063
0.692892
0.808891
0.925207
1.06106
1.26979
1.45833
1.64445
1.78445
1.83276
1.80766
1.6465
1.61977
1.66817
1.8229
1.70544
1.60991
1.51248
1.47427
1.62249
1.71045
1.71504
1.55492
1.49283
8.63865
