0.00576973
0.00228882
0.00278155
0.00392596
0.00448227
0.00557899
0.00675519
0.00754992
0.00866254
0.00955264
0.0118891
0.014925
0.0181993
0.0225226
0.0270526
0.0315189
0.0362237
0.0407219
0.0415643
0.0374476
0.0287851
0.0259082
0.021855
0.0191689
0.017341
0.0159582
0.0146548
0.0131289
0.0114123
0.0109355
0.00890096
0.00921885
0.00842412
0.00812213
0.00834465
0.00686646
0.00764529
0.0070413
0.00664393
0.00572205
0.00551542
0.0055631
0.00534058
0.00538826
0.00524521
0.00573794
0.0052611
0.00519753
0.00513395
0.00538826
0.00502268
0.00489553
0.00487963
0.00486374
0.00483195
0.004673
0.00505447
0.00503858
0.00480016
0.00460943
0.00424385
0.00454585
0.00397364
0.0043869
0.00397364
0.0043869
0.00481606
0.00507037
0.00484784
0.00503858
0.00503858
0.00487963
0.00514984
0.00484784
0.00553131
0.00484784
0.005277
0.00564257
0.00489553
0.00545184
0.00529289
0.00569026
0.00514984
0.00575384
0.00589689
0.00581741
0.00548363
0.00610352
0.00634193
0.00623067
0.0064373
0.00661214
0.00642141
0.0061353
0.00661214
0.00640551
0.00665983
0.00683467
0.00675519
0.00618299
0.00720024
0.00708898
0.00651677
0.00693003
0.00745455
0.00705719
0.00745455
0.00743866
0.00813802
0.00805855
0.00853539
0.00939369
0.00896454
0.00999769
0.0107288
0.0125408
0.0134786
0.0164986
0.0201225
0.0275612
0.0409921
0.0672817
0.120576
0.210524
0.338284
0.520786
0.723664
0.921265
1.0776
1.13885
1.12332
1.01802
0.907644
0.840584
0.804059
0.776243
0.747999
0.733264
0.726541
0.75655
0.786734
0.827646
0.843016
0.875886
0.897519
0.941849
0.991408
1.04411
1.07776
1.12251
1.15654
1.1915
1.2431
1.32078
1.38423
1.40613
1.37115
1.33417
1.29253
1.26842
1.27878
1.33934
1.41799
1.45772
1.39022
1.25612
1.1302
1.03138
0.973606
0.968854
0.981124
0.974242
0.992266
0.998815
0.979074
0.986576
0.986369
0.982777
0.965961
0.980822
0.985702
0.978565
0.979916
0.970586
0.938114
0.916878
0.901397
0.925128
0.956758
0.974607
0.992314
0.993363
1.00703
1.02533
1.00621
0.945075
0.895882
0.844193
0.819016
0.812674
0.815201
0.838931
0.825834
0.796493
0.777817
0.757821
0.743659
0.720835
0.707928
0.688966
0.665808
0.635894
0.593678
0.539462
0.50087
0.473738
0.444174
0.419887
0.40919
0.405677
0.40164
0.397921
0.396061
0.374254
0.37996
0.4059
0.439707
0.460005
0.477934
0.497119
0.495338
0.499312
0.519451
0.528844
0.482416
0.440693
0.404723
0.346025
0.306225
0.243696
0.195392
0.16168
0.127379
0.0994047
0.0659784
0.035127
0.0116189
0.00316302
0.000365575
6.35783e-05
0
0
0
0
0
0
