0.00920296
0.00170072
0.00192324
0.00206629
0.00222524
0.00225703
0.0023524
0.00238419
0.00268618
0.00243187
0.00241597
0.00295639
0.00329018
0.00340144
0.00354449
0.00445048
0.00532468
0.00597636
0.00697772
0.00915527
0.010856
0.0134627
0.0151952
0.016276
0.014782
0.0148614
0.0149886
0.0142892
0.0139872
0.0133673
0.0118097
0.00964801
0.00821749
0.00855128
0.00797908
0.00770887
0.00696182
0.00608762
0.00596046
0.00522931
0.00514984
0.00462532
0.00429153
0.00483195
0.00392596
0.00371933
0.00424385
0.00378291
0.00422796
0.00386238
0.00370344
0.00357628
0.00359217
0.00336965
0.00338554
0.00335375
0.00340144
0.00329018
0.00308355
0.00279744
0.00274976
0.00281334
0.00287692
0.00287692
0.00284513
0.00317891
0.00252724
0.0026385
0.00297228
0.00247955
0.00298818
0.00287692
0.00247955
0.0023365
0.0026385
0.00247955
0.00249545
0.00249545
0.00289281
0.00254313
0.0026385
0.00227292
0.00259082
0.00247955
0.00238419
0.00260671
0.0029246
0.00228882
0.00273387
0.00295639
0.0029405
0.00268618
0.00284513
0.00281334
0.00317891
0.00284513
0.00286102
0.00311534
0.00360807
0.00341733
0.00406901
0.00354449
0.0037988
0.00376701
0.00395775
0.00437101
0.00430743
0.00413259
0.00433922
0.00489553
0.004673
0.00473658
0.00561078
0.00549952
0.00551542
0.0046889
0.00514984
0.00597636
0.0058492
0.00629425
0.00685056
0.00853539
0.00934601
0.0110944
0.0154654
0.0212828
0.0322819
0.056839
0.115188
0.261307
0.575622
1.11537
1.68638
2.09131
2.35945
2.54405
2.6498
2.66396
2.58174
2.44773
2.31953
2.25863
2.16821
2.08851
2.02746
1.98607
1.9602
1.94252
1.99207
2.05526
2.10042
2.15613
2.22141
2.21828
2.15672
2.06517
2.02785
1.99273
1.94845
1.87243
1.79191
1.71272
1.67185
1.63616
1.66092
1.66043
1.60842
1.49089
1.31113
1.12786
1.00902
0.89736
0.818348
0.731436
0.675138
0.636895
0.593328
0.557168
0.51403
0.448163
0.390704
0.342067
0.303539
0.267315
0.250355
0.245841
0.247685
0.245635
0.255203
0.275501
0.297658
0.309738
0.326792
0.341972
0.368071
0.373379
0.376574
0.361824
0.356579
0.341177
0.32177
0.316668
0.301488
0.285419
0.277646
0.283432
0.286897
0.282017
0.26385
0.243362
0.223827
0.197808
0.167259
0.15103
0.136534
0.134214
0.136582
0.138458
0.138648
0.131782
0.120465
0.115156
0.119241
0.119384
0.127904
0.13442
0.132688
0.132402
0.14197
0.139666
0.132386
0.129096
0.132052
0.138871
0.136471
0.133149
0.13121
0.124423
0.105778
0.0913779
0.0920773
0.088501
0.083828
0.0753562
0.0640233
0.0612736
0.0543912
0.0531991
0.0486056
0.0395616
0.0318845
0.0262101
0.0226816
0.0199636
0.0168006
0.0436783
