4.76837e-05
0
1.58946e-05
4.76837e-05
6.35783e-05
0.000254313
0.000333786
0.000603994
0.00106494
0.00122388
0.00201861
0.00313123
0.00413259
0.00589689
0.00751813
0.00894864
0.0107129
0.0120481
0.0133038
0.0154495
0.0173092
0.0169595
0.0160217
0.0148773
0.0124454
0.0122865
0.0101884
0.0104745
0.00944138
0.00928243
0.00801086
0.00715256
0.00545184
0.00559489
0.00508626
0.00480016
0.00511805
0.00487963
0.00470479
0.00472069
0.00494321
0.0043869
0.00357628
0.00333786
0.00330607
0.00375112
0.0035127
0.00391006
0.00354449
0.00375112
0.00313123
0.00300407
0.00278155
0.00336965
0.00284513
0.00298818
0.00282923
0.0026226
0.0032107
0.00346502
0.00314713
0.00290871
0.00316302
0.00281334
0.00284513
0.00240008
0.00297228
0.00295639
0.00305176
0.00278155
0.00279744
0.00236829
0.00265439
0.00247955
0.00228882
0.00284513
0.00286102
0.00298818
0.0032107
0.0026385
0.00305176
0.00267029
0.00308355
0.00257492
0.00284513
0.00309944
0.00313123
0.00257492
0.0026385
0.00290871
0.0029405
0.00295639
0.00301997
0.0032266
0.00316302
0.0029405
0.00311534
0.00340144
0.00316302
0.00348091
0.00325839
0.00319481
0.00349681
0.00336965
0.00360807
0.00319481
0.00391006
0.00360807
0.00338554
0.00397364
0.00405312
0.00384649
0.0040849
0.00386238
0.00433922
0.00406901
0.00422796
0.00465711
0.00427564
0.00429153
0.00421206
0.00459353
0.00443459
0.00514984
0.00475248
0.00465711
0.00514984
0.00460943
0.00511805
0.00473658
0.00534058
0.00503858
0.00505447
0.00500679
0.00559489
0.00559489
0.00637372
0.00632604
0.00667572
0.00685056
0.00797908
0.00831286
0.00948906
0.0118097
0.0137806
0.0189463
0.0273228
0.0492573
0.0958761
0.187922
0.32498
0.498041
0.715574
0.982126
1.24607
1.46602
1.615
1.68883
1.70627
1.73982
1.78234
1.90724
2.04495
2.16052
2.24555
2.23265
2.13779
2.01987
1.88791
1.7523
1.63749
1.60664
1.6538
1.73505
1.87179
1.97128
2.03439
2.05264
2.07737
2.08596
2.12297
2.1657
2.20892
2.25018
2.25697
2.22212
2.18716
2.16861
2.20671
2.26785
2.28618
2.20949
2.04794
1.84326
1.66876
1.53863
1.45489
1.39688
1.36298
1.34192
1.30649
1.23428
1.10895
0.967153
0.806284
0.661818
0.550063
0.477616
0.421556
0.370916
0.311693
0.23632
0.160503
0.101646
0.0582536
0.0336011
0.0181675
0.00999769
0.00411669
0.00178019
0.000858307
0.000508626
0.000190735
0.000127157
4.76837e-05
0
0
1.58946e-05
0
0
0
0
0
0
0
0
0
0
0
0
0
0
0
0
0
0
0
0
0
0
0
0
0
0
0
0
