0.0133991
0.00144641
0.00150998
0.00157356
0.00195503
0.00182788
0.00187556
0.00251134
0.00211398
0.00228882
0.00257492
0.00236829
0.00274976
0.00273387
0.00281334
0.00309944
0.00317891
0.00336965
0.00306765
0.00362396
0.00340144
0.00368754
0.00376701
0.00352859
0.00430743
0.00502268
0.00454585
0.00553131
0.00551542
0.00769297
0.00785192
0.00836054
0.00947316
0.0101089
0.0109514
0.0106017
0.0117143
0.0112534
0.0124296
0.0114759
0.0121435
0.0115554
0.0109196
0.0110149
0.0112375
0.0109037
0.0105699
0.0100136
0.0096639
0.00875791
0.00739098
0.00813802
0.00775655
0.00740687
0.0073115
0.0070413
0.00611941
0.00675519
0.0067234
0.00659625
0.00600815
0.00565847
0.00569026
0.00529289
0.00522931
0.00519753
0.004975
0.00481606
0.00519753
0.00464122
0.00449816
0.00427564
0.00465711
0.00395775
0.0037988
0.00406901
0.00456174
0.00411669
0.00405312
0.00398954
0.00413259
0.00406901
0.00384649
0.00394185
0.00416438
0.00411669
0.0044028
0.00421206
0.00430743
0.00422796
0.00421206
0.00445048
0.00360807
0.004975
0.00406901
0.00435511
0.00416438
0.00464122
0.00494321
0.00464122
0.00470479
0.00443459
0.00421206
0.00505447
0.00445048
0.00519753
0.00483195
0.00540415
0.00476837
0.00554721
0.00535647
0.0058651
0.00511805
0.00542005
0.005277
0.00559489
0.00546773
0.00534058
0.00569026
0.00646909
0.00669161
0.00610352
0.00740687
0.00804265
0.00912348
0.0119686
0.0136058
0.0149091
0.016133
0.0191847
0.0202656
0.0229518
0.0236511
0.0250022
0.0280062
0.032107
0.0344753
0.0383218
0.0397523
0.0395934
0.0407855
0.0433445
0.0442187
0.0435988
0.0458399
0.0464598
0.0467777
0.0511646
0.0539939
0.062418
0.0697931
0.0790119
0.0875791
0.0978629
0.109434
0.120195
0.123676
0.12819
0.130065
0.136312
0.148265
0.164859
0.177733
0.198666
0.211716
0.232712
0.248559
0.258954
0.272163
0.295893
0.326824
0.358232
0.372187
0.389655
0.4433
0.52762
0.650819
0.825294
0.982126
1.20076
1.56752
2.00041
2.29039
2.36843
2.3973
2.51395
2.73929
3.01444
3.28461
3.37353
3.27964
3.09906
2.88787
2.61571
2.36651
2.1251
1.91986
1.70345
1.55506
1.48217
1.46478
1.49479
1.55525
1.57851
1.58113
1.55396
1.52672
1.51421
1.49601
1.47943
1.42752
1.35392
1.20087
1.02353
0.865889
0.771125
0.724522
0.721423
0.764386
0.802469
0.854445
0.939544
0.995684
1.08007
1.23199
1.3344
1.36574
1.30032
1.11725
0.928466
0.748984
0.554419
0.421969
0.37446
0.359138
0.334994
0.317383
0.315746
0.287533
0.219472
0.174109
0.116539
0.0751177
0.0422796
0.0254313
0.00939369
0.0044028
0.00392596
0.00317891
0.00344912
0.00340144
0.00305176
0.00282923
0.0029246
0.00284513
0.0223319
