0
0
0
0
0
0
0
0
0
0
0
0
0
0
0
0
0
0
0
0
0
0
0
0
0
0
0
0
0
0
0
0
0
0
0
0
0
0
0
0
0
0
0
0
0
0
0
0
0
0
0
0
0
0
0
1.58946e-05
0
1.58946e-05
4.76837e-05
4.76837e-05
0.000111262
0.000143051
0.000143051
0.000301997
0.000413259
0.000762939
0.00106494
0.00139872
0.00192324
0.00247955
0.00300407
0.00394185
0.00451406
0.00507037
0.00603994
0.00685056
0.0070413
0.00874201
0.00893275
0.00920296
0.00956853
0.0103474
0.0109037
0.0108401
0.0113646
0.0117302
0.0125726
0.0131289
0.0143369
0.0155926
0.0150998
0.0157992
0.0157674
0.0161012
0.0167052
0.0186125
0.0179609
0.0193119
0.0186284
0.0180721
0.0194867
0.0182788
0.0186284
0.0184695
0.0181516
0.0172456
0.0180086
0.0195185
0.0180403
0.0190894
0.0192006
0.0204722
0.0194709
0.0196139
0.0214577
0.0222842
0.0244141
0.0242233
0.028038
0.0324885
0.0378927
0.0425021
0.0478903
0.0562191
0.0708421
0.0885328
0.113042
0.143862
0.183916
0.221586
0.257683
0.281556
0.284354
0.278012
0.258923
0.251468
0.251404
0.260274
0.273514
0.294638
0.317319
0.352955
0.403627
0.486946
0.591787
0.681464
0.778039
0.841633
0.906483
0.925636
0.910536
0.878414
0.884565
0.912253
0.949891
0.992664
1.01728
1.066
1.11524
1.13708
1.15843
1.2146
1.24289
1.25222
1.21878
1.17822
1.13343
1.1117
1.12567
1.15542
1.21017
1.22913
1.22582
1.20544
1.16518
1.12438
1.1107
1.13118
1.14838
1.12707
1.10289
1.06934
1.03394
1.02916
1.04698
1.08714
1.11273
1.12518
1.13839
1.13711
1.10499
1.07574
1.06384
1.04817
1.0486
1.0444
1.02191
1.0181
1.01821
1.02642
1.00608
0.974258
0.939306
0.915766
0.902478
0.87231
0.823196
0.765769
0.729116
0.679286
0.612847
0.597111
0.604979
0.600449
0.566657
0.545406
0.532389
0.529671
0.530783
0.522741
0.506226
0.502809
0.489108
0.488853
0.469732
0.448751
0.438499
0.42545
0.422382
0.438182
0.442362
0.449944
0.487296
0.53339
0.594616
0.635433
0.649134
0.665522
0.696548
0.705481
0.674852
0.624545
0.592709
0.601784
0.605234
0.609223
0.635147
0.642808
0.54884
0.403118
0.317462
0.226545
0.180912
2.33939
0.203896
0.602007
