0.0205676
0.00225703
0.00274976
0.00303586
0.00319481
0.00297228
0.00389417
0.00416438
0.00441869
0.00522931
0.00605583
0.00610352
0.00812213
0.0085036
0.00899633
0.0104904
0.0113646
0.0121911
0.0119845
0.0130971
0.0132084
0.015529
0.0145435
0.0145117
0.0158946
0.0174522
0.0155131
0.0158151
0.0157833
0.0151316
0.0146389
0.0151634
0.0150681
0.0137488
0.0135422
0.0122547
0.0123342
0.0119209
0.0101566
0.0105063
0.00991821
0.00874201
0.00890096
0.00853539
0.00888507
0.00815392
0.00782013
0.0079155
0.00782013
0.00764529
0.00778834
0.0078996
0.00766118
0.00774066
0.00735919
0.00782013
0.00856717
0.00910759
0.00926654
0.0115077
0.0133673
0.0163078
0.0179609
0.0225385
0.027895
0.0323613
0.0391006
0.0464757
0.0538667
0.0645002
0.0734488
0.0858307
0.0935237
0.0993252
0.102886
0.104698
0.106446
0.108322
0.111866
0.115935
0.120099
0.125933
0.131051
0.134516
0.146643
0.157309
0.173998
0.182565
0.185442
0.188605
0.194343
0.194009
0.202831
0.206534
0.212399
0.224129
0.228755
0.23303
0.236797
0.232251
0.236972
0.236622
0.234461
0.244331
0.24147
0.23737
0.229009
0.227944
0.223351
0.22529
0.229073
0.234191
0.242154
0.25239
0.263182
0.273085
0.282113
0.300328
0.307655
0.322008
0.327222
0.334358
0.342369
0.356642
0.367451
0.372855
0.386222
0.413577
0.4426
0.466808
0.489632
0.518449
0.536791
0.539144
0.538651
0.537189
0.525999
0.523774
0.514539
0.504303
0.481319
0.454569
0.445398
0.433874
0.415627
0.400877
0.392373
0.370979
0.370693
0.383552
0.394726
0.397555
0.396045
0.392342
0.395091
0.400575
0.415055
0.432094
0.436227
0.430934
0.440121
0.461149
0.486692
0.538969
0.601832
0.67846
0.75415
0.826852
0.895087
0.976419
1.07465
1.16944
1.21199
1.1886
1.15425
1.10784
1.09015
1.07271
1.09733
1.08803
1.09928
1.1145
1.10191
1.07524
1.02092
0.967407
0.941213
0.936715
0.954183
0.973606
0.968329
0.935936
0.907199
0.900237
0.887219
0.865698
0.843859
0.822592
0.817013
0.798877
0.795015
0.789722
0.781473
0.767628
0.736268
0.727638
0.722774
0.703955
0.688283
0.651105
0.61663
0.570154
0.521358
0.484165
0.473166
0.477886
0.477473
0.49456
0.509723
0.51314
0.52247
0.539144
0.567913
0.593424
0.646337
0.700076
0.722233
0.741514
0.763845
0.782601
0.790596
0.802279
0.80142
0.815026
0.794697
0.789897
0.777038
0.792265
0.799831
0.789261
0.768582
0.732724
0.668271
0.661675
0.612561
0.568676
0.521167
0.475613
0.412893
0.352462
0.304397
0.266838
0.240405
0.251659
0.162649
1.14827
