0.00840823
0.00173251
0.0014623
0.00190735
0.00251134
0.00251134
0.00295639
0.0029405
0.00368754
0.00330607
0.00359217
0.00425975
0.00406901
0.00457764
0.00480016
0.00534058
0.00511805
0.00537237
0.00592868
0.00588099
0.00700951
0.00739098
0.00775655
0.00794729
0.00960032
0.0115712
0.0129223
0.0146389
0.0163555
0.0201066
0.0233332
0.0240962
0.0258605
0.0258764
0.0267665
0.0251611
0.024875
0.0251929
0.0244935
0.023524
0.0210921
0.0188669
0.0187556
0.0169754
0.0160853
0.0157356
0.0148137
0.0149886
0.0124296
0.0134309
0.0119209
0.010856
0.0117938
0.0112693
0.0110467
0.0116825
0.0117302
0.0125249
0.0124296
0.0113805
0.0124454
0.011762
0.0108242
0.00998179
0.00886917
0.00902812
0.0085036
0.00774066
0.00754992
0.00823339
0.00799497
0.00796318
0.00753403
0.00724792
0.00675519
0.00661214
0.00713666
0.00677109
0.00742277
0.00686646
0.00681877
0.00693003
0.00708898
0.00707308
0.00693003
0.00700951
0.00708898
0.0067393
0.00713666
0.00718435
0.00810623
0.00842412
0.00880559
0.00944138
0.0100454
0.0109196
0.0123501
0.0122706
0.0127316
0.0119209
0.011603
0.0107129
0.0101407
0.00891685
0.0093778
0.00769297
0.00735919
0.00726382
0.00632604
0.0070254
0.00631015
0.00635783
0.00602404
0.00543594
0.00548363
0.00632604
0.00659625
0.00581741
0.00594457
0.00562668
0.00551542
0.00537237
0.00557899
0.00534058
0.00562668
0.00589689
0.00513395
0.00538826
0.00551542
0.00570615
0.00559489
0.00542005
0.00534058
0.00564257
0.00462532
0.00545184
0.00570615
0.00545184
0.00575384
0.00712077
0.00610352
0.00651677
0.00786781
0.00866254
0.0108401
0.0135422
0.0176907
0.0258923
0.0334581
0.0418027
0.0517845
0.0588735
0.0688394
0.0809352
0.0986735
0.112947
0.130606
0.148757
0.170692
0.198428
0.228596
0.274038
0.318209
0.375859
0.427914
0.492144
0.57265
0.684563
0.818777
0.95458
1.05009
1.09836
1.06926
1.02264
0.969474
0.928259
0.903527
0.895929
0.903241
0.906245
0.929832
0.951862
0.991933
1.03396
1.08104
1.1302
1.15794
1.17629
1.20088
1.24184
1.29642
1.32278
1.35511
1.37386
1.39303
1.43013
1.48837
1.54905
1.63317
1.71463
1.79086
1.87613
1.94426
1.9986
2.02398
2.02656
1.99741
1.90748
1.79893
1.68093
1.55066
1.4269
1.3367
1.25933
1.2136
1.19809
1.13231
1.04547
0.952959
0.878429
0.857194
0.901826
0.976785
1.01841
1.11279
1.21725
1.24553
1.19101
1.16267
1.17332
1.13138
1.03634
0.969521
0.944901
0.893704
0.850058
0.928195
0.929165
0.880734
0.889572
0.947285
0.920423
0.779184
0.709248
0.60312
0.494305
0.371011
0.290187
0.226323
0.138537
0.0827789
0.0513554
0.0330448
0.0192006
0.0104427
0.00958443
