0
4.76837e-05
3.17891e-05
0.000127157
0.000333786
0.000603994
0.000794729
0.00143051
0.00267029
0.00481606
0.00834465
0.0120481
0.0192006
0.0259717
0.0336329
0.039196
0.0429789
0.047191
0.0464598
0.0468413
0.0465393
0.0377814
0.0291824
0.0230789
0.0191053
0.0165939
0.0156244
0.0142574
0.0142733
0.0126521
0.00999769
0.00859896
0.00826518
0.00839233
0.00754992
0.00766118
0.0070413
0.00678698
0.00705719
0.00705719
0.00710487
0.00640551
0.00553131
0.00572205
0.0058492
0.00537237
0.0055631
0.00589689
0.00543594
0.00486374
0.00481606
0.00481606
0.00470479
0.00476837
0.00465711
0.00421206
0.00446637
0.00487963
0.00492732
0.00448227
0.00513395
0.00421206
0.00475248
0.00446637
0.0052611
0.00508626
0.00470479
0.004975
0.00521342
0.00513395
0.00478427
0.00465711
0.00473658
0.00502268
0.00516574
0.00534058
0.00470479
0.00522931
0.004673
0.0040849
0.004673
0.00435511
0.0043869
0.00513395
0.00478427
0.00454585
0.00462532
0.00472069
0.00459353
0.00487963
0.00503858
0.00454585
0.00491142
0.00540415
0.00532468
0.00516574
0.00513395
0.00460943
0.00460943
0.00472069
0.00486374
0.00470479
0.00548363
0.00475248
0.00510216
0.00514984
0.00521342
0.0055631
0.00535647
0.00572205
0.0052611
0.00534058
0.0058651
0.0058492
0.00575384
0.00605583
0.00572205
0.00549952
0.00608762
0.00616709
0.00621478
0.00661214
0.00667572
0.00665983
0.00686646
0.0067234
0.00739098
0.00809034
0.00867844
0.00799497
0.00888507
0.00858307
0.00867844
0.0087738
0.00871023
0.00940959
0.00939369
0.00901222
0.0104427
0.0103315
0.010856
0.0114282
0.0123024
0.0127474
0.0144005
0.0163078
0.0201543
0.0257969
0.03678
0.0560443
0.0861963
0.129096
0.17972
0.238482
0.307957
0.403277
0.53606
0.6972
0.86565
1.02735
1.16156
1.27656
1.41902
1.54295
1.66998
1.78264
1.91642
2.04666
2.19695
2.29534
2.34494
2.3476
2.29454
2.24078
2.18096
2.16468
2.17514
2.26256
2.38972
2.53483
2.64274
2.67955
2.66369
2.59592
2.54129
2.50491
2.49642
2.51346
2.49599
2.42984
2.33367
2.26158
2.18019
2.1256
2.08904
1.98638
1.84649
1.71069
1.59702
1.48884
1.38812
1.2922
1.18941
1.07999
0.965277
0.805203
0.633891
0.46916
0.333134
0.215673
0.136518
0.0798543
0.0433763
0.0221729
0.0100613
0.00483195
0.00206629
0.00136693
0.000492732
0.000317891
7.94729e-05
4.76837e-05
0
0
0
0
0
0
0
0
0
0
0
0
0
0
0
0
0
0
0
0
0
0
0
0
0
0
0
0
0
0
0
0
0
0
