0.0160058
0.00273387
0.00354449
0.00391006
0.00386238
0.00427564
0.0049909
0.00486374
0.00573794
0.00578562
0.00596046
0.0061353
0.00737508
0.00858307
0.00875791
0.00967979
0.00955264
0.0121117
0.0128587
0.014019
0.0167688
0.0178814
0.0185649
0.019296
0.0204563
0.0204245
0.018851
0.0193119
0.0188192
0.0171026
0.0157197
0.0151793
0.0140667
0.0117461
0.0114123
0.0104904
0.0100931
0.00905991
0.00902812
0.00952085
0.00815392
0.00691414
0.00638962
0.00640551
0.00589689
0.00618299
0.00626246
0.00600815
0.00634193
0.00600815
0.00576973
0.00510216
0.00510216
0.00481606
0.00543594
0.00502268
0.00492732
0.00522931
0.00534058
0.0046889
0.0043869
0.00475248
0.00464122
0.00472069
0.0038147
0.00406901
0.00449816
0.00432332
0.0043869
0.00445048
0.00529289
0.00402133
0.00391006
0.00398954
0.00456174
0.00391006
0.00400543
0.00441869
0.00430743
0.00459353
0.00421206
0.00486374
0.00462532
0.00394185
0.00445048
0.00435511
0.00448227
0.00441869
0.00502268
0.00472069
0.00495911
0.00530879
0.00487963
0.00478427
0.00446637
0.00516574
0.00521342
0.00491142
0.00532468
0.00634193
0.00802676
0.00960032
0.0118256
0.0157833
0.0201861
0.0285784
0.0375271
0.0460148
0.0571251
0.0687599
0.0748475
0.0861009
0.0923157
0.0958284
0.0970682
0.0960032
0.0996431
0.105158
0.111262
0.117175
0.127172
0.13574
0.145674
0.162776
0.180578
0.198491
0.216913
0.232474
0.241629
0.249704
0.256904
0.264025
0.281477
0.300725
0.325743
0.332626
0.3558
0.377433
0.405502
0.434939
0.465488
0.500329
0.529671
0.56564
0.605361
0.64621
0.697184
0.787369
0.876999
0.987228
1.10124
1.23731
1.42212
1.62139
1.84258
2.00601
2.1572
2.28707
2.41437
2.52391
2.64525
2.77419
2.9802
3.25146
3.51297
3.65068
3.63587
3.57396
3.47315
3.3795
3.34082
3.27129
3.15927
2.9936
2.76793
2.51093
2.27893
2.03416
1.79343
1.58854
1.39705
1.20126
1.02375
0.866667
0.701793
0.56572
0.477664
0.44117
0.406996
0.382264
0.347137
0.296513
0.206884
0.138776
0.0966867
0.0715256
0.0569979
0.0485579
0.0392596
0.0262737
0.0160694
0.0105222
0.00696182
0.00424385
0.00274976
0.00230471
0.00227292
0.00158946
0.00189145
0.0014782
0.00136693
0.00109673
0.000715256
0.000921885
0.000588099
0.000445048
0.000413259
0.000333786
0.000397364
0.000222524
7.94729e-05
0.00017484
3.17891e-05
4.76837e-05
6.35783e-05
4.76837e-05
0
0
0
1.58946e-05
0
0
0
0
0
0
0
0
0
0
0
0
0
0
0
0
0
0
0
0
0
0
0
0
0
0
