0.00505447
0.000953674
0.00138283
0.00131925
0.00162125
0.00178019
0.00228882
0.00254313
0.00259082
0.00298818
0.00276566
0.00357628
0.00352859
0.00387828
0.00422796
0.004673
0.00473658
0.00505447
0.0055631
0.00557899
0.00627836
0.00650088
0.00689824
0.00665983
0.00847181
0.00839233
0.00980695
0.0100136
0.010697
0.0113646
0.0110785
0.0111739
0.011158
0.0110785
0.0115712
0.0118891
0.0104427
0.0109196
0.0107765
0.010554
0.0105222
0.0100772
0.00925064
0.00902812
0.00898043
0.00915527
0.00898043
0.00947316
0.00890096
0.00958443
0.00912348
0.0105699
0.0105222
0.00971158
0.0109831
0.0109514
0.0112216
0.0100772
0.00991821
0.00982285
0.0093619
0.00917117
0.00920296
0.00828107
0.00856717
0.00888507
0.0084877
0.00828107
0.00845591
0.00788371
0.0079155
0.00793139
0.00605583
0.00642141
0.00708898
0.00637372
0.00634193
0.00575384
0.00581741
0.00603994
0.00557899
0.00662804
0.00508626
0.00596046
0.00599225
0.00549952
0.00576973
0.00573794
0.00543594
0.00599225
0.00534058
0.00626246
0.00548363
0.00557899
0.00602404
0.0058492
0.00599225
0.00599225
0.00578562
0.00580152
0.00602404
0.00603994
0.00599225
0.00597636
0.00618299
0.00658035
0.00631015
0.00669161
0.00735919
0.0079155
0.00967979
0.0108401
0.0122229
0.0148137
0.0178019
0.0196457
0.0228246
0.0268618
0.0298818
0.0338872
0.036335
0.0405629
0.0455379
0.048701
0.0521819
0.05668
0.0585397
0.0597159
0.0595252
0.0607649
0.0589689
0.0574271
0.0566324
0.0545184
0.0547091
0.0551383
0.0530402
0.0532468
0.0540892
0.0548999
0.0566006
0.0562032
0.056839
0.0580788
0.0602563
0.0585874
0.0611464
0.0591278
0.0609716
0.0578562
0.0573317
0.054725
0.0594616
0.0593821
0.0628789
0.0687599
0.0745296
0.0851949
0.103029
0.126918
0.161791
0.210301
0.285927
0.393995
0.512075
0.618203
0.683673
0.730626
0.730197
0.71702
0.672197
0.608953
0.558106
0.510883
0.492716
0.500631
0.529162
0.541242
0.546042
0.573254
0.591246
0.617504
0.623353
0.62836
0.609541
0.610813
0.596491
0.599019
0.607109
0.603867
0.617933
0.613578
0.618426
0.624402
0.629123
0.63645
0.636514
0.633955
0.638755
0.668828
0.677236
0.675186
0.69658
0.718419
0.723378
0.76677
0.835848
0.921917
0.961812
1.06134
1.19376
1.37072
1.49674
1.52911
1.39952
1.2344
1.10777
1.05481
1.01746
0.994444
0.978486
1.02774
1.11467
1.22272
1.42102
1.58135
1.6765
1.68413
1.82185
2.10915
2.33623
2.57673
2.64869
2.61908
2.4006
2.39363
2.43233
2.20408
2.015
1.76531
1.65652
1.47359
1.27274
1.17346
1.07915
0.993697
0.853205
0.717878
0.609827
0.508642
0.468461
0.419553
0.384696
0.365527
0.372108
2.80274
