0.00581741
0.000826518
0.000985463
0.00130335
0.00128746
0.00154177
0.00120799
0.00187556
0.00211398
0.00187556
0.00243187
0.00228882
0.00270208
0.00247955
0.00273387
0.00246366
0.00311534
0.00308355
0.00336965
0.00365575
0.00397364
0.00419617
0.00402133
0.00516574
0.00529289
0.00535647
0.00599225
0.00816981
0.00915527
0.0109037
0.0121911
0.0124613
0.012668
0.0137488
0.013574
0.0143051
0.0169118
0.0182629
0.0202815
0.0210126
0.0219186
0.0219186
0.0211239
0.0222524
0.0204722
0.0209649
0.0203133
0.0209014
0.0225544
0.0228087
0.0219663
0.0226021
0.0223637
0.0223001
0.0215689
0.0212034
0.0186125
0.0179609
0.0158787
0.0140349
0.0124931
0.0117302
0.0117302
0.0106176
0.00898043
0.00956853
0.00899633
0.00802676
0.00802676
0.00777245
0.00748634
0.00576973
0.0064532
0.00710487
0.00712077
0.00616709
0.00608762
0.00618299
0.00576973
0.00591278
0.00503858
0.00554721
0.00540415
0.00542005
0.00489553
0.00457764
0.00507037
0.00559489
0.00576973
0.00489553
0.00561078
0.00491142
0.005277
0.00532468
0.00519753
0.00484784
0.00505447
0.00503858
0.00524521
0.00535647
0.00492732
0.00535647
0.00561078
0.00583331
0.00592868
0.00553131
0.00538826
0.0055631
0.00508626
0.00569026
0.00551542
0.00578562
0.00564257
0.00575384
0.00538826
0.00600815
0.00567436
0.00638962
0.00638962
0.00576973
0.00623067
0.00618299
0.0061353
0.00603994
0.00675519
0.00667572
0.00680288
0.00658035
0.00754992
0.00786781
0.00745455
0.00858307
0.00888507
0.00971158
0.00944138
0.0127157
0.0157038
0.0177542
0.0243028
0.0280221
0.032711
0.0359058
0.037543
0.0353495
0.0333945
0.0349045
0.0374317
0.0453949
0.0515779
0.0554085
0.0589053
0.0607808
0.0619094
0.0671546
0.0762463
0.0855764
0.100994
0.129747
0.168228
0.216993
0.277932
0.336138
0.379181
0.392167
0.389544
0.363954
0.32932
0.306304
0.313552
0.336822
0.340064
0.339254
0.345421
0.371091
0.406218
0.450643
0.490538
0.526571
0.537237
0.520023
0.526365
0.556946
0.597461
0.639391
0.674438
0.700696
0.737222
0.791248
0.805585
0.798988
0.775226
0.759125
0.715415
0.690619
0.666205
0.636498
0.618378
0.620492
0.616074
0.619618
0.626643
0.655286
0.695896
0.760063
0.818189
0.871229
0.880988
0.848166
0.795968
0.747426
0.684484
0.628026
0.581646
0.549412
0.529448
0.500282
0.500456
0.490904
0.491492
0.494989
0.482686
0.460323
0.458797
0.46382
0.502316
0.564623
0.602341
0.632509
0.664822
0.711743
0.739336
0.790135
0.845369
0.835689
0.816091
0.852601
0.969299
1.06915
1.15927
1.16789
1.16293
1.16089
1.14913
1.32918
1.52067
1.7762
1.88076
1.93516
1.9817
2.02092
2.20199
2.27571
2.30513
2.16514
2.35972
20.8436
