0.00491142
0.000778834
0.00120799
0.00109673
0.00131925
0.00138283
0.00184377
0.00203451
0.00224113
0.00243187
0.00246366
0.00286102
0.00367165
0.00386238
0.00413259
0.00492732
0.00480016
0.00651677
0.00708898
0.00829697
0.00933011
0.00991821
0.010554
0.01146
0.0130494
0.0135104
0.0151952
0.0160376
0.0181993
0.0204245
0.0218868
0.0236352
0.0226657
0.0250181
0.0265598
0.0257015
0.0256062
0.0267665
0.0250498
0.0241915
0.0227292
0.0220299
0.0208855
0.0185331
0.0167847
0.0149727
0.0133991
0.0125885
0.010554
0.00901222
0.00804265
0.00715256
0.00756582
0.00661214
0.00662804
0.00650088
0.00623067
0.00592868
0.00567436
0.00495911
0.00518163
0.00460943
0.00454585
0.00473658
0.00460943
0.00487963
0.00503858
0.00464122
0.00522931
0.00476837
0.00542005
0.00638962
0.00764529
0.0104745
0.0154018
0.0192642
0.0266075
0.0349363
0.0451406
0.0593185
0.07569
0.0894388
0.102917
0.112867
0.125154
0.12962
0.130224
0.135326
0.138108
0.139777
0.148424
0.150696
0.156005
0.165542
0.174411
0.181723
0.184759
0.186157
0.191307
0.191355
0.201941
0.212558
0.225147
0.239007
0.248734
0.263119
0.28019
0.309674
0.344086
0.384029
0.420729
0.456746
0.491778
0.518783
0.534264
0.561062
0.597604
0.623544
0.664282
0.672388
0.672118
0.666523
0.662804
0.666094
0.651089
0.649452
0.658385
0.669368
0.691589
0.700283
0.703986
0.699059
0.691128
0.680701
0.686932
0.716178
0.745662
0.789324
0.81892
0.828997
0.819127
0.78311
0.749842
0.70715
0.675249
0.650676
0.645685
0.653903
0.665108
0.671641
0.647481
0.615374
0.581725
0.551542
0.529734
0.509071
0.494162
0.465933
0.448116
0.435702
0.442457
0.461785
0.477282
0.494051
0.497309
0.492112
0.473038
0.464074
0.451374
0.450579
0.453742
0.445366
0.4354
0.438817
0.433254
0.44171
0.454315
0.474342
0.487868
0.506163
0.556596
0.620683
0.671498
0.700426
0.674534
0.65589
0.618839
0.608079
0.60792
0.616264
0.632636
0.625165
0.608985
0.585095
0.568867
0.572348
0.577513
0.600513
0.628424
0.650263
0.665665
0.690619
0.711536
0.755056
0.80773
0.882943
0.928529
0.928148
0.951783
0.988118
1.05941
1.05473
1.00446
0.952593
0.937271
0.964419
0.979773
0.960859
0.93902
0.923347
0.897106
0.950877
1.02541
1.00188
1.01655
1.01242
0.953341
0.908852
0.90607
0.918388
0.919596
0.925159
0.922934
0.884231
0.773652
0.755755
0.775941
0.798782
0.824102
0.76863
0.694338
0.599225
0.524314
0.478284
0.361792
0.261768
0.16257
0.112931
0.0871817
0.0751336
0.0728607
0.085179
0.0905514
0.0706673
0.0618776
0.113726
