0.0164032
0.00348091
0.00435511
0.00529289
0.00589689
0.00638962
0.0082016
0.0108719
0.0134786
0.0166257
0.0220935
0.0281811
0.0340621
0.0401815
0.0436624
0.04824
0.0523567
0.0561714
0.0614961
0.0617822
0.0644048
0.0644048
0.0623226
0.0600974
0.0558058
0.0533104
0.0488917
0.046285
0.0455379
0.0433286
0.0415802
0.0388304
0.039355
0.0362873
0.0349998
0.0349204
0.034984
0.0322342
0.0342687
0.0333945
0.0307083
0.0308355
0.0286738
0.0283241
0.0250181
0.0252883
0.0232697
0.020647
0.0192483
0.0190417
0.0184059
0.0169118
0.0163873
0.0152429
0.0143051
0.0132243
0.0140508
0.013717
0.0134309
0.0136852
0.0144958
0.0155926
0.0161807
0.0172933
0.0180403
0.0189463
0.0172774
0.0163714
0.0157833
0.0133355
0.0121593
0.01146
0.010252
0.010697
0.0096639
0.00929832
0.00942548
0.00950495
0.00869433
0.0087738
0.00853539
0.00836054
0.00805855
0.00793139
0.00871023
0.00823339
0.00902812
0.00847181
0.00810623
0.00793139
0.00812213
0.00810623
0.00804265
0.00796318
0.00834465
0.00840823
0.00828107
0.00807444
0.0081857
0.00772476
0.00785192
0.00807444
0.00727971
0.00740687
0.00751813
0.00758171
0.00785192
0.00794729
0.00758171
0.00837644
0.00797908
0.00831286
0.00785192
0.00824928
0.00898043
0.00786781
0.00802676
0.0084877
0.00867844
0.0100931
0.00961622
0.010697
0.0119368
0.0130494
0.0143687
0.0154018
0.01688
0.0187397
0.0222683
0.0258605
0.0331561
0.0443618
0.0656923
0.0853221
0.122738
0.154336
0.199461
0.243632
0.283782
0.310548
0.32746
0.340303
0.34709
0.35607
0.359678
0.357978
0.373141
0.403198
0.440248
0.480127
0.504271
0.512489
0.510995
0.530529
0.563272
0.594966
0.632461
0.668685
0.702667
0.754499
0.818507
0.902303
0.992664
1.08024
1.1631
1.25159
1.36736
1.52648
1.71301
1.88856
2.03118
2.17555
2.29408
2.36082
2.41267
2.51892
2.59482
2.70979
2.78703
2.83066
2.83744
2.76367
2.60954
2.44163
2.20626
2.03126
1.92157
1.91062
1.96012
2.01565
2.05652
1.99831
1.83032
1.62927
1.4149
1.22794
1.0977
1.03609
0.989676
0.951846
0.91904
0.869274
0.824308
0.803534
0.809367
0.796843
0.784047
0.759204
0.715335
0.640551
0.54574
0.452948
0.403515
0.376972
0.344928
0.292063
0.247161
0.202513
0.167958
0.154765
0.139236
0.122643
0.106112
0.0781059
0.0531197
0.0418981
0.0332355
0.026385
0.0227292
0.0141462
0.00425975
0.00112851
0.000397364
9.53674e-05
3.17891e-05
0
0
0
0
0
0
0
0
0
0
0
0
0
0
0
0
0
0
0
0
0
