0.000985463
0.000429153
0.000508626
0.000540415
0.00073115
0.00100136
0.000858307
0.000794729
0.00108083
0.00130335
0.00131925
0.00160535
0.00206629
0.00298818
0.00443459
0.00629425
0.00940959
0.0125408
0.0146866
0.0164668
0.0174046
0.0183105
0.0173887
0.0173569
0.0173251
0.0163714
0.01448
0.0143051
0.0133514
0.0136852
0.0128746
0.0129382
0.0124454
0.0111739
0.0117143
0.0115077
0.00960032
0.00923475
0.0087897
0.00783602
0.00770887
0.00712077
0.00740687
0.00689824
0.00642141
0.00637372
0.00603994
0.00623067
0.00545184
0.00535647
0.0052611
0.00518163
0.00494321
0.00538826
0.00487963
0.00481606
0.00481606
0.00446637
0.00487963
0.00448227
0.00433922
0.00367165
0.00448227
0.0044028
0.00383059
0.00397364
0.00425975
0.00452995
0.00456174
0.00389417
0.00443459
0.00376701
0.00416438
0.00430743
0.00387828
0.00430743
0.00432332
0.0041008
0.00411669
0.00392596
0.00389417
0.00398954
0.00422796
0.00457764
0.00349681
0.00421206
0.00425975
0.00391006
0.00429153
0.00384649
0.00405312
0.00427564
0.00449816
0.0040849
0.00416438
0.00429153
0.00483195
0.00414848
0.00465711
0.00443459
0.00452995
0.00414848
0.00437101
0.00462532
0.00478427
0.004975
0.00449816
0.00495911
0.00561078
0.00511805
0.00542005
0.00473658
0.00532468
0.00554721
0.00516574
0.00559489
0.00592868
0.00565847
0.00710487
0.00691414
0.00742277
0.00756582
0.00807444
0.00861486
0.00762939
0.0087897
0.00898043
0.00983874
0.0111103
0.0146548
0.0199
0.0331084
0.0528018
0.0858307
0.131861
0.195964
0.277853
0.366799
0.469351
0.581106
0.690826
0.818364
0.944471
1.10304
1.26074
1.39407
1.52591
1.60627
1.64413
1.68277
1.70913
1.73825
1.73419
1.71755
1.67198
1.58831
1.49051
1.39224
1.31814
1.29318
1.28603
1.3133
1.38098
1.42865
1.4459
1.41913
1.35595
1.27913
1.23186
1.2232
1.21999
1.19882
1.17319
1.18203
1.18937
1.2043
1.20358
1.17745
1.13926
1.08569
1.05136
1.01926
1.00053
0.998863
0.970538
0.959047
0.934664
0.883834
0.841204
0.814358
0.78996
0.764831
0.751575
0.741895
0.731103
0.726636
0.720326
0.708739
0.666412
0.641267
0.604486
0.590102
0.573874
0.570409
0.567293
0.557693
0.530799
0.497389
0.452232
0.418456
0.392548
0.385729
0.374635
0.355895
0.33795
0.330194
0.325298
0.311677
0.311661
0.314728
0.317844
0.319099
0.321356
0.331004
0.335455
0.329526
0.31786
0.310834
0.299295
0.30009
0.304985
0.317891
0.341606
0.368865
0.403229
0.408602
0.408316
0.370375
0.351445
0.354592
0.394599
0.413068
0.426149
0.437689
0.46676
0.508404
0.546614
0.602531
0.65519
0.653108
0.636768
0.563478
0.514205
0.464535
0.478156
3.40316
