0.000111262
1.58946e-05
0
3.17891e-05
1.58946e-05
3.17891e-05
1.58946e-05
0
1.58946e-05
3.17891e-05
0
1.58946e-05
3.17891e-05
4.76837e-05
6.35783e-05
7.94729e-05
3.17891e-05
6.35783e-05
9.53674e-05
1.58946e-05
0.000111262
0.000222524
0.000397364
0.000651677
0.000842412
0.00163714
0.00282923
0.0041008
0.00611941
0.00659625
0.0085036
0.00913938
0.0101725
0.00999769
0.00912348
0.00890096
0.00834465
0.00839233
0.00693003
0.00718435
0.00693003
0.00713666
0.0073115
0.00710487
0.00707308
0.0073115
0.00729561
0.00726382
0.0070413
0.00740687
0.00720024
0.0076135
0.00864665
0.0082016
0.00783602
0.00772476
0.0079155
0.00874201
0.00864665
0.00875791
0.00904401
0.00837644
0.00840823
0.00861486
0.0090917
0.0087897
0.00888507
0.00896454
0.00837644
0.00923475
0.00948906
0.00891685
0.00886917
0.0090758
0.00917117
0.00934601
0.00958443
0.00953674
0.0102202
0.00977516
0.00982285
0.00948906
0.00971158
0.00983874
0.00993411
0.00983874
0.00960032
0.00917117
0.00961622
0.00923475
0.00999769
0.00987053
0.0105858
0.00999769
0.0107288
0.0117302
0.0114282
0.012207
0.0114759
0.0113646
0.0109196
0.00972748
0.00985463
0.00918706
0.00974337
0.00859896
0.00940959
0.00888507
0.00925064
0.00885328
0.00885328
0.00912348
0.00812213
0.00863075
0.0090758
0.00902812
0.0087897
0.00871023
0.00861486
0.00926654
0.0090758
0.0104427
0.00925064
0.0104745
0.0113646
0.0129859
0.0150204
0.0192324
0.0240962
0.0331561
0.0436783
0.0590007
0.0791868
0.1098
0.153033
0.210857
0.275469
0.348632
0.406949
0.448561
0.467825
0.486676
0.507132
0.541083
0.598176
0.663296
0.732629
0.800149
0.8564
0.89922
0.919167
0.92934
0.933806
0.918341
0.909376
0.906833
0.902239
0.879987
0.847689
0.807095
0.778675
0.761636
0.758918
0.794872
0.877555
1.00218
1.15644
1.2842
1.33877
1.33915
1.30223
1.25124
1.25825
1.30688
1.38391
1.5041
1.63272
1.76055
1.84824
1.86399
1.8318
1.80141
1.78552
1.76841
1.7478
1.70972
1.62948
1.53163
1.4528
1.38294
1.31866
1.30997
1.28694
1.28827
1.2746
1.28342
1.27465
1.26193
1.26322
1.26141
1.23672
1.20227
1.13939
1.07201
1.03168
0.98505
0.931581
0.89585
0.822941
0.761779
0.736411
0.73363
0.698821
0.66185
0.627025
0.595665
0.584936
0.572538
0.543626
0.536187
0.550016
0.571076
0.585047
0.566737
0.516621
0.453281
0.418488
0.410334
0.404819
0.409365
0.449181
0.487645
0.505733
0.501013
0.47822
0.445986
0.383949
0.310691
0.250292
0.204722
0.16613
0.159582
0.158167
0.168451
0.148344
0.112693
0.0720342
0.0591596
0.057586
0.0547568
0.0585238
0.0624975
0.0577927
0.038449
0.0248432
0.0278791
