6.35783e-05
6.35783e-05
3.17891e-05
0.00017484
0.000254313
0.000508626
0.000905991
0.00144641
0.00209808
0.00268618
0.00443459
0.00588099
0.00899633
0.0131289
0.0195821
0.022761
0.0237624
0.0216484
0.0196775
0.0170072
0.0150998
0.0135899
0.0130971
0.0112375
0.0105222
0.00782013
0.00745455
0.00724792
0.00616709
0.00611941
0.00637372
0.00567436
0.00626246
0.00546773
0.00457764
0.00457764
0.0043869
0.00362396
0.00449816
0.00395775
0.00421206
0.00397364
0.00402133
0.00406901
0.00400543
0.00400543
0.00400543
0.00338554
0.00335375
0.00319481
0.00397364
0.00330607
0.00367165
0.00319481
0.00341733
0.00336965
0.00311534
0.00311534
0.00278155
0.00343323
0.00305176
0.0035127
0.00330607
0.00314713
0.00311534
0.00305176
0.00316302
0.00311534
0.0032107
0.00329018
0.00297228
0.00357628
0.00282923
0.00317891
0.00305176
0.00309944
0.0032107
0.00384649
0.00327428
0.0037988
0.0032107
0.00317891
0.0029246
0.00335375
0.00348091
0.00370344
0.00308355
0.00354449
0.00384649
0.00395775
0.00402133
0.00348091
0.0035127
0.00424385
0.00429153
0.00406901
0.00400543
0.00424385
0.00403722
0.00418027
0.00419617
0.00452995
0.00456174
0.00513395
0.00457764
0.00507037
0.00507037
0.00521342
0.00575384
0.00650088
0.00686646
0.00858307
0.0101725
0.0150045
0.0218232
0.0387987
0.0752449
0.135422
0.207631
0.266234
0.327206
0.409873
0.527652
0.70796
0.909408
1.11709
1.27096
1.37501
1.45397
1.51087
1.58888
1.65788
1.75829
1.86858
2.00583
2.1382
2.22772
2.2975
2.45837
2.65992
2.93352
3.21902
3.55032
4.01551
4.56003
5.05201
5.45198
5.78464
5.95826
5.80354
5.29504
4.46909
3.54864
2.71071
1.98247
1.37436
0.932693
0.627057
0.404342
0.264295
0.167418
0.106573
0.0642459
0.0383218
0.0221252
0.0142415
0.00875791
0.00457764
0.00271797
0.00125567
0.000572205
0.000270208
0.000143051
4.76837e-05
1.58946e-05
0
0
0
0
0
0
0
0
0
0
0
0
0
0
0
0
0
0
0
0
0
0
0
0
0
0
0
0
0
0
0
0
0
0
0
0
0
0
0
0
0
0
0
0
0
0
0
0
0
0
0
0
0
0
0
0
0
0
0
0
0
0
0
0
0
0
0
0
0
0
0
0
0
0
0
0
0
0
0
0
0
