0.0230471
0.00354449
0.00398954
0.00432332
0.00422796
0.00480016
0.00492732
0.00487963
0.00548363
0.004673
0.00602404
0.00632604
0.00659625
0.00662804
0.00786781
0.00826518
0.00840823
0.00990232
0.0111103
0.0127157
0.0143846
0.0156879
0.0171185
0.016276
0.0184218
0.0190099
0.0182311
0.0176907
0.0165939
0.0158151
0.0150681
0.0142415
0.0147025
0.0127316
0.0110785
0.0106017
0.0101089
0.0103633
0.00832876
0.00893275
0.00796318
0.00816981
0.00659625
0.00742277
0.00635783
0.00578562
0.00581741
0.00583331
0.005277
0.005277
0.00530879
0.00492732
0.00454585
0.00505447
0.00507037
0.00491142
0.00464122
0.00443459
0.00452995
0.00400543
0.00375112
0.00375112
0.00370344
0.0040849
0.00344912
0.00394185
0.00392596
0.00389417
0.00375112
0.00360807
0.00371933
0.00360807
0.0037988
0.00360807
0.00360807
0.00365575
0.00346502
0.00348091
0.00367165
0.00354449
0.00365575
0.00344912
0.00386238
0.00378291
0.00354449
0.00363986
0.00387828
0.00336965
0.00363986
0.00376701
0.00418027
0.00330607
0.0037988
0.00365575
0.00375112
0.00416438
0.00394185
0.00519753
0.00600815
0.0067234
0.00961622
0.0152588
0.0242233
0.0387033
0.0590324
0.0884851
0.124232
0.15173
0.176287
0.190576
0.201289
0.198809
0.19714
0.201909
0.202878
0.210841
0.224908
0.237052
0.258986
0.284227
0.308323
0.33377
0.361554
0.397221
0.434303
0.474898
0.500186
0.52948
0.550954
0.580374
0.619125
0.665283
0.713317
0.762224
0.806443
0.844415
0.862598
0.873041
0.88226
0.89825
0.911299
0.933536
0.939322
0.941451
0.950336
0.958761
0.984859
1.01581
1.06336
1.11472
1.15789
1.18106
1.1642
1.15438
1.16259
1.19174
1.26912
1.38655
1.52187
1.64925
1.7475
1.8479
2.04271
2.30346
2.50131
2.5376
2.47321
2.38371
2.24253
2.17032
2.16875
2.27281
2.36351
2.34329
2.16476
1.89565
1.62512
1.43832
1.34881
1.31353
1.23232
1.15886
1.09081
1.06662
1.03238
1.00703
1.01892
1.06085
1.10057
1.1524
1.15587
1.08086
0.95253
0.812705
0.693003
0.606998
0.554339
0.531769
0.504605
0.458765
0.384251
0.306209
0.238005
0.175063
0.126251
0.0878334
0.0651519
0.0591755
0.0557741
0.0521183
0.0387351
0.0325203
0.0238895
0.0157038
0.00751813
0.00456174
0.00271797
0.00228882
0.00198682
0.00206629
0.00224113
0.0014782
0.00141462
0.00128746
0.00123978
0.00157356
0.000905991
0.000699361
0.000810623
0.000619888
0.00055631
0.000429153
0.000317891
0.000222524
0.000190735
0.000190735
6.35783e-05
7.94729e-05
9.53674e-05
1.58946e-05
1.58946e-05
0
0
0
0
0
0
0
0
0
0
0
0
0
0
0
