0.0349998
0.00656446
0.00769297
0.00847181
0.00988642
0.0103633
0.0113169
0.014178
0.0160853
0.0196298
0.0253201
0.0296752
0.0351588
0.0404517
0.0429471
0.0455221
0.0435352
0.0451247
0.0413259
0.0353813
0.0287533
0.0236193
0.0193437
0.0166257
0.0154972
0.0142256
0.0127951
0.0117143
0.0103156
0.00871023
0.0085036
0.00786781
0.00785192
0.00823339
0.0067393
0.00748634
0.00683467
0.00662804
0.00631015
0.00610352
0.00562668
0.00575384
0.00603994
0.00545184
0.0058651
0.00626246
0.00611941
0.00554721
0.00621478
0.00529289
0.00599225
0.00542005
0.00597636
0.00594457
0.00553131
0.00597636
0.00611941
0.00529289
0.00514984
0.00570615
0.00607173
0.00518163
0.0052611
0.00570615
0.00534058
0.00530879
0.00548363
0.00583331
0.00542005
0.00549952
0.00532468
0.00522931
0.00551542
0.00576973
0.00542005
0.00529289
0.00524521
0.00588099
0.0058492
0.00578562
0.00618299
0.00608762
0.00594457
0.00610352
0.00629425
0.00594457
0.00651677
0.00631015
0.00624657
0.00651677
0.00670751
0.00624657
0.0061353
0.00651677
0.00677109
0.00769297
0.00727971
0.00874201
0.00913938
0.00985463
0.0123183
0.0147661
0.0190576
0.0219822
0.0286738
0.0353972
0.0433286
0.0508785
0.0621637
0.0734488
0.0854174
0.0977198
0.108465
0.116746
0.125917
0.133991
0.144577
0.158723
0.187397
0.212034
0.244729
0.277313
0.307274
0.326443
0.334946
0.333246
0.326252
0.325791
0.345771
0.367006
0.388432
0.42731
0.477091
0.545438
0.608412
0.674597
0.771125
0.887569
1.04222
1.23537
1.4541
1.65428
1.79947
1.90177
1.9784
2.09277
2.17609
2.239
2.21233
2.17292
2.08082
1.96517
1.7729
1.61343
1.47559
1.38553
1.35735
1.33459
1.31467
1.31313
1.30877
1.35091
1.41614
1.5186
1.6057
1.70417
1.77341
1.81112
1.7563
1.74832
1.7652
1.80887
1.81894
1.83954
1.8775
1.91604
1.91898
1.81677
1.71787
1.57398
1.38477
1.23021
1.18855
1.29929
1.44391
1.51863
1.50065
1.34465
1.14692
1.02159
0.932344
0.860437
0.795905
0.705862
0.538667
0.331958
0.17484
0.0783602
0.0365893
0.0144641
0.00573794
0.00247955
0.00104904
0.000286102
0.000254313
4.76837e-05
0
1.58946e-05
0
1.58946e-05
0
0
0
0
0
0
0
0
0
0
0
0
0
0
0
0
0
0
0
0
0
0
0
0
0
0
0
0
0
0
0
0
0
0
0
0
0
0
0
0
0
0
0
0
0
0
