0.012207
0.00421206
0.00443459
0.00546773
0.00624657
0.00723203
0.00750224
0.00802676
0.00883738
0.0105063
0.0121117
0.0145435
0.0160217
0.0208855
0.025177
0.031201
0.0336329
0.0383695
0.0399113
0.0366688
0.0313123
0.0249068
0.0204722
0.0186761
0.0166257
0.0161807
0.015227
0.0133038
0.0118891
0.0103474
0.00880559
0.00823339
0.00769297
0.00793139
0.0073274
0.0067234
0.00720024
0.00705719
0.00602404
0.00503858
0.00495911
0.00532468
0.00529289
0.00519753
0.00562668
0.00557899
0.0052611
0.00553131
0.005277
0.00475248
0.0055631
0.00457764
0.00487963
0.00478427
0.00443459
0.00514984
0.004975
0.00459353
0.00413259
0.00441869
0.00459353
0.00491142
0.00441869
0.00451406
0.00478427
0.00470479
0.00460943
0.00500679
0.00524521
0.00475248
0.00462532
0.00508626
0.00449816
0.00473658
0.00486374
0.00470479
0.00538826
0.00470479
0.00491142
0.00491142
0.00508626
0.00478427
0.00486374
0.00478427
0.00452995
0.00437101
0.00507037
0.00508626
0.00507037
0.00475248
0.00425975
0.00451406
0.00475248
0.00542005
0.00514984
0.00492732
0.00491142
0.00529289
0.00602404
0.0052611
0.0052611
0.00573794
0.00572205
0.00638962
0.0064532
0.00642141
0.00708898
0.00712077
0.00785192
0.00675519
0.00727971
0.00767708
0.00740687
0.00794729
0.00826518
0.00912348
0.00923475
0.00944138
0.0102997
0.0107129
0.0121117
0.0135581
0.0160217
0.0183105
0.0234922
0.0339667
0.0526428
0.0805696
0.135628
0.220871
0.347757
0.51597
0.720406
0.924651
1.08209
1.17559
1.20192
1.18615
1.14333
1.11814
1.07567
1.0354
1.0234
1.06147
1.12247
1.23717
1.38404
1.53108
1.64165
1.66758
1.68103
1.69048
1.69201
1.69412
1.68994
1.64205
1.54096
1.46766
1.46019
1.47603
1.48261
1.48045
1.40576
1.32516
1.22142
1.12418
1.04338
1.00239
0.968011
0.960382
0.951274
0.959428
0.976737
1.00727
1.02924
1.04632
1.03936
1.04337
1.03938
1.05639
1.07752
1.10354
1.14794
1.16159
1.18499
1.20344
1.17364
1.15104
1.17779
1.23234
1.24095
1.20613
1.14584
1.05953
0.991933
0.973686
0.971651
0.972462
0.975609
0.995636
0.962893
0.9384
0.905959
0.88563
0.882006
0.89016
0.888824
0.888538
0.904083
0.977294
1.06506
1.147
1.12457
0.994953
0.794681
0.568533
0.388352
0.260735
0.162411
0.09408
0.0498136
0.0228246
0.00886917
0.00305176
0.00141462
0.000540415
0.000270208
6.35783e-05
3.17891e-05
3.17891e-05
1.58946e-05
0
0
0
0
0
0
0
0
0
0
0
0
0
0
0
0
0
0
0
0
0
0
0
0
0
