0.0177542
0.00340144
0.00346502
0.00383059
0.00414848
0.00430743
0.00456174
0.00507037
0.00624657
0.00581741
0.00581741
0.00747045
0.00785192
0.00961622
0.00985463
0.0133038
0.0156562
0.0183105
0.02141
0.0241121
0.0277042
0.0289599
0.0274181
0.0268141
0.0230789
0.0202497
0.0194073
0.0167052
0.0152429
0.0140031
0.0126521
0.011158
0.0106653
0.00928243
0.00793139
0.00783602
0.00754992
0.00700951
0.00626246
0.0061353
0.00559489
0.00570615
0.00503858
0.00510216
0.00416438
0.00476837
0.00464122
0.0044028
0.00429153
0.00418027
0.00411669
0.0040849
0.00365575
0.00373522
0.00437101
0.00365575
0.00411669
0.0037988
0.0040849
0.00346502
0.00287692
0.00317891
0.00376701
0.00402133
0.00332197
0.00324249
0.00354449
0.00336965
0.00301997
0.00362396
0.00341733
0.00375112
0.00411669
0.00359217
0.00352859
0.00308355
0.00367165
0.00384649
0.00344912
0.00378291
0.00346502
0.00365575
0.00359217
0.00389417
0.00397364
0.00373522
0.00411669
0.00432332
0.00405312
0.00433922
0.00454585
0.00418027
0.00449816
0.00427564
0.0043869
0.00445048
0.00451406
0.00437101
0.00451406
0.0041008
0.00502268
0.00495911
0.00529289
0.00551542
0.00700951
0.00797908
0.0104745
0.0156244
0.0244617
0.0403563
0.0694593
0.122356
0.211573
0.3582
0.528924
0.702016
0.881815
1.08428
1.28454
1.42705
1.44722
1.36344
1.22671
1.07411
0.909758
0.806093
0.704193
0.650167
0.613705
0.577275
0.555229
0.545581
0.531785
0.531038
0.533946
0.540845
0.564686
0.61299
0.666587
0.737953
0.791295
0.848389
0.841347
0.807667
0.758219
0.708659
0.670735
0.665029
0.657781
0.689459
0.729529
0.774606
0.856813
0.93991
1.01434
1.10312
1.16817
1.18926
1.18752
1.18901
1.2036
1.27699
1.40704
1.54537
1.63547
1.67775
1.74367
1.7783
1.80523
1.79699
1.75654
1.73033
1.6795
1.66647
1.70906
1.75093
1.7789
1.77849
1.75934
1.73968
1.71299
1.67192
1.6208
1.54556
1.46529
1.44024
1.43903
1.43383
1.3425
1.21633
1.05602
0.92392
0.819683
0.763702
0.753244
0.790914
0.848214
0.917912
1.0252
1.04453
0.881608
0.645288
0.446939
0.300598
0.181007
0.0919978
0.0446161
0.0167052
0.00705719
0.00352859
0.00201861
0.00143051
0.00152588
0.0011603
0.000953674
0.000619888
0.000524521
0.000413259
0.000333786
0.000190735
0.000222524
0.000127157
0.000111262
7.94729e-05
9.53674e-05
1.58946e-05
1.58946e-05
4.76837e-05
0
0
0
0
0
0
0
0
0
0
0
0
0
0
0
0
0
0
0
0
0
0
0
0
0
0
0
0
