0.00303586
0.000508626
0.000540415
0.000572205
0.000699361
0.00100136
0.000778834
0.000921885
0.000810623
0.000874201
0.00093778
0.0011603
0.00119209
0.00138283
0.00127157
0.00131925
0.00127157
0.00160535
0.00168482
0.00173251
0.00181198
0.00192324
0.0020504
0.00157356
0.00170072
0.00209808
0.0020504
0.00200272
0.00206629
0.00206629
0.00252724
0.00219345
0.00214577
0.00208219
0.00232061
0.00228882
0.00265439
0.00260671
0.0026385
0.00259082
0.00259082
0.00255903
0.00290871
0.00295639
0.00371933
0.00336965
0.00287692
0.00325839
0.00333786
0.00362396
0.00329018
0.00391006
0.00460943
0.00472069
0.00542005
0.00462532
0.00540415
0.00581741
0.00667572
0.00589689
0.00635783
0.00696182
0.00697772
0.00707308
0.00693003
0.00707308
0.00696182
0.00650088
0.00665983
0.0064373
0.0064373
0.0061512
0.00562668
0.00627836
0.00611941
0.00561078
0.00578562
0.005277
0.00567436
0.00502268
0.00522931
0.00503858
0.00514984
0.00500679
0.00465711
0.00484784
0.00511805
0.00449816
0.0046889
0.0049909
0.00454585
0.00476837
0.00475248
0.00495911
0.00448227
0.00513395
0.00522931
0.00484784
0.00484784
0.00508626
0.00513395
0.00514984
0.00554721
0.00534058
0.00532468
0.00470479
0.00502268
0.00491142
0.00534058
0.00502268
0.00486374
0.0049909
0.00503858
0.00476837
0.00502268
0.00472069
0.0061512
0.00521342
0.004975
0.00514984
0.00484784
0.00535647
0.00546773
0.00534058
0.00553131
0.00580152
0.0052611
0.00535647
0.00564257
0.00576973
0.00507037
0.00573794
0.00513395
0.00543594
0.00596046
0.00562668
0.00522931
0.00502268
0.00559489
0.00532468
0.00569026
0.00511805
0.00596046
0.00580152
0.00559489
0.00549952
0.00511805
0.00537237
0.00561078
0.00626246
0.00561078
0.0055631
0.00635783
0.00596046
0.0067393
0.00670751
0.00685056
0.0064373
0.00796318
0.0082016
0.00782013
0.00796318
0.00810623
0.00816981
0.00882149
0.00872612
0.00809034
0.00750224
0.00844002
0.00821749
0.00867844
0.00859896
0.0090917
0.00880559
0.0093778
0.0104109
0.0106812
0.0115712
0.011905
0.0120163
0.0130018
0.013717
0.0147184
0.0162919
0.0176271
0.0178337
0.0182311
0.0199
0.0222047
0.0240167
0.025781
0.0253042
0.0277837
0.0305971
0.0326633
0.0344912
0.0355085
0.0406265
0.0444094
0.0492096
0.0554562
0.0627359
0.0730515
0.0845432
0.0960827
0.104952
0.116793
0.125313
0.134706
0.146468
0.151618
0.159693
0.161266
0.169357
0.183853
0.19749
0.221364
0.251706
0.266234
0.277249
0.286659
0.298452
0.306066
0.332403
0.378911
0.435177
0.504287
0.597461
0.718975
0.859753
0.966994
1.14476
1.33718
1.62884
1.89589
2.16405
2.35771
2.44185
2.55364
2.71789
2.89547
3.01744
3.01407
3.07123
3.10947
3.04098
3.00829
2.97848
3.15841
3.26331
3.49431
3.32952
3.00829
2.68963
2.50065
26.0413
