0.0450452
0.0032266
0.00341733
0.00363986
0.00376701
0.00405312
0.00405312
0.00452995
0.00460943
0.00494321
0.00422796
0.00473658
0.00483195
0.00508626
0.00521342
0.00511805
0.00573794
0.00569026
0.00642141
0.00688235
0.00713666
0.00766118
0.00863075
0.00904401
0.00898043
0.00960032
0.0115871
0.0127951
0.0144482
0.016578
0.0178496
0.0190735
0.0188986
0.0184536
0.0201543
0.0182947
0.0187874
0.0182311
0.0179768
0.016435
0.0161966
0.0149886
0.0149409
0.0142256
0.0135104
0.0137965
0.0126839
0.0129859
0.0111103
0.0109673
0.0106176
0.0103633
0.00934601
0.00960032
0.00898043
0.00869433
0.00863075
0.0078996
0.00753403
0.00685056
0.00661214
0.00594457
0.0064532
0.00640551
0.00626246
0.005277
0.0058651
0.00546773
0.00502268
0.00454585
0.00489553
0.004975
0.00492732
0.00449816
0.004673
0.00427564
0.00492732
0.00405312
0.00443459
0.00437101
0.00387828
0.00421206
0.00424385
0.00432332
0.00391006
0.00424385
0.00422796
0.00452995
0.00403722
0.00400543
0.00433922
0.00383059
0.00403722
0.00397364
0.00414848
0.00392596
0.0043869
0.00387828
0.00451406
0.00460943
0.00492732
0.0046889
0.00473658
0.00451406
0.00513395
0.00487963
0.0046889
0.00435511
0.00495911
0.00478427
0.00545184
0.005277
0.00495911
0.00546773
0.00553131
0.00516574
0.00513395
0.00557899
0.00489553
0.00554721
0.00596046
0.00540415
0.00529289
0.00549952
0.00557899
0.00569026
0.00522931
0.00572205
0.00592868
0.00565847
0.00532468
0.00537237
0.00616709
0.00610352
0.00740687
0.00837644
0.0106812
0.0119845
0.0150998
0.0191371
0.0216643
0.0253677
0.0298659
0.0353336
0.0426451
0.0512123
0.0613054
0.0675519
0.0787894
0.0933011
0.10802
0.139713
0.178035
0.238132
0.320228
0.405232
0.488567
0.555897
0.5843
0.600958
0.61539
0.624402
0.651948
0.712204
0.797526
0.888936
0.970062
1.05934
1.12802
1.19546
1.26567
1.3313
1.39429
1.46534
1.50407
1.52664
1.54916
1.56805
1.6469
1.77271
1.92707
2.10748
2.22497
2.25706
2.13315
1.95341
1.78776
1.65459
1.60462
1.58464
1.58162
1.57881
1.52988
1.46713
1.42959
1.39521
1.36544
1.34053
1.30062
1.1871
1.08101
1.00684
0.97777
0.975895
1.04098
1.10564
1.12812
1.13918
1.16165
1.19472
1.22128
1.2588
1.28015
1.26373
1.22927
1.18365
1.14675
1.04586
0.909503
0.754674
0.647195
0.590404
0.575066
0.575447
0.628901
0.678412
0.687281
0.649945
0.594171
0.56502
0.543769
0.548792
0.569995
0.564591
0.53792
0.534964
0.539605
0.528224
0.481701
0.470114
0.431649
0.398842
0.346883
0.340064
0.338332
0.339095
0.318448
0.273053
0.211143
0.174777
0.137854
0.0939687
0.0722408
0.0681241
0.0651519
0.479952
