0.0324408
0.00570615
0.00559489
0.00597636
0.0064373
0.00667572
0.00716845
0.00845591
0.00853539
0.00931422
0.0112057
0.0143051
0.0158787
0.019153
0.0222683
0.0242233
0.0278791
0.0308673
0.0325839
0.031662
0.0301838
0.0257333
0.0221252
0.0201861
0.0176112
0.0164032
0.0150839
0.0133038
0.0126521
0.0103474
0.0096639
0.0082016
0.00766118
0.00786781
0.00805855
0.00707308
0.00737508
0.00678698
0.00583331
0.00603994
0.00484784
0.00597636
0.00542005
0.00548363
0.00529289
0.00457764
0.00537237
0.00542005
0.00535647
0.00495911
0.00484784
0.00505447
0.00445048
0.00465711
0.00507037
0.00462532
0.00511805
0.00492732
0.00492732
0.00530879
0.00483195
0.0044028
0.00487963
0.004975
0.00534058
0.00481606
0.00516574
0.00532468
0.00561078
0.00564257
0.00545184
0.00583331
0.00543594
0.00562668
0.00551542
0.00575384
0.00640551
0.00567436
0.00514984
0.00608762
0.00565847
0.00578562
0.00608762
0.00635783
0.00624657
0.0064532
0.00642141
0.00693003
0.00683467
0.00611941
0.00651677
0.00599225
0.00629425
0.00721614
0.00675519
0.00726382
0.00777245
0.00786781
0.00824928
0.00826518
0.00939369
0.00952085
0.0110149
0.0139554
0.0169754
0.02292
0.03287
0.0499566
0.0793457
0.124502
0.190306
0.258716
0.329685
0.370169
0.383377
0.373252
0.355705
0.332006
0.308371
0.276661
0.262642
0.263548
0.276343
0.282637
0.287247
0.281318
0.276438
0.288852
0.315237
0.349458
0.386953
0.428057
0.470352
0.51295
0.553672
0.608857
0.688712
0.778166
0.872548
0.968011
1.04431
1.11761
1.2159
1.32607
1.41309
1.49889
1.61873
1.78663
1.91275
1.96548
2.00715
2.05118
2.12752
2.2277
2.35194
2.50667
2.56705
2.52816
2.43255
2.37182
2.35478
2.43158
2.50041
2.48744
2.44621
2.38562
2.24644
2.08429
1.90539
1.73424
1.58146
1.4636
1.37172
1.32079
1.28547
1.28819
1.3039
1.36321
1.37134
1.33692
1.26297
1.17189
1.07978
0.987848
0.875123
0.792551
0.692765
0.608857
0.537936
0.472196
0.42456
0.383266
0.331942
0.297546
0.265646
0.224018
0.196044
0.172329
0.15138
0.136105
0.124645
0.109879
0.0958125
0.0928243
0.0927925
0.093778
0.0925223
0.0844955
0.0623385
0.0397682
0.0240008
0.017039
0.0133991
0.0105063
0.00872612
0.00457764
0.00220935
0.00108083
0.000397364
0.000111262
9.53674e-05
6.35783e-05
3.17891e-05
1.58946e-05
0
0
0
0
0
0
0
0
0
0
0
0
0
0
0
0
0
0
0
0
0
0
0
0
0
0
0
0
0
0
0
0
