0.0478268
0.00376701
0.00419617
0.00441869
0.00454585
0.00518163
0.00640551
0.00542005
0.00594457
0.00651677
0.00743866
0.00829697
0.0100772
0.0109831
0.0131766
0.0146071
0.0167688
0.0169436
0.0186602
0.0196298
0.0215054
0.0232697
0.024875
0.0258923
0.0265916
0.0248114
0.0252406
0.024573
0.0249704
0.0255426
0.0273228
0.0276089
0.0282288
0.0274976
0.0273387
0.0267824
0.0246207
0.0238419
0.024271
0.0236829
0.0215371
0.0212193
0.0188828
0.0177224
0.0162125
0.0160217
0.0144005
0.0133355
0.0121117
0.0108242
0.0101725
0.00972748
0.00918706
0.00893275
0.00864665
0.00834465
0.00859896
0.00783602
0.00762939
0.00824928
0.00778834
0.00802676
0.00813802
0.00847181
0.0087738
0.00983874
0.0116666
0.0162919
0.0188351
0.0253677
0.0313918
0.0412146
0.0542005
0.0665824
0.0804265
0.0984033
0.115426
0.126934
0.139348
0.147708
0.162745
0.173744
0.179799
0.18514
0.190433
0.192928
0.200144
0.195773
0.203069
0.208791
0.207694
0.214577
0.221475
0.228421
0.230789
0.234922
0.238641
0.248464
0.253948
0.261752
0.27043
0.276486
0.279411
0.284115
0.279633
0.272004
0.27585
0.286388
0.290457
0.30055
0.301075
0.298341
0.294876
0.293875
0.287231
0.289154
0.295941
0.30818
0.319004
0.31813
0.311279
0.303141
0.294813
0.288725
0.289647
0.285784
0.285975
0.283066
0.28882
0.292571
0.293954
0.28952
0.285308
0.278934
0.279967
0.276423
0.279967
0.285085
0.285276
0.288137
0.30009
0.302426
0.298357
0.292047
0.289122
0.288248
0.296815
0.30206
0.31422
0.322501
0.332991
0.350491
0.383711
0.421953
0.480032
0.541989
0.600863
0.644271
0.674486
0.649261
0.620174
0.622781
0.623624
0.633987
0.639947
0.633256
0.6145
0.604614
0.585397
0.579659
0.58136
0.601451
0.629425
0.655715
0.685835
0.700823
0.701443
0.688092
0.670894
0.674756
0.699202
0.729847
0.792344
0.835737
0.864506
0.856177
0.851043
0.86139
0.873597
0.908756
0.940736
0.950527
0.938129
0.917848
0.905863
0.895421
0.876109
0.850407
0.828695
0.804234
0.777594
0.744343
0.710424
0.685215
0.663026
0.669336
0.663265
0.662549
0.653108
0.650454
0.6639
0.680637
0.719182
0.738033
0.747728
0.729291
0.702969
0.703828
0.704527
0.712061
0.719293
0.757392
0.834004
0.899696
0.991281
1.04043
1.01306
0.935777
0.917053
0.890382
0.913064
0.941722
1.00953
1.16445
1.4174
1.57574
1.66
1.50485
1.40642
1.28376
1.04995
0.852585
0.698137
0.617107
0.487407
0.389083
0.293461
0.240739
0.206407
0.170962
0.155179
0.13682
0.124375
0.124327
0.109959
2.63804
