0.0112375
0.00311534
0.00402133
0.0044028
0.00510216
0.00521342
0.00664393
0.00788371
0.00855128
0.00933011
0.0107447
0.0125885
0.0142415
0.0149886
0.0171661
0.0178973
0.02141
0.0222683
0.025177
0.0277042
0.0305812
0.0313441
0.0329653
0.0333309
0.033919
0.0327746
0.0315348
0.0281652
0.0272115
0.0242233
0.0238101
0.0221093
0.0221252
0.0217915
0.0222842
0.0225385
0.0212351
0.0209967
0.0190894
0.0190735
0.0172774
0.0167529
0.0150204
0.0146548
0.013113
0.0133355
0.0120322
0.0108719
0.0109196
0.0107924
0.010252
0.0090758
0.00958443
0.00869433
0.00853539
0.00863075
0.00834465
0.00804265
0.0079155
0.0085036
0.00782013
0.0076135
0.00764529
0.00727971
0.00724792
0.00723203
0.00766118
0.00844002
0.00772476
0.00883738
0.00759761
0.00813802
0.00734329
0.00713666
0.00816981
0.00805855
0.00794729
0.00855128
0.00929832
0.0082016
0.00853539
0.0087897
0.00874201
0.00905991
0.00902812
0.00987053
0.00939369
0.00982285
0.0099659
0.0100136
0.0093619
0.0096639
0.00969569
0.00991821
0.0100772
0.0104109
0.0106335
0.0105222
0.0111421
0.0101884
0.0110467
0.0103951
0.0107447
0.0120481
0.012064
0.0117143
0.0127316
0.0136852
0.0138919
0.0159105
0.0170231
0.0182947
0.0205994
0.0244141
0.0284036
0.0317415
0.034682
0.0402768
0.0462214
0.0497023
0.0555356
0.0610193
0.0644048
0.0693957
0.0767231
0.079902
0.0885328
0.0985463
0.112995
0.121721
0.133642
0.148869
0.161441
0.184457
0.195376
0.211223
0.2316
0.24937
0.283877
0.326761
0.385984
0.460275
0.547409
0.652822
0.797733
0.945584
1.10043
1.2519
1.38907
1.52906
1.64698
1.75219
1.81251
1.86296
1.92701
2.0013
2.05611
2.09328
2.08874
2.09007
2.06804
2.07561
2.1646
2.29594
2.44931
2.61559
2.77584
2.79614
2.7562
2.76445
2.83842
2.96602
3.00732
2.95887
2.92501
2.98858
2.99675
2.7849
2.40525
1.96096
1.61357
1.36468
1.22356
1.13042
1.01492
0.886059
0.749604
0.638882
0.582774
0.544484
0.523408
0.506592
0.474453
0.425529
0.367594
0.327269
0.285069
0.252692
0.21739
0.176064
0.142527
0.122484
0.108337
0.10616
0.106827
0.090313
0.0754038
0.0579039
0.0437419
0.031503
0.0216961
0.0168006
0.0127474
0.0107765
0.00836054
0.00742277
0.00430743
0.00276566
0.00128746
0.000603994
0.000397364
0.000190735
0.000206629
4.76837e-05
4.76837e-05
1.58946e-05
0
0
0
0
0
0
0
0
0
0
0
0
0
0
0
0
0
0
0
0
0
0
0
0
0
0
0
0
0
0
