0.00375112
0.00225703
0.00314713
0.00460943
0.00592868
0.00816981
0.00964801
0.013717
0.0158787
0.0196616
0.0224113
0.0279427
0.0319481
0.0343323
0.0338395
0.0335058
0.0305335
0.0251452
0.0192324
0.0182152
0.016435
0.0145912
0.0140349
0.0130018
0.0109196
0.00990232
0.00883738
0.00821749
0.0070254
0.00715256
0.00727971
0.00678698
0.0064373
0.00629425
0.00551542
0.00564257
0.00492732
0.00535647
0.00548363
0.00494321
0.00494321
0.005277
0.00549952
0.00530879
0.00519753
0.00534058
0.004975
0.00446637
0.00435511
0.00473658
0.00460943
0.00451406
0.00446637
0.00446637
0.00421206
0.00445048
0.00400543
0.00435511
0.00454585
0.00402133
0.00397364
0.00484784
0.00459353
0.00418027
0.00451406
0.00451406
0.00457764
0.00435511
0.00400543
0.004673
0.00448227
0.00402133
0.00494321
0.0043869
0.00465711
0.00476837
0.00465711
0.00475248
0.00475248
0.00510216
0.00507037
0.00516574
0.005277
0.00503858
0.00538826
0.00553131
0.00576973
0.00588099
0.00561078
0.00600815
0.0070254
0.00670751
0.0084877
0.00864665
0.0106176
0.0134627
0.0165939
0.0204245
0.0246366
0.0313759
0.0400066
0.0490824
0.0617186
0.0723521
0.0852267
0.0898361
0.0944932
0.0924905
0.0865936
0.0749747
0.0697931
0.0666618
0.0677586
0.0657876
0.0677745
0.0693003
0.0720819
0.079155
0.0908534
0.104491
0.127316
0.157992
0.203101
0.261895
0.341145
0.429344
0.521692
0.615724
0.709152
0.792996
0.868622
0.913239
0.959206
1.00579
1.03157
1.00799
0.923125
0.852633
0.812721
0.833003
0.891654
0.967884
1.05707
1.17159
1.28179
1.41702
1.53694
1.69655
1.85003
2.02233
2.20606
2.38935
2.56348
2.69821
2.85665
2.98432
3.11747
3.31068
3.5512
3.85989
4.1621
4.53281
4.73881
4.73277
4.37517
3.85041
3.30388
2.77667
2.30378
1.88416
1.4588
1.04777
0.687583
0.416994
0.241629
0.132259
0.0687758
0.0336488
0.0167688
0.00844002
0.0041008
0.00220935
0.000874201
0.000445048
0.000333786
6.35783e-05
1.58946e-05
0
0
0
0
0
0
0
0
0
0
0
0
0
0
0
0
0
0
0
0
0
0
0
0
0
0
0
0
0
0
0
0
0
0
0
0
0
0
0
0
0
0
0
0
0
0
0
0
0
0
0
0
0
0
0
0
0
0
0
0
0
0
0
0
0
0
0
0
0
