0.000349681
0.000190735
0.000158946
0.000254313
0.000397364
0.000683467
0.000667572
0.000985463
0.00106494
0.00143051
0.00170072
0.00190735
0.00193914
0.00216166
0.00224113
0.00265439
0.00330607
0.00309944
0.00392596
0.00365575
0.00418027
0.00454585
0.00508626
0.00562668
0.00578562
0.00646909
0.00724792
0.00712077
0.00796318
0.00894864
0.00918706
0.00899633
0.00942548
0.00955264
0.00998179
0.0105699
0.0107924
0.011158
0.0114759
0.0100613
0.0107288
0.00974337
0.00977516
0.00931422
0.00898043
0.00912348
0.00823339
0.00867844
0.00809034
0.00743866
0.00677109
0.0076135
0.00634193
0.0067393
0.00623067
0.00629425
0.00607173
0.00624657
0.00561078
0.0052611
0.00553131
0.00537237
0.00475248
0.0046889
0.00432332
0.00484784
0.0046889
0.00416438
0.004673
0.00429153
0.00395775
0.00419617
0.0037988
0.00394185
0.00418027
0.00370344
0.00398954
0.0032266
0.0040849
0.00419617
0.00370344
0.00362396
0.00344912
0.00397364
0.00387828
0.00365575
0.0038147
0.00333786
0.00325839
0.00348091
0.00333786
0.00348091
0.00329018
0.00306765
0.00317891
0.00335375
0.00327428
0.00360807
0.00346502
0.0038147
0.00309944
0.00348091
0.00329018
0.00301997
0.00301997
0.00368754
0.00329018
0.00311534
0.00314713
0.00352859
0.00391006
0.00365575
0.00363986
0.0040849
0.00411669
0.00365575
0.00392596
0.00354449
0.00384649
0.00344912
0.00424385
0.00354449
0.00400543
0.00416438
0.00478427
0.00487963
0.00535647
0.00445048
0.00502268
0.00542005
0.00564257
0.0055631
0.00570615
0.00610352
0.0064532
0.0058651
0.00638962
0.00618299
0.00664393
0.00707308
0.00726382
0.00715256
0.00767708
0.00724792
0.00753403
0.0073274
0.00794729
0.0076135
0.00810623
0.00775655
0.00837644
0.00816981
0.00836054
0.00898043
0.00812213
0.00802676
0.00883738
0.00840823
0.00861486
0.00780423
0.00816981
0.00829697
0.00812213
0.00810623
0.00872612
0.00923475
0.00939369
0.0096639
0.0102361
0.0120163
0.0151475
0.0175635
0.0229041
0.0315348
0.0429312
0.0574748
0.0852267
0.123835
0.197172
0.323089
0.513792
0.788593
1.12095
1.4946
1.9529
2.55772
3.4393
4.6848
6.45034
8.84827
11.3437
12.8706
12.2924
9.79133
6.86094
4.68135
3.19444
2.14686
1.35182
0.788609
0.43095
0.228405
0.12695
0.0713507
0.0423272
0.0250181
0.0156879
0.0102043
0.00699361
0.00443459
0.00373522
0.00189145
0.00150998
0.000905991
0.000794729
0.000762939
0.000413259
0.000301997
0.000190735
0.000111262
0.000127157
7.94729e-05
9.53674e-05
4.76837e-05
6.35783e-05
0
0
4.76837e-05
4.76837e-05
1.58946e-05
1.58946e-05
3.17891e-05
1.58946e-05
0
0
0
1.58946e-05
0
0
1.58946e-05
0
0
0
0
0
0
0
0
1.58946e-05
1.58946e-05
0
0
0
0
0
0
