0.004975
0.000715256
0.00073115
0.000794729
0.000794729
0.00093778
0.00122388
0.0011762
0.00125567
0.00165304
0.00166893
0.00152588
0.00179609
0.00163714
0.00236829
0.00222524
0.00249545
0.00241597
0.00309944
0.0029405
0.00344912
0.00336965
0.00363986
0.00437101
0.00437101
0.00538826
0.00484784
0.00538826
0.00546773
0.00621478
0.00597636
0.00705719
0.00681877
0.00840823
0.00751813
0.0082016
0.00840823
0.00864665
0.00913938
0.0103633
0.0100772
0.00891685
0.00913938
0.00960032
0.00883738
0.0102838
0.0103156
0.0102361
0.0103951
0.00948906
0.0105858
0.00988642
0.0102202
0.00940959
0.00926654
0.00915527
0.0093778
0.00920296
0.00894864
0.00805855
0.00804265
0.00836054
0.00699361
0.00766118
0.00696182
0.00708898
0.00651677
0.00618299
0.0058492
0.00629425
0.00637372
0.00540415
0.00513395
0.00562668
0.00524521
0.00481606
0.00514984
0.00545184
0.00521342
0.00429153
0.00481606
0.00454585
0.00429153
0.00459353
0.00465711
0.00456174
0.00456174
0.00459353
0.00505447
0.00481606
0.00464122
0.00511805
0.00446637
0.00532468
0.00518163
0.00494321
0.00454585
0.00561078
0.00537237
0.00522931
0.0055631
0.00575384
0.00573794
0.00596046
0.00619888
0.00650088
0.00678698
0.00669161
0.00705719
0.00756582
0.00726382
0.00770887
0.0081857
0.00832876
0.00805855
0.00856717
0.0085036
0.00815392
0.00823339
0.00928243
0.0090917
0.00928243
0.00940959
0.0105381
0.0111262
0.0131925
0.014178
0.0171026
0.022459
0.0315666
0.0502904
0.088199
0.152667
0.254377
0.400766
0.567849
0.762479
0.939433
1.11823
1.26077
1.3999
1.51496
1.60809
1.66305
1.70013
1.74516
1.7897
1.86706
1.92784
1.98193
1.98689
1.93588
1.85925
1.77162
1.70757
1.6418
1.6003
1.55783
1.52806
1.49404
1.48352
1.46513
1.45669
1.45152
1.42984
1.39413
1.3566
1.29708
1.24977
1.20494
1.15905
1.11567
1.06819
1.02274
1.00145
1.00527
1.01935
1.03377
1.03477
1.01829
0.98896
0.950432
0.926797
0.91966
0.929324
0.929451
0.90518
0.865396
0.825135
0.78516
0.740703
0.719706
0.681305
0.640933
0.589991
0.526555
0.47342
0.429535
0.404231
0.394678
0.388352
0.383536
0.36699
0.352112
0.342798
0.340954
0.356102
0.369088
0.37206
0.358502
0.340573
0.332944
0.319163
0.312551
0.299279
0.291602
0.288979
0.287946
0.295337
0.298834
0.317605
0.338618
0.349092
0.347503
0.351318
0.372807
0.39862
0.42518
0.46649
0.51438
0.537761
0.556993
0.534328
0.535154
0.51856
0.525268
0.504684
0.531546
0.595284
0.636609
0.673771
0.696484
0.67571
0.632222
0.506798
0.407696
0.28135
0.177828
0.0916958
0.0455062
0.0268777
0.0118256
0.00548363
0.00375112
0.00338554
0.0651836
