0
0
0
0
0
0
0
0
0
0
0
0
0
0
0
0
0
0
0
0
0
1.58946e-05
1.58946e-05
3.17891e-05
1.58946e-05
6.35783e-05
0.000111262
0.000206629
0.000190735
0.000445048
0.00055631
0.000826518
0.000858307
0.00114441
0.00165304
0.00193914
0.00247955
0.00268618
0.00305176
0.00354449
0.00395775
0.00465711
0.00452995
0.005277
0.00551542
0.0055631
0.00616709
0.00581741
0.00677109
0.00677109
0.00729561
0.00720024
0.00802676
0.00782013
0.00815392
0.00829697
0.00815392
0.00864665
0.00766118
0.00836054
0.0087897
0.00794729
0.00871023
0.00783602
0.00809034
0.00810623
0.00794729
0.00796318
0.00823339
0.00871023
0.00836054
0.00844002
0.00851949
0.00799497
0.00788371
0.00810623
0.00812213
0.00705719
0.00786781
0.00888507
0.00778834
0.00794729
0.0079155
0.00751813
0.00693003
0.00721614
0.00707308
0.00656446
0.00650088
0.00623067
0.00619888
0.00605583
0.00637372
0.00578562
0.00627836
0.00597636
0.00591278
0.00602404
0.00573794
0.00524521
0.00540415
0.00596046
0.00567436
0.00627836
0.00618299
0.00632604
0.00603994
0.00648499
0.0061512
0.00634193
0.00591278
0.00578562
0.00640551
0.00618299
0.00634193
0.00631015
0.0067393
0.00591278
0.00651677
0.00578562
0.00594457
0.00621478
0.0061512
0.00599225
0.00592868
0.00642141
0.00658035
0.00710487
0.00659625
0.00691414
0.00750224
0.00758171
0.00762939
0.00777245
0.00758171
0.00809034
0.00794729
0.00758171
0.00859896
0.00926654
0.0090917
0.00918706
0.00871023
0.00988642
0.0105699
0.0103315
0.0109514
0.0111262
0.0132561
0.0159899
0.0165939
0.0198682
0.025479
0.0316143
0.0375589
0.0482718
0.063769
0.0778834
0.100263
0.123851
0.176287
0.265646
0.411987
0.634034
0.913731
1.20323
1.50944
1.80106
2.09613
2.38358
2.69375
3.0211
3.36336
3.62314
3.72993
3.64319
3.44989
3.28978
3.1805
3.09132
2.97225
2.84135
2.68844
2.5376
2.35736
2.20041
2.08751
1.96748
1.84803
1.76889
1.70078
1.66744
1.66621
1.6266
1.58866
1.55228
1.46206
1.34646
1.25
1.19724
1.17971
1.16892
1.11324
1.05982
1.03079
0.964212
0.89221
0.82523
0.764529
0.713078
0.674947
0.646623
0.609605
0.568517
0.536092
0.489251
0.45778
0.414546
0.36974
0.312773
0.268443
0.227833
0.18905
0.137806
0.0992934
0.0565052
0.0262896
0.011905
0.00545184
0.00249545
0.0017643
0.00104904
0.000842412
0.00055631
0.000397364
0.000270208
0.000222524
0.000254313
1.58946e-05
4.76837e-05
3.17891e-05
0
0
0
0
0
0
0
0
0
0
0
0
0
0
0
