0.0119686
0.00125567
0.00119209
0.00120799
0.00128746
0.00166893
0.00163714
0.00165304
0.00211398
0.00217756
0.00243187
0.00227292
0.0029405
0.00305176
0.00319481
0.00384649
0.00338554
0.0044028
0.0044028
0.00445048
0.00503858
0.00610352
0.00611941
0.00707308
0.00724792
0.00759761
0.00751813
0.00858307
0.00778834
0.00940959
0.0090758
0.00940959
0.0104109
0.0106812
0.0107606
0.0110626
0.0102997
0.0101248
0.0101566
0.00944138
0.00995
0.00872612
0.00880559
0.00963211
0.00886917
0.00880559
0.0082016
0.00869433
0.00816981
0.00750224
0.00767708
0.00712077
0.00699361
0.00675519
0.00631015
0.00696182
0.00548363
0.00576973
0.00565847
0.00561078
0.00581741
0.00534058
0.00557899
0.00546773
0.00521342
0.00570615
0.00538826
0.00545184
0.00557899
0.00492732
0.00516574
0.00513395
0.00483195
0.00502268
0.00534058
0.00483195
0.00513395
0.00492732
0.00567436
0.00516574
0.00508626
0.00608762
0.00500679
0.00542005
0.00480016
0.00457764
0.00516574
0.00548363
0.00494321
0.00518163
0.00452995
0.00394185
0.00452995
0.00464122
0.00449816
0.004975
0.00437101
0.00475248
0.00422796
0.00451406
0.0046889
0.00402133
0.00413259
0.00487963
0.00454585
0.00464122
0.00534058
0.004673
0.00542005
0.00511805
0.00545184
0.00608762
0.0061512
0.00675519
0.00855128
0.0114759
0.0160694
0.0251611
0.0409603
0.0681241
0.1067
0.165288
0.248082
0.345993
0.470479
0.607793
0.73727
0.846418
0.942961
1.04472
1.13619
1.24292
1.3092
1.40715
1.50003
1.56929
1.6242
1.67017
1.69717
1.7563
1.8205
1.91781
2.01224
2.07934
2.06963
1.97533
1.89125
1.79208
1.67397
1.53766
1.3859
1.23207
1.07903
0.9799
0.897408
0.855891
0.816472
0.801373
0.790834
0.789817
0.792042
0.781314
0.756884
0.71551
0.680208
0.644938
0.624084
0.607109
0.597239
0.593726
0.6097
0.617441
0.617266
0.605122
0.607634
0.613213
0.628885
0.632254
0.610781
0.575256
0.539398
0.513268
0.505082
0.522772
0.532198
0.541306
0.555833
0.544739
0.506703
0.468063
0.425355
0.395171
0.384601
0.376383
0.372235
0.375525
0.374603
0.380103
0.37365
0.372442
0.367991
0.361443
0.360664
0.359122
0.350332
0.349347
0.344912
0.342496
0.341304
0.340239
0.337585
0.329765
0.326157
0.315698
0.297197
0.288359
0.274181
0.265074
0.26679
0.263898
0.268984
0.266949
0.266457
0.264597
0.260433
0.265376
0.271575
0.287088
0.31112
0.329733
0.369199
0.414753
0.460863
0.511916
0.545152
0.572236
0.60099
0.636005
0.639677
0.650835
0.645415
0.660896
0.620508
0.630538
0.638358
0.637849
0.684611
0.668462
0.626882
0.594123
0.663153
0.706196
0.699711
0.66576
0.659545
3.8938
