0.00375112
0.0011762
0.0011762
0.00150998
0.00131925
0.00130335
0.00141462
0.00193914
0.00182788
0.00206629
0.00193914
0.00198682
0.00240008
0.00228882
0.00216166
0.00273387
0.00297228
0.00281334
0.00268618
0.00346502
0.00359217
0.00348091
0.00414848
0.00441869
0.00599225
0.00607173
0.00707308
0.00775655
0.00859896
0.0107129
0.011762
0.0123183
0.0126839
0.0133514
0.0131289
0.0135581
0.0137488
0.0138919
0.0126998
0.0129382
0.0124296
0.011603
0.0108401
0.0104427
0.0106812
0.0101566
0.00891685
0.00972748
0.00853539
0.00925064
0.00799497
0.00816981
0.00699361
0.00726382
0.00693003
0.00618299
0.00631015
0.00646909
0.00565847
0.00583331
0.00576973
0.00538826
0.00522931
0.00505447
0.00472069
0.00427564
0.00460943
0.0043869
0.00427564
0.00437101
0.0037988
0.00437101
0.00397364
0.00405312
0.00363986
0.00387828
0.00375112
0.00336965
0.00387828
0.00403722
0.00384649
0.00368754
0.00343323
0.00352859
0.00413259
0.00336965
0.00360807
0.00362396
0.00317891
0.00338554
0.00338554
0.0032266
0.00397364
0.00357628
0.00400543
0.00371933
0.00378291
0.00344912
0.00419617
0.00384649
0.00333786
0.00359217
0.00335375
0.00398954
0.00383059
0.00406901
0.00406901
0.00430743
0.00398954
0.00448227
0.0043869
0.00484784
0.004975
0.0043869
0.00473658
0.00545184
0.00481606
0.00591278
0.00567436
0.00610352
0.00576973
0.00594457
0.00589689
0.0061353
0.00681877
0.00651677
0.00662804
0.00653267
0.00686646
0.00775655
0.00856717
0.010697
0.0135422
0.0191847
0.0234127
0.0277678
0.0326633
0.0417868
0.0529766
0.0710328
0.0869751
0.100803
0.122547
0.150013
0.193469
0.237608
0.269016
0.279411
0.297785
0.314617
0.337617
0.383393
0.437355
0.518465
0.60544
0.671053
0.707897
0.753053
0.813691
0.887378
0.952244
1.07657
1.24078
1.47417
1.71181
1.89902
1.96195
1.94788
1.88152
1.78412
1.70323
1.64339
1.60948
1.60413
1.64496
1.7084
1.71407
1.67028
1.65137
1.71515
1.83411
1.99068
2.13079
2.24819
2.28786
2.1945
2.03231
1.91967
1.83824
1.78113
1.71041
1.61343
1.55643
1.52198
1.44981
1.37229
1.28314
1.20608
1.21229
1.24394
1.33832
1.473
1.58515
1.64199
1.65755
1.6867
1.60089
1.49846
1.38272
1.28969
1.13247
0.935952
0.757694
0.617297
0.536172
0.476599
0.412989
0.35917
0.323598
0.304095
0.288661
0.300852
0.302203
0.267061
0.244999
0.21197
0.170771
0.140826
0.131369
0.118764
0.0977198
0.0798861
0.0645638
0.0517845
0.0404676
0.0358423
0.0296434
0.0299454
0.0291824
0.0292778
0.0360171
0.0370344
0.0232855
0.011905
0.00313123
0.000874201
0.000190735
0
1.58946e-05
0
0
0
0
0
0
1.58946e-05
