0.0101566
0.00182788
0.00208219
0.0026226
0.0029405
0.00309944
0.00329018
0.00378291
0.00392596
0.00424385
0.0046889
0.00421206
0.00451406
0.0052611
0.00559489
0.00581741
0.00603994
0.0064373
0.00658035
0.00734329
0.00785192
0.00952085
0.0100931
0.0120004
0.0143369
0.0151634
0.0166098
0.0168959
0.0163714
0.0170231
0.0164827
0.0166416
0.0168641
0.0158151
0.0150045
0.0152588
0.0139395
0.0133991
0.0133991
0.0125567
0.0128428
0.0118732
0.0108242
0.00967979
0.00944138
0.00829697
0.00718435
0.00737508
0.00708898
0.00661214
0.00623067
0.00538826
0.00578562
0.00534058
0.00522931
0.00514984
0.00500679
0.00432332
0.00435511
0.00456174
0.00421206
0.0043869
0.00367165
0.00400543
0.00411669
0.00356038
0.0037988
0.00392596
0.00344912
0.0035127
0.00348091
0.00357628
0.00346502
0.00348091
0.00340144
0.00327428
0.00357628
0.00346502
0.00375112
0.00343323
0.00332197
0.00367165
0.00357628
0.00406901
0.0040849
0.0038147
0.00375112
0.00392596
0.00378291
0.00405312
0.00451406
0.00416438
0.00406901
0.00398954
0.00427564
0.00443459
0.00452995
0.00411669
0.00472069
0.00454585
0.00510216
0.00500679
0.00549952
0.00513395
0.00519753
0.00551542
0.00521342
0.00514984
0.00557899
0.00629425
0.00588099
0.00605583
0.00564257
0.00573794
0.00618299
0.0067234
0.00659625
0.00678698
0.00794729
0.00821749
0.0105699
0.0118256
0.0157833
0.0180562
0.0230153
0.0281175
0.0340303
0.0396411
0.0427564
0.0471592
0.0493209
0.0498295
0.0486851
0.0418663
0.0413736
0.039959
0.0384649
0.0404517
0.0405947
0.0409444
0.0428836
0.0447909
0.0459512
0.0485897
0.0595411
0.0668526
0.0784397
0.09106
0.109657
0.125408
0.149965
0.168848
0.191561
0.214291
0.241025
0.256046
0.261704
0.258478
0.264645
0.260576
0.265837
0.291697
0.325918
0.36451
0.412941
0.444603
0.468922
0.502332
0.546948
0.583474
0.618299
0.656573
0.688124
0.714779
0.717608
0.720421
0.722313
0.732136
0.750764
0.778214
0.840282
0.972287
1.10769
1.22135
1.32044
1.45299
1.63517
1.78955
1.86785
1.98859
2.1076
2.14192
2.09351
1.97007
1.8789
1.80815
1.68427
1.60219
1.50828
1.47287
1.49891
1.54931
1.57472
1.55721
1.51483
1.50309
1.50146
1.51691
1.4757
1.4287
1.41619
1.39976
1.34894
1.28043
1.2272
1.22078
1.22175
1.21566
1.14245
1.08174
1.00067
0.952991
0.929133
0.869513
0.854222
0.829124
0.786591
0.761143
0.741959
0.714016
0.668097
0.662136
0.664155
0.679429
0.678571
0.689809
0.718927
0.739892
0.784667
0.803773
0.79306
0.79271
0.776768
0.806014
0.757297
0.681305
0.617282
0.555785
0.483672
0.391817
0.349299
0.290298
0.248766
0.205787
0.176016
0.619713
