0.0113646
0.00271797
0.00357628
0.00403722
0.00464122
0.00516574
0.0055631
0.00697772
0.00689824
0.00861486
0.00918706
0.00979106
0.0114282
0.0146548
0.0179927
0.0211875
0.025781
0.0308355
0.036335
0.039959
0.0418663
0.0426928
0.0406901
0.035874
0.0305971
0.026385
0.023365
0.0193755
0.0178496
0.0158628
0.0156085
0.0134309
0.0124613
0.0108242
0.00948906
0.00861486
0.00836054
0.00832876
0.00783602
0.00747045
0.00712077
0.00681877
0.00691414
0.00607173
0.00627836
0.00581741
0.00578562
0.00564257
0.00549952
0.00623067
0.00578562
0.00557899
0.00596046
0.0064373
0.00537237
0.00576973
0.00537237
0.00602404
0.0058492
0.00581741
0.00551542
0.00530879
0.00491142
0.00473658
0.00510216
0.0046889
0.00500679
0.00542005
0.00460943
0.0049909
0.00445048
0.00524521
0.00475248
0.00487963
0.00424385
0.00514984
0.00457764
0.00433922
0.00427564
0.0044028
0.00480016
0.00427564
0.0046889
0.00425975
0.0041008
0.00406901
0.00472069
0.00451406
0.00470479
0.0043869
0.00406901
0.00456174
0.00452995
0.0046889
0.00446637
0.00449816
0.00395775
0.00394185
0.00446637
0.00387828
0.00400543
0.0037988
0.00416438
0.00416438
0.00418027
0.00429153
0.00441869
0.00376701
0.00430743
0.00405312
0.00422796
0.00405312
0.00473658
0.0044028
0.0043869
0.00472069
0.00475248
0.00502268
0.0046889
0.00494321
0.00591278
0.00665983
0.0087738
0.00964801
0.0129382
0.0175317
0.0238419
0.0307083
0.0425339
0.0542164
0.0663439
0.0824134
0.0974178
0.115093
0.131845
0.151968
0.175015
0.204166
0.250594
0.317907
0.411638
0.541925
0.701745
0.882181
1.03337
1.1903
1.3418
1.51003
1.67116
1.82966
1.94143
2.04482
2.11031
2.14809
2.18983
2.22138
2.19523
2.08333
1.89082
1.73426
1.65361
1.66443
1.67157
1.63749
1.56504
1.4411
1.33224
1.24456
1.19602
1.14377
1.09576
1.04931
0.993713
0.966914
0.955677
0.952959
0.9559
0.995557
1.06346
1.15862
1.24537
1.30889
1.33476
1.3298
1.23995
1.15209
1.05324
1.01282
0.974369
0.940164
0.911792
0.856511
0.779549
0.744232
0.695864
0.635719
0.599353
0.579882
0.557518
0.551621
0.565227
0.595776
0.623973
0.633558
0.61361
0.594536
0.582616
0.568072
0.567834
0.565132
0.552813
0.563939
0.542529
0.524124
0.486724
0.458225
0.431458
0.401974
0.358613
0.350682
0.335916
0.326665
0.320991
0.294002
0.287501
0.286976
0.298484
0.303793
0.299788
0.304174
0.29165
0.289313
0.265535
0.251055
0.242615
0.232744
0.226132
0.228294
0.228087
0.230392
0.216087
0.206788
0.200129
0.198634
0.202131
0.206439
0.208505
0.21615
0.22521
0.228039
0.241518
0.233364
0.226418
0.232808
0.223621
2.82353
