0.00921885
0.00238419
0.00225703
0.0023365
0.0029246
0.00327428
0.00384649
0.00394185
0.00445048
0.00430743
0.00430743
0.00530879
0.00529289
0.00605583
0.00659625
0.00756582
0.00782013
0.00801086
0.00985463
0.00948906
0.011158
0.0115554
0.0149886
0.0157356
0.0168165
0.0171979
0.0164032
0.0162919
0.0171979
0.0166893
0.0158787
0.0158787
0.0139872
0.0130812
0.0112375
0.00995
0.00901222
0.00901222
0.00910759
0.00875791
0.00772476
0.00769297
0.00693003
0.00632604
0.00592868
0.00570615
0.00554721
0.00538826
0.0052611
0.00553131
0.00489553
0.00548363
0.0052611
0.00433922
0.00443459
0.00425975
0.00443459
0.00448227
0.00452995
0.00446637
0.00405312
0.00454585
0.00422796
0.00460943
0.00413259
0.00389417
0.00375112
0.00349681
0.00357628
0.00376701
0.00386238
0.00449816
0.00383059
0.00416438
0.00368754
0.00419617
0.00383059
0.0037988
0.00341733
0.00363986
0.00368754
0.00360807
0.00418027
0.00405312
0.00403722
0.00378291
0.00391006
0.00376701
0.0041008
0.0041008
0.0044028
0.00411669
0.0043869
0.00435511
0.00445048
0.004673
0.0046889
0.00514984
0.00480016
0.00516574
0.00513395
0.00483195
0.00492732
0.00567436
0.00565847
0.00561078
0.0061512
0.00664393
0.0061512
0.00646909
0.00677109
0.00667572
0.00778834
0.00751813
0.00748634
0.00793139
0.00799497
0.00869433
0.00815392
0.00923475
0.0100454
0.0104268
0.0126998
0.0144958
0.0177542
0.0227292
0.0304222
0.0388304
0.0482082
0.0603517
0.0758012
0.0966708
0.116189
0.146929
0.182247
0.214179
0.248766
0.288121
0.329049
0.381438
0.440836
0.515731
0.604232
0.692272
0.77831
0.847928
0.916115
0.967058
1.01175
1.05398
1.0581
1.05635
1.06586
1.07066
1.07106
1.03033
0.975609
0.946744
0.935078
0.913509
0.914415
0.93112
0.93468
0.936047
0.923936
0.890493
0.852442
0.836913
0.825469
0.81706
0.815694
0.836213
0.867558
0.890684
0.884851
0.885423
0.878414
0.878779
0.892035
0.926797
1.00158
1.06479
1.10806
1.13128
1.14551
1.11456
1.08759
1.08342
1.09256
1.12305
1.16647
1.20581
1.22186
1.18974
1.13746
1.07713
1.04564
1.04599
1.04809
1.05316
1.04864
1.05901
1.04529
1.02471
0.985654
0.943232
0.902367
0.847864
0.787083
0.737127
0.712585
0.693067
0.67908
0.66239
0.632318
0.593837
0.554498
0.554069
0.54787
0.560029
0.545152
0.551319
0.553846
0.550524
0.558408
0.584332
0.628376
0.656684
0.65705
0.646702
0.674041
0.681829
0.687838
0.71249
0.720501
0.715923
0.725381
0.681686
0.662851
0.623624
0.610749
0.610908
0.586987
0.621192
0.607904
0.597127
0.582822
0.542116
0.518068
0.47493
0.465536
0.424465
0.403643
0.388988
0.389131
2.93881
