0.00429153
0.000572205
0.000603994
0.000603994
0.000858307
0.00112851
0.00111262
0.0011603
0.00139872
0.00155767
0.00152588
0.00171661
0.00227292
0.00190735
0.00247955
0.00240008
0.00289281
0.00341733
0.00406901
0.00513395
0.00637372
0.00772476
0.00928243
0.0112057
0.0140508
0.0163078
0.0172615
0.018994
0.0186602
0.0188669
0.0179291
0.0172933
0.0164827
0.0163555
0.0150045
0.0144164
0.0147184
0.0139713
0.013415
0.0134309
0.0130494
0.0113487
0.0107765
0.0108083
0.0105222
0.0113328
0.0113487
0.0109514
0.0101884
0.00979106
0.00993411
0.00921885
0.00921885
0.00858307
0.00775655
0.0082016
0.00734329
0.00729561
0.00686646
0.00634193
0.0058651
0.00637372
0.00529289
0.00519753
0.00530879
0.00521342
0.00481606
0.00470479
0.00510216
0.00472069
0.00484784
0.00448227
0.00430743
0.00435511
0.00484784
0.00435511
0.00421206
0.00418027
0.0046889
0.00422796
0.00456174
0.00433922
0.0044028
0.00430743
0.0040849
0.00464122
0.00480016
0.00492732
0.00451406
0.00465711
0.0038147
0.00422796
0.00448227
0.00459353
0.00459353
0.00370344
0.0040849
0.00472069
0.00446637
0.0049909
0.00503858
0.00481606
0.004975
0.00489553
0.0049909
0.00524521
0.00494321
0.00529289
0.00480016
0.00545184
0.00575384
0.00605583
0.00580152
0.00713666
0.00735919
0.00861486
0.0116666
0.0153542
0.0216166
0.0298341
0.0394821
0.0494639
0.0605742
0.0706832
0.0808716
0.0931581
0.111707
0.148122
0.21801
0.322692
0.4577
0.614405
0.774399
0.895023
0.972621
1.01603
1.04103
1.05611
1.08964
1.12383
1.13716
1.15841
1.17126
1.17623
1.1867
1.16479
1.14134
1.1219
1.1014
1.07741
1.04736
1.01504
0.986163
0.961288
0.96
0.967582
0.964657
0.96337
0.962289
0.949526
0.941277
0.934792
0.914637
0.884994
0.862646
0.849279
0.82763
0.813723
0.796858
0.800419
0.816329
0.835276
0.861216
0.886885
0.878048
0.887044
0.886774
0.888046
0.878668
0.888777
0.899092
0.907803
0.924921
0.940132
0.931931
0.922251
0.90313
0.879685
0.879256
0.878207
0.880098
0.878843
0.890938
0.908248
0.923125
0.939512
0.952959
0.959555
0.978613
0.992123
0.987037
0.996176
1.01
1.03289
1.04278
1.01786
0.98354
0.959651
0.96221
0.984192
0.990868
0.990295
0.976674
0.9703
0.987641
0.991901
0.957076
0.877682
0.829681
0.791947
0.74652
0.723219
0.728273
0.726652
0.730737
0.703812
0.652631
0.608921
0.60277
0.614834
0.598288
0.58376
0.555801
0.539112
0.525522
0.511456
0.508102
0.466251
0.390418
0.316556
0.231965
0.178719
0.134929
0.10128
0.0650247
0.0388145
0.0172138
0.00867844
0.00327428
0.00208219
0.00130335
0.00160535
0.00119209
0.00111262
0.00111262
0.00510216
