0
0
0
0
0
1.58946e-05
0
1.58946e-05
0
0
6.35783e-05
6.35783e-05
7.94729e-05
0.000143051
0.000270208
0.000524521
0.000699361
0.00101725
0.00200272
0.00287692
0.00386238
0.00565847
0.0073115
0.00923475
0.010697
0.0131766
0.0145435
0.0150363
0.01688
0.0167529
0.0161012
0.0161171
0.0150522
0.0137011
0.0140349
0.0136534
0.0131925
0.0121752
0.011158
0.0112851
0.0107606
0.0102679
0.00963211
0.00963211
0.0093778
0.00971158
0.00882149
0.00955264
0.00886917
0.00888507
0.00972748
0.00910759
0.00928243
0.00933011
0.0087738
0.00823339
0.00861486
0.00743866
0.00882149
0.00796318
0.00756582
0.00802676
0.00707308
0.00770887
0.00712077
0.00735919
0.00662804
0.00700951
0.00588099
0.00621478
0.0061353
0.00559489
0.00581741
0.00543594
0.00581741
0.00573794
0.00545184
0.00561078
0.00570615
0.00619888
0.00549952
0.00540415
0.00588099
0.00594457
0.00572205
0.00583331
0.00634193
0.00575384
0.00653267
0.00624657
0.00597636
0.00570615
0.00642141
0.00608762
0.00686646
0.00618299
0.00665983
0.00621478
0.00621478
0.00693003
0.0058492
0.00627836
0.0067393
0.00693003
0.00661214
0.00727971
0.00745455
0.00727971
0.00786781
0.00826518
0.00816981
0.00758171
0.00866254
0.0085036
0.0101089
0.0103633
0.0121435
0.013717
0.0153065
0.0184377
0.0224908
0.0269731
0.0338078
0.0427882
0.0519435
0.0638962
0.0762304
0.0965595
0.123294
0.160249
0.197268
0.240898
0.282828
0.320594
0.348759
0.382249
0.414276
0.44651
0.482448
0.531451
0.585699
0.650422
0.72101
0.794744
0.862217
0.91931
0.973924
1.00039
1.02684
1.07015
1.11249
1.15137
1.19019
1.23803
1.2698
1.31701
1.34999
1.37455
1.39294
1.41942
1.441
1.43696
1.45257
1.46658
1.48589
1.51655
1.54448
1.54988
1.56334
1.55233
1.54419
1.5464
1.53104
1.49891
1.46259
1.43379
1.41404
1.3958
1.35762
1.30917
1.27982
1.2622
1.22426
1.18027
1.14946
1.10621
1.05584
1.02971
1.01509
1.01047
1.03916
1.06042
1.04213
0.987816
0.929324
0.886599
0.848309
0.841935
0.84645
0.827662
0.832637
0.813103
0.785065
0.773875
0.762637
0.742753
0.716241
0.692034
0.67633
0.648801
0.635306
0.61005
0.578054
0.554927
0.525681
0.50691
0.49173
0.465886
0.44384
0.418949
0.399764
0.386683
0.37988
0.373475
0.365973
0.336758
0.314824
0.299279
0.286388
0.286373
0.291284
0.297864
0.309181
0.328732
0.334692
0.330671
0.311232
0.292269
0.284243
0.272385
0.254313
0.233634
0.214545
0.20984
0.207742
0.199699
0.194597
0.217358
0.258112
0.296021
0.324074
0.33075
0.312996
0.259638
0.193342
0.370057
