0.00246366
0.00224113
0.00309944
0.00446637
0.00608762
0.0104268
0.0147978
0.0202815
0.0283877
0.0387351
0.0436306
0.047795
0.0471274
0.0451724
0.0386715
0.029103
0.0205517
0.017341
0.0134786
0.0122229
0.0113964
0.0114918
0.0110308
0.0108401
0.00953674
0.00875791
0.00821749
0.00670751
0.00723203
0.00661214
0.00650088
0.00665983
0.00724792
0.00627836
0.00583331
0.00573794
0.00565847
0.00554721
0.00572205
0.00557899
0.00503858
0.00545184
0.00564257
0.0052611
0.00492732
0.00543594
0.00551542
0.00543594
0.00495911
0.00495911
0.00514984
0.00491142
0.00486374
0.00494321
0.00513395
0.0052611
0.00535647
0.0049909
0.00494321
0.00542005
0.00491142
0.00554721
0.00521342
0.00510216
0.0055631
0.00572205
0.00521342
0.00562668
0.00554721
0.00543594
0.00553131
0.00597636
0.00551542
0.00578562
0.00589689
0.00591278
0.00637372
0.00589689
0.00646909
0.00621478
0.00616709
0.00654856
0.00693003
0.00629425
0.00665983
0.00634193
0.00705719
0.00707308
0.00707308
0.00807444
0.0087897
0.00828107
0.00963211
0.0105381
0.0112057
0.0137011
0.0157515
0.0208219
0.0294367
0.0410875
0.0624657
0.0947475
0.147486
0.221491
0.317176
0.430028
0.545772
0.653092
0.739924
0.790866
0.837851
0.877603
0.935364
1.00648
1.08568
1.17121
1.25869
1.29983
1.32949
1.35204
1.37407
1.40731
1.47093
1.57812
1.74548
1.90546
2.04614
2.17843
2.28731
2.40817
2.53609
2.66512
2.76631
2.8375
2.87709
2.83515
2.83367
2.83117
2.84112
2.88604
2.95366
2.91692
2.76518
2.53085
2.25031
1.98585
1.75997
1.59809
1.47993
1.30825
1.14126
1.05346
1.02905
1.05036
1.07916
1.0718
1.02768
0.961765
0.921933
0.915559
0.911935
0.86538
0.782871
0.693337
0.585397
0.481415
0.374778
0.291856
0.219377
0.160042
0.107304
0.0726223
0.0445207
0.0282129
0.0189304
0.0143051
0.0105858
0.00710487
0.00405312
0.00224113
0.000953674
0.000397364
0.000158946
1.58946e-05
3.17891e-05
0
0
0
0
0
0
0
0
0
0
0
0
0
0
0
0
0
0
0
0
0
0
0
0
0
0
0
0
0
0
0
0
0
0
0
0
0
0
0
0
0
0
0
0
0
0
0
0
0
0
0
0
0
0
0
0
0
0
0
0
0
0
0
0
0
0
0
0
0
0
0
