0.00735919
0.00241597
0.00208219
0.00255903
0.0032266
0.00365575
0.00386238
0.00465711
0.00534058
0.00557899
0.00591278
0.0076135
0.00785192
0.00832876
0.00948906
0.0105381
0.0117143
0.0139872
0.0153383
0.0174681
0.0206947
0.0226498
0.0224749
0.0198046
0.0186443
0.0181834
0.0171343
0.0157833
0.0162125
0.0148137
0.0144482
0.0120958
0.0103474
0.00885328
0.00939369
0.00902812
0.00866254
0.00816981
0.00734329
0.00678698
0.00651677
0.0055631
0.00530879
0.00500679
0.00503858
0.00511805
0.00548363
0.00521342
0.00543594
0.00452995
0.00538826
0.00449816
0.00481606
0.00391006
0.00427564
0.00398954
0.00416438
0.00429153
0.00456174
0.00398954
0.00356038
0.00371933
0.00346502
0.00429153
0.0040849
0.00330607
0.00400543
0.00413259
0.00360807
0.00456174
0.00349681
0.00348091
0.00400543
0.0029246
0.00397364
0.00349681
0.00394185
0.00370344
0.00384649
0.00416438
0.00430743
0.00365575
0.00400543
0.00400543
0.00375112
0.00405312
0.00425975
0.00411669
0.00484784
0.00483195
0.00454585
0.005277
0.00518163
0.00487963
0.00495911
0.00475248
0.00507037
0.005277
0.00562668
0.00610352
0.00562668
0.00588099
0.00626246
0.00624657
0.00559489
0.00650088
0.00678698
0.00669161
0.00623067
0.00654856
0.00623067
0.00607173
0.00705719
0.00740687
0.00696182
0.00756582
0.00783602
0.00796318
0.00770887
0.0081857
0.00810623
0.00971158
0.00836054
0.00910759
0.00917117
0.00942548
0.00980695
0.0096639
0.00980695
0.00945727
0.00990232
0.00948906
0.0108401
0.0111739
0.0117143
0.0133673
0.0167688
0.0198841
0.0258764
0.0355244
0.0489712
0.0732422
0.114806
0.19002
0.319481
0.511471
0.761731
1.0498
1.35994
1.64825
1.91135
2.11819
2.20715
2.26599
2.40572
2.71386
3.28369
4.04272
4.88898
5.73274
6.38385
7.04207
7.77923
8.34223
8.01055
7.00626
5.64834
4.31779
3.00536
1.87106
1.00579
0.460005
0.180213
0.0724951
0.033172
0.0176112
0.0110467
0.0079155
0.00632604
0.00578562
0.00500679
0.00500679
0.004673
0.00429153
0.0046889
0.00441869
0.00389417
0.00403722
0.0032266
0.00287692
0.00249545
0.00255903
0.00184377
0.00190735
0.00131925
0.000905991
0.000651677
0.000460943
0.000413259
0.000238419
0.000190735
9.53674e-05
9.53674e-05
3.17891e-05
3.17891e-05
0
0
0
0
0
0
0
0
0
0
0
0
0
0
0
0
0
0
0
0
0
0
0
0
0
0
0
0
0
0
0
0
0
0
0
0
0
0
0
0
0
0
0
0
0
0
0
0
0
0
0
