0.0140508
0.00314713
0.00362396
0.00371933
0.00441869
0.00553131
0.00632604
0.0064373
0.00699361
0.00824928
0.00985463
0.0115077
0.0131607
0.0151634
0.016737
0.0178496
0.0200589
0.0209967
0.0200907
0.0200113
0.0196775
0.020806
0.0219504
0.0224749
0.0203768
0.0194232
0.0173569
0.0156244
0.0143051
0.0140985
0.0124454
0.010856
0.00967979
0.00902812
0.00823339
0.00788371
0.00785192
0.00775655
0.00688235
0.00580152
0.00631015
0.0058492
0.00572205
0.00514984
0.00505447
0.00475248
0.00508626
0.00508626
0.00514984
0.00459353
0.00507037
0.00451406
0.00421206
0.0043869
0.00418027
0.00443459
0.00406901
0.00457764
0.00443459
0.00405312
0.00446637
0.00418027
0.00425975
0.0041008
0.00400543
0.00443459
0.00359217
0.00462532
0.00432332
0.00406901
0.00422796
0.00414848
0.00476837
0.00429153
0.00427564
0.00386238
0.00470479
0.00452995
0.00476837
0.00519753
0.004673
0.00459353
0.00521342
0.00569026
0.00592868
0.00661214
0.00638962
0.00696182
0.00836054
0.00947316
0.0112216
0.0137011
0.0149727
0.0184854
0.0226816
0.0293573
0.0352859
0.0455538
0.0566641
0.0689824
0.0831445
0.0925382
0.0987689
0.100215
0.097243
0.0949383
0.0904242
0.0932376
0.0913302
0.0947158
0.103903
0.117207
0.134405
0.155687
0.17883
0.204706
0.228866
0.254711
0.278362
0.305351
0.31689
0.332657
0.337776
0.330655
0.32328
0.317748
0.318829
0.334946
0.365559
0.402768
0.450563
0.520102
0.60331
0.698042
0.801802
0.89105
0.976022
0.997591
0.98745
0.921281
0.856686
0.786908
0.734901
0.704908
0.678174
0.653648
0.629584
0.628122
0.659196
0.702445
0.769854
0.845432
0.961622
1.08697
1.21883
1.37644
1.57418
1.75967
1.88643
1.94383
2.02227
2.13838
2.29921
2.48424
2.62403
2.71891
2.76345
2.77414
2.84805
2.95817
3.02552
3.10572
3.1264
3.12333
3.0169
2.83569
2.53476
2.20005
1.90849
1.71146
1.61196
1.44399
1.24599
1.05052
0.861661
0.743278
0.660006
0.626739
0.599607
0.573985
0.548792
0.494194
0.393724
0.287294
0.204881
0.135994
0.0995795
0.0790278
0.0691255
0.0618617
0.0545025
0.0509898
0.043265
0.0388463
0.033919
0.0281493
0.0248591
0.0187556
0.0139554
0.00933011
0.0064373
0.00473658
0.00329018
0.00278155
0.00216166
0.00187556
0.000826518
0.000286102
0.000127157
1.58946e-05
0
0
1.58946e-05
0
0
0
0
0
0
0
0
0
0
0
0
0
0
0
0
0
0
0
0
0
0
0
0
0
0
0
0
0
0
0
0
0
