0.0114123
0.00249545
0.00311534
0.0032266
0.0041008
0.00421206
0.00522931
0.00637372
0.0073274
0.00939369
0.0108719
0.0124296
0.0144641
0.0154018
0.0153065
0.0167052
0.0171026
0.0185966
0.018088
0.0178019
0.0174522
0.0160535
0.0153224
0.0150363
0.0139236
0.0138283
0.0136534
0.0137965
0.012509
0.0131607
0.0108401
0.0104109
0.010252
0.00947316
0.00858307
0.00799497
0.0076135
0.00654856
0.00629425
0.00651677
0.00589689
0.00543594
0.00546773
0.00564257
0.00489553
0.00462532
0.00448227
0.00456174
0.00456174
0.00414848
0.00456174
0.00462532
0.00406901
0.00425975
0.00411669
0.00346502
0.00402133
0.00394185
0.00394185
0.00363986
0.0040849
0.00349681
0.00343323
0.00359217
0.00301997
0.00362396
0.0035127
0.00349681
0.00359217
0.00309944
0.00383059
0.00327428
0.00306765
0.00325839
0.00378291
0.00313123
0.0029246
0.00308355
0.00327428
0.00297228
0.00327428
0.00305176
0.00330607
0.00317891
0.00305176
0.00309944
0.00305176
0.00338554
0.00295639
0.00317891
0.00376701
0.00341733
0.0029405
0.00330607
0.00287692
0.00336965
0.00348091
0.00375112
0.00297228
0.00333786
0.00360807
0.00359217
0.00400543
0.00376701
0.00336965
0.00389417
0.00383059
0.00376701
0.00405312
0.00411669
0.00418027
0.00414848
0.00427564
0.00456174
0.00516574
0.00465711
0.00540415
0.004673
0.00578562
0.00624657
0.00742277
0.00869433
0.0121752
0.0184854
0.0297546
0.0429789
0.0631491
0.0837326
0.117954
0.161203
0.212669
0.288328
0.384617
0.50861
0.672849
0.867367
1.08183
1.31721
1.49436
1.61495
1.67966
1.7338
1.78134
1.83442
1.89482
1.96505
2.03436
2.05445
2.02478
1.88732
1.74526
1.58677
1.51652
1.52237
1.56859
1.62045
1.61341
1.57062
1.55082
1.54092
1.53767
1.54176
1.54149
1.55007
1.56439
1.58566
1.62237
1.64194
1.65544
1.66194
1.67348
1.64808
1.62287
1.58421
1.4839
1.37359
1.2934
1.26177
1.29987
1.37359
1.46888
1.55005
1.6301
1.64051
1.58102
1.48118
1.38801
1.29302
1.20587
1.15271
1.08981
1.03542
0.954501
0.862455
0.774622
0.693417
0.62995
0.578229
0.542784
0.509485
0.464265
0.421476
0.36335
0.314999
0.275739
0.239833
0.193437
0.159868
0.122817
0.0921408
0.0740687
0.0543118
0.0406106
0.0314713
0.0257333
0.0202974
0.0154336
0.0116825
0.00890096
0.0058492
0.00394185
0.00257492
0.00165304
0.00138283
0.0011603
0.00112851
0.000953674
0.000985463
0.000905991
0.000413259
0.000540415
0.000445048
0.000365575
0.000270208
0.000190735
0.000111262
0.000111262
0.000158946
6.35783e-05
3.17891e-05
3.17891e-05
0
1.58946e-05
0
0
0
0
0
0
0
0
0
0
0
0
0
