0.0119209
0.00209808
0.00201861
0.00265439
0.00254313
0.0026226
0.00289281
0.00313123
0.00301997
0.00324249
0.00336965
0.00313123
0.00346502
0.00371933
0.00343323
0.00346502
0.00349681
0.00371933
0.00370344
0.00405312
0.00456174
0.00505447
0.00513395
0.00580152
0.00650088
0.00662804
0.00753403
0.00845591
0.00923475
0.0114441
0.012366
0.0133355
0.0132084
0.0125567
0.0125726
0.0119209
0.0124772
0.0127951
0.0120481
0.0105699
0.00998179
0.00956853
0.0090758
0.00847181
0.00856717
0.00882149
0.00839233
0.00699361
0.00653267
0.00651677
0.0055631
0.0058492
0.00534058
0.00549952
0.00545184
0.00580152
0.00513395
0.00465711
0.00481606
0.00484784
0.0040849
0.00413259
0.00425975
0.00476837
0.00465711
0.0040849
0.00375112
0.00427564
0.00378291
0.00375112
0.00346502
0.00333786
0.00330607
0.0032266
0.00349681
0.00357628
0.00365575
0.00338554
0.00319481
0.00295639
0.00314713
0.00300407
0.00348091
0.00336965
0.00305176
0.00313123
0.00305176
0.00314713
0.00284513
0.00308355
0.00290871
0.00311534
0.00300407
0.00305176
0.0032107
0.00276566
0.00284513
0.00305176
0.00295639
0.00270208
0.00252724
0.00281334
0.00341733
0.00305176
0.00330607
0.00303586
0.00316302
0.00324249
0.00327428
0.00327428
0.00308355
0.0032107
0.00332197
0.0032266
0.00359217
0.00335375
0.00387828
0.00316302
0.00370344
0.00368754
0.00383059
0.00362396
0.00433922
0.00418027
0.0040849
0.00392596
0.00411669
0.00445048
0.00422796
0.00403722
0.00383059
0.00411669
0.00454585
0.004673
0.00441869
0.00456174
0.00495911
0.00600815
0.00608762
0.00816981
0.0116348
0.0178655
0.0296116
0.0492732
0.0726859
0.0886281
0.0948111
0.0892003
0.0805855
0.0683149
0.0583649
0.053978
0.050958
0.0501156
0.0510057
0.0534217
0.0557423
0.0589212
0.0633399
0.0643889
0.0634988
0.0593185
0.0573953
0.0571092
0.057284
0.0599384
0.0653426
0.0749111
0.0992298
0.147263
0.202926
0.253932
0.291967
0.333309
0.372728
0.401624
0.434796
0.471163
0.530227
0.600751
0.678237
0.786384
0.902955
0.979789
1.0314
1.07799
1.14713
1.28881
1.48015
1.67818
1.85194
1.96131
2.03408
2.15247
2.32506
2.44408
2.49662
2.50581
2.49019
2.49364
2.46851
2.42805
2.3815
2.35697
2.35295
2.38934
2.41022
2.39674
2.31029
2.19553
2.06068
2.01063
1.99579
1.96403
1.89799
1.81058
1.74076
1.63852
1.52818
1.45224
1.37509
1.40735
1.47587
1.49697
1.56136
1.51636
1.30952
1.12341
1.03879
0.956456
0.864824
0.744279
0.665299
0.55685
0.437864
0.351636
0.276645
0.196966
0.150394
0.119925
0.0902017
0.0630697
0.0405947
0.0288804
0.0210762
0.0150204
0.010999
0.00896454
0.00422796
0.00201861
0.000286102
0.000111262
3.17891e-05
0
0
0
