0.00111262
0.00017484
0.000206629
0.000206629
0.00017484
0.00017484
0.000158946
0.000349681
0.000254313
0.000190735
0.000254313
0.000238419
0.000317891
0.000301997
0.000222524
0.000254313
0.000286102
0.000365575
0.000349681
0.000397364
0.00038147
0.000365575
0.000365575
0.000492732
0.000476837
0.00038147
0.000619888
0.000826518
0.000603994
0.000747045
0.000953674
0.00136693
0.00127157
0.00154177
0.00139872
0.00170072
0.00189145
0.00240008
0.00246366
0.00254313
0.00247955
0.00228882
0.00219345
0.0026226
0.00246366
0.00257492
0.00268618
0.00281334
0.00238419
0.00247955
0.00276566
0.00251134
0.00282923
0.00224113
0.00268618
0.00306765
0.00290871
0.00241597
0.00286102
0.00268618
0.00278155
0.00282923
0.00219345
0.0026226
0.00254313
0.00244776
0.00290871
0.00287692
0.00297228
0.00251134
0.00274976
0.0032107
0.0032266
0.00332197
0.00335375
0.00332197
0.00368754
0.00340144
0.00327428
0.00341733
0.0038147
0.00367165
0.00397364
0.00365575
0.00371933
0.00368754
0.00376701
0.00360807
0.00373522
0.00383059
0.00357628
0.00386238
0.00344912
0.00306765
0.00359217
0.00338554
0.00427564
0.00341733
0.00352859
0.00348091
0.00314713
0.00357628
0.00298818
0.00343323
0.00373522
0.00316302
0.00354449
0.00316302
0.00365575
0.00324249
0.00343323
0.0035127
0.0035127
0.00348091
0.00360807
0.00333786
0.00348091
0.00403722
0.00332197
0.00360807
0.00362396
0.00375112
0.00418027
0.00398954
0.00343323
0.00395775
0.00411669
0.0038147
0.00414848
0.00394185
0.00359217
0.00370344
0.00433922
0.00413259
0.00435511
0.00429153
0.00500679
0.00433922
0.00441869
0.00546773
0.00529289
0.00573794
0.00543594
0.00516574
0.00508626
0.00573794
0.00599225
0.00597636
0.00650088
0.00665983
0.00783602
0.00842412
0.00872612
0.00987053
0.0121752
0.0137647
0.0163555
0.0186284
0.0215213
0.0238578
0.0262896
0.0293891
0.0328541
0.038449
0.0425816
0.0485261
0.0579039
0.0665188
0.0795205
0.0946999
0.117588
0.146325
0.191784
0.234175
0.282065
0.312519
0.328906
0.338443
0.350014
0.370836
0.399844
0.460434
0.491126
0.512107
0.512346
0.495021
0.479412
0.482098
0.496531
0.50052
0.515985
0.51055
0.499821
0.49715
0.529401
0.559092
0.608778
0.652742
0.704527
0.743389
0.782283
0.768566
0.743786
0.700283
0.653855
0.653903
0.680685
0.750287
0.838073
0.897026
0.904894
0.862344
0.801611
0.744073
0.695022
0.64373
0.604502
0.572236
0.546726
0.523011
0.517178
0.511805
0.511614
0.527366
0.538715
0.539589
0.546773
0.562525
0.606235
0.654078
0.681702
0.736094
0.787147
0.884755
0.946903
0.994253
1.01983
1.0722
1.15876
1.2634
1.40424
1.59535
1.85285
2.07106
2.14357
2.13979
2.15629
2.29376
2.48362
2.51986
2.68572
2.60383
2.44819
2.29987
2.33614
23.1339
