0.000572205
9.53674e-05
0.000158946
0.000143051
0.000143051
0.00017484
0.000127157
0.000254313
0.000206629
0.000127157
0.000190735
0.000238419
0.000333786
0.000238419
0.00038147
0.000397364
0.000413259
0.000492732
0.000365575
0.000540415
0.000429153
0.000476837
0.000683467
0.000445048
0.000635783
0.000619888
0.000794729
0.000826518
0.00114441
0.00108083
0.00123978
0.00103315
0.00119209
0.00154177
0.00165304
0.00160535
0.00144641
0.00195503
0.00197093
0.00208219
0.00182788
0.00192324
0.00185966
0.00216166
0.00203451
0.00224113
0.00232061
0.00254313
0.00222524
0.00260671
0.00260671
0.00249545
0.0023365
0.00265439
0.00244776
0.00278155
0.00341733
0.00297228
0.00244776
0.00305176
0.00341733
0.00336965
0.00368754
0.00370344
0.00371933
0.00421206
0.00500679
0.00478427
0.00510216
0.00588099
0.00597636
0.00602404
0.00699361
0.00721614
0.00799497
0.00775655
0.00772476
0.00813802
0.00788371
0.00813802
0.00840823
0.00891685
0.00899633
0.00810623
0.00855128
0.00813802
0.00770887
0.00836054
0.00785192
0.00793139
0.00809034
0.00747045
0.00816981
0.00720024
0.00727971
0.00638962
0.0064532
0.00669161
0.00656446
0.00727971
0.00658035
0.00621478
0.00662804
0.0073274
0.00721614
0.00700951
0.00718435
0.00734329
0.00739098
0.00802676
0.0082016
0.00770887
0.00797908
0.00829697
0.0085036
0.0081857
0.00831286
0.00861486
0.00743866
0.0079155
0.00813802
0.00718435
0.00742277
0.00766118
0.00745455
0.00707308
0.00727971
0.00727971
0.00753403
0.00720024
0.00699361
0.00680288
0.00688235
0.00685056
0.00694593
0.00688235
0.00659625
0.00700951
0.00685056
0.0061512
0.00691414
0.00696182
0.0076135
0.0076135
0.00748634
0.00656446
0.00699361
0.0070254
0.00689824
0.00680288
0.0064373
0.00659625
0.00642141
0.00638962
0.00705719
0.00707308
0.0064373
0.0067393
0.00775655
0.00807444
0.00882149
0.00910759
0.00990232
0.0102838
0.0119686
0.0128428
0.0136693
0.0154495
0.0166734
0.0190576
0.0191212
0.0206629
0.0206788
0.0204722
0.0208378
0.0201066
0.0215213
0.0197093
0.0200272
0.0199
0.0200589
0.0212351
0.0215689
0.0215848
0.0234604
0.0277996
0.0304858
0.0328064
0.0385284
0.042359
0.0458558
0.0487328
0.0535647
0.0557899
0.0613372
0.0660102
0.0712236
0.0761668
0.0850201
0.0983874
0.108337
0.119352
0.12633
0.138394
0.154924
0.168451
0.179195
0.199858
0.205024
0.220299
0.2388
0.275882
0.321992
0.34922
0.372775
0.379976
0.383759
0.390609
0.403452
0.420968
0.445398
0.456492
0.481876
0.508547
0.527652
0.539335
0.55383
0.586605
0.618887
0.650581
0.670131
0.723362
0.765117
0.804106
0.803979
0.841665
0.905005
0.975084
1.06293
1.19572
1.34665
1.47376
1.62953
1.8397
1.99283
2.05153
2.14574
2.30894
2.50502
2.624
2.88239
3.02563
3.19173
3.45251
3.86097
42.3396
