0.00780423
0.00122388
0.00103315
0.00106494
0.000921885
0.00130335
0.00109673
0.00143051
0.00123978
0.00131925
0.0017484
0.0020504
0.00211398
0.00224113
0.00230471
0.00252724
0.00243187
0.00311534
0.00370344
0.00333786
0.00346502
0.00429153
0.0037988
0.00470479
0.00542005
0.00567436
0.00565847
0.00580152
0.00675519
0.00696182
0.00716845
0.00859896
0.00864665
0.00956853
0.00945727
0.010252
0.0103792
0.0114123
0.0113646
0.012366
0.0115712
0.01146
0.0114123
0.0112534
0.0123342
0.0126203
0.0119209
0.0127633
0.0119686
0.0113805
0.0123024
0.0118732
0.0104586
0.0112851
0.00974337
0.00920296
0.00902812
0.00901222
0.00866254
0.00816981
0.00721614
0.00724792
0.00712077
0.00608762
0.00548363
0.00561078
0.00548363
0.00535647
0.00494321
0.00484784
0.00421206
0.00449816
0.0043869
0.00384649
0.00448227
0.00392596
0.00376701
0.00365575
0.00367165
0.00365575
0.00378291
0.00378291
0.00346502
0.00376701
0.0035127
0.00357628
0.0035127
0.00343323
0.00316302
0.00362396
0.0032266
0.00297228
0.00332197
0.00333786
0.00338554
0.00311534
0.00336965
0.00308355
0.0032266
0.00295639
0.00324249
0.00290871
0.00370344
0.00325839
0.00314713
0.00313123
0.0035127
0.00313123
0.00317891
0.00300407
0.00317891
0.00371933
0.00324249
0.00383059
0.00356038
0.00368754
0.00371933
0.00367165
0.00376701
0.00378291
0.00398954
0.00454585
0.00365575
0.00402133
0.00473658
0.00386238
0.00424385
0.00446637
0.00430743
0.00457764
0.00443459
0.00472069
0.00473658
0.00437101
0.00475248
0.004975
0.004975
0.00540415
0.00519753
0.00557899
0.00583331
0.00694593
0.00810623
0.0108401
0.0147978
0.0206153
0.0293255
0.0382423
0.0445684
0.0518004
0.0591119
0.0623385
0.064373
0.0664234
0.0768026
0.0844479
0.0966549
0.110992
0.127172
0.151396
0.164286
0.173744
0.179752
0.180387
0.179259
0.191196
0.203228
0.227642
0.263755
0.288836
0.307926
0.313568
0.29734
0.272417
0.24546
0.224225
0.202672
0.190353
0.179974
0.175126
0.184425
0.19722
0.212367
0.222731
0.240326
0.260051
0.280253
0.296164
0.311311
0.320053
0.332244
0.347948
0.371742
0.389671
0.420078
0.46579
0.536092
0.59131
0.611432
0.612211
0.626405
0.650883
0.69046
0.706609
0.709168
0.681591
0.64435
0.620874
0.59851
0.600831
0.603692
0.597302
0.590404
0.585318
0.568549
0.576719
0.593233
0.610304
0.638612
0.657399
0.667477
0.683816
0.717131
0.761223
0.802565
0.838614
0.880734
0.942596
1.02887
1.14349
1.28981
1.48953
1.71297
1.96703
2.08945
2.18873
2.19804
2.24659
2.29678
2.34752
2.40819
2.40752
2.33275
2.4778
2.48488
2.4878
2.43751
2.36055
2.30451
2.13901
2.03271
1.82532
1.69627
1.48282
1.44887
13.2927
