0.0164668
0.00260671
0.00225703
0.00267029
0.00308355
0.00319481
0.00335375
0.00359217
0.00367165
0.00403722
0.00421206
0.00486374
0.00530879
0.00553131
0.00653267
0.00782013
0.00831286
0.0093778
0.0100772
0.0116189
0.0120958
0.0135263
0.0153065
0.0172774
0.0181675
0.0169436
0.0153542
0.0142574
0.0142415
0.0130177
0.0128746
0.013113
0.0123342
0.0101089
0.00859896
0.0073274
0.0076135
0.00705719
0.00716845
0.00661214
0.00597636
0.00562668
0.00538826
0.0049909
0.0046889
0.00476837
0.00392596
0.00435511
0.00394185
0.00392596
0.00427564
0.00389417
0.00392596
0.00370344
0.00359217
0.00368754
0.00354449
0.00309944
0.00341733
0.00349681
0.00375112
0.00311534
0.00324249
0.00298818
0.00284513
0.00325839
0.00319481
0.0035127
0.00360807
0.0037988
0.00352859
0.00332197
0.00349681
0.0032266
0.00394185
0.00338554
0.00359217
0.00343323
0.00359217
0.00349681
0.00432332
0.00370344
0.00411669
0.00416438
0.00411669
0.00441869
0.00457764
0.00473658
0.00534058
0.00553131
0.00638962
0.00629425
0.00859896
0.0107129
0.0136058
0.019455
0.0283877
0.0398636
0.0554403
0.0727018
0.0908216
0.110944
0.127204
0.145849
0.172313
0.200208
0.234524
0.276883
0.31805
0.360028
0.397698
0.425895
0.443808
0.446479
0.443443
0.454569
0.454013
0.467269
0.471783
0.467221
0.465584
0.453472
0.461626
0.474644
0.487947
0.484276
0.506496
0.529512
0.56572
0.609048
0.653871
0.71435
0.78969
0.838709
0.904497
0.980647
1.06266
1.11322
1.1364
1.10847
1.05909
1.00013
0.953039
0.91807
0.896343
0.889874
0.886949
0.893195
0.908311
0.931978
0.951862
0.979487
0.999339
1.01485
1.03879
1.06254
1.05624
1.01784
0.947444
0.904512
0.861724
0.852617
0.814279
0.785589
0.775353
0.775989
0.76774
0.787369
0.802803
0.815248
0.807635
0.792138
0.796556
0.819063
0.849915
0.928291
1.02194
1.13866
1.30622
1.55824
1.85884
2.20423
2.48528
2.59317
2.46123
2.19878
1.95969
1.75096
1.6197
1.52667
1.42298
1.31051
1.22925
1.1761
1.15887
1.14805
1.14479
1.11313
1.06945
1.02121
0.981744
0.923077
0.848277
0.750478
0.640472
0.544039
0.461229
0.381422
0.334676
0.292031
0.266234
0.252358
0.210937
0.168562
0.146453
0.134341
0.12811
0.123994
0.116173
0.105
0.0987212
0.0952721
0.0881195
0.0775655
0.0585397
0.042216
0.0344594
0.0298023
0.029246
0.0279268
0.0259717
0.0230312
0.0222365
0.0174363
0.0112216
0.00829697
0.00508626
0.00311534
0.000699361
0.000492732
0.00017484
0.000111262
1.58946e-05
3.17891e-05
0
0
0
0
0
0
0
0
0
0
0
0
