0.032107
0.00376701
0.00430743
0.00464122
0.00354449
0.00378291
0.00445048
0.00437101
0.00483195
0.00553131
0.00635783
0.00653267
0.00734329
0.0079155
0.00864665
0.00956853
0.0105381
0.0125567
0.0155131
0.0161807
0.018994
0.0192006
0.0198682
0.017341
0.0170549
0.0154336
0.0149409
0.0148773
0.0128905
0.0131448
0.0114759
0.0112216
0.0100931
0.00829697
0.00809034
0.00769297
0.00751813
0.00758171
0.00700951
0.00603994
0.00608762
0.00557899
0.00495911
0.00478427
0.00495911
0.00460943
0.00446637
0.0043869
0.00465711
0.00425975
0.0043869
0.00432332
0.00363986
0.0037988
0.00386238
0.00340144
0.00389417
0.00371933
0.00392596
0.00384649
0.00367165
0.00346502
0.00333786
0.00371933
0.00313123
0.00332197
0.00362396
0.00308355
0.00325839
0.00329018
0.00336965
0.0038147
0.00324249
0.00308355
0.00324249
0.00336965
0.00354449
0.00368754
0.00344912
0.00343323
0.0035127
0.00336965
0.00375112
0.00375112
0.00384649
0.00418027
0.00430743
0.004975
0.00540415
0.00670751
0.00743866
0.0081857
0.0101089
0.012366
0.0146707
0.0187715
0.0255108
0.0323931
0.044028
0.0587304
0.0777404
0.0975291
0.117938
0.14116
0.161235
0.178512
0.195932
0.208616
0.228564
0.254329
0.287787
0.32994
0.372521
0.411638
0.448195
0.48569
0.503461
0.547043
0.597254
0.654697
0.720358
0.786479
0.871134
0.930071
0.978502
1.00183
1.03399
1.09189
1.17002
1.23191
1.25839
1.2713
1.26179
1.28568
1.29178
1.32314
1.3309
1.29898
1.26405
1.23612
1.19999
1.15132
1.09735
1.03345
0.991297
0.938543
0.906642
0.897773
0.901874
0.930882
0.974719
1.04607
1.12853
1.20637
1.22706
1.23679
1.25337
1.32723
1.41508
1.47305
1.5433
1.66984
1.86138
2.08228
2.23732
2.36915
2.46642
2.4868
2.46647
2.39364
2.26111
2.09734
1.88438
1.66763
1.43193
1.25265
1.12402
1.04326
1.03588
1.07137
1.11812
1.11496
1.05723
0.948111
0.818872
0.731262
0.660229
0.638183
0.600576
0.546583
0.461737
0.397015
0.342496
0.288296
0.256554
0.221189
0.191911
0.166798
0.136884
0.123247
0.110404
0.0937462
0.0820001
0.0696182
0.0589848
0.0484625
0.0399113
0.0321229
0.0251293
0.0173569
0.00964801
0.00500679
0.00274976
0.00190735
0.00141462
0.00114441
0.00106494
0.000778834
0.000667572
0.000747045
0.00055631
0.000317891
0.000286102
0.000222524
0.000397364
0.000143051
0.000111262
0.000111262
3.17891e-05
3.17891e-05
3.17891e-05
0
0
3.17891e-05
1.58946e-05
0
0
0
0
0
0
0
0
0
0
0
0
0
0
0
0
0
0
0
0
0
