0.00112851
0.000762939
0.00103315
0.00165304
0.00200272
0.00265439
0.00373522
0.00492732
0.00603994
0.00729561
0.00890096
0.0102202
0.0117461
0.0135422
0.0147025
0.0174046
0.0189145
0.0211239
0.0236511
0.0213305
0.0196616
0.0174681
0.0150045
0.0145117
0.0133355
0.0119209
0.010856
0.00985463
0.0090758
0.00770887
0.00721614
0.00648499
0.00708898
0.00659625
0.00588099
0.00530879
0.00600815
0.00589689
0.00489553
0.00491142
0.00448227
0.0044028
0.00429153
0.00452995
0.00489553
0.00446637
0.00449816
0.00473658
0.00359217
0.00378291
0.00378291
0.00405312
0.00383059
0.00387828
0.00392596
0.0041008
0.00397364
0.00363986
0.00354449
0.00341733
0.0037988
0.00343323
0.00375112
0.00346502
0.00391006
0.00362396
0.00387828
0.00362396
0.00419617
0.0040849
0.00402133
0.00363986
0.00371933
0.00378291
0.00394185
0.00397364
0.00448227
0.0043869
0.00402133
0.00451406
0.00460943
0.00518163
0.00507037
0.00559489
0.00640551
0.00699361
0.00859896
0.0096639
0.0115236
0.0130018
0.015974
0.0170867
0.0219981
0.0249227
0.0281811
0.0325044
0.0392914
0.0474135
0.0610987
0.0784079
0.105826
0.14108
0.19002
0.25657
0.33164
0.404898
0.496085
0.587829
0.684563
0.790819
0.862535
0.921535
0.963163
1.01719
1.07204
1.14415
1.23693
1.33421
1.45343
1.58896
1.76555
1.95042
2.16387
2.32843
2.39633
2.39679
2.3822
2.44255
2.48003
2.46
2.31625
2.14284
1.95328
1.78539
1.69166
1.7275
1.84943
2.00815
2.12064
2.15872
2.11638
2.04282
1.90576
1.74549
1.63085
1.53542
1.50716
1.49401
1.4921
1.46219
1.37
1.24235
1.11281
0.986513
0.89968
0.835212
0.761016
0.705703
0.652281
0.6464
0.696739
0.815678
0.992187
1.13052
1.16998
1.12457
1.01315
0.884708
0.765149
0.648038
0.523694
0.440645
0.367832
0.309499
0.260305
0.223748
0.18932
0.16257
0.145149
0.138982
0.137409
0.140889
0.14135
0.144863
0.142717
0.148122
0.151396
0.164572
0.17705
0.181913
0.173855
0.157468
0.137599
0.128682
0.123501
0.120544
0.110388
0.0889778
0.0653267
0.0450929
0.0319163
0.0230471
0.0142097
0.00716845
0.00373522
0.00135104
0.000460943
0.000143051
1.58946e-05
4.76837e-05
0
0
0
0
0
0
0
0
0
0
0
0
0
0
0
0
0
0
0
0
0
0
0
0
0
0
0
0
0
0
0
0
0
0
0
0
0
0
0
0
0
0
0
0
0
0
