0
0
0
0
1.58946e-05
6.35783e-05
0.000301997
0.000429153
0.000747045
0.00130335
0.00268618
0.004975
0.00893275
0.0139078
0.0197887
0.0252406
0.028038
0.0297387
0.0279427
0.0274181
0.0260035
0.0266711
0.0256538
0.0215213
0.01839
0.0160217
0.0134309
0.0120322
0.0117143
0.0109514
0.0104904
0.00920296
0.00836054
0.00762939
0.00713666
0.00669161
0.00640551
0.00646909
0.00597636
0.0061512
0.00599225
0.00573794
0.00564257
0.00545184
0.00518163
0.00483195
0.00475248
0.00522931
0.00510216
0.00483195
0.00480016
0.00473658
0.00457764
0.00402133
0.00435511
0.00411669
0.00362396
0.00429153
0.00456174
0.00437101
0.00459353
0.00454585
0.00433922
0.00435511
0.00464122
0.00386238
0.00481606
0.0040849
0.00363986
0.00398954
0.00413259
0.00395775
0.00413259
0.00349681
0.00400543
0.00398954
0.00414848
0.00449816
0.00411669
0.00395775
0.00421206
0.00413259
0.00454585
0.00413259
0.00373522
0.00424385
0.00392596
0.00421206
0.00465711
0.00449816
0.0043869
0.00516574
0.0046889
0.00451406
0.00451406
0.00425975
0.00422796
0.00454585
0.00443459
0.00513395
0.00511805
0.00489553
0.00524521
0.00492732
0.00503858
0.00553131
0.0052611
0.00534058
0.0052611
0.00551542
0.00524521
0.00522931
0.00548363
0.00576973
0.00505447
0.00592868
0.00588099
0.00632604
0.00599225
0.00607173
0.00578562
0.00602404
0.00634193
0.00670751
0.00632604
0.00646909
0.00734329
0.00691414
0.00737508
0.00778834
0.00729561
0.00799497
0.00834465
0.00855128
0.00926654
0.00975927
0.0110785
0.0130653
0.0156244
0.0192324
0.0280698
0.0386715
0.0641982
0.108862
0.192213
0.31743
0.493368
0.68628
0.855112
0.981839
1.07404
1.17299
1.26988
1.37932
1.51033
1.62366
1.7417
1.82985
1.91687
1.99374
2.06997
2.14984
2.2106
2.24573
2.27102
2.28022
2.32917
2.37042
2.41132
2.45865
2.51536
2.54138
2.55899
2.52163
2.44983
2.37907
2.30975
2.20466
2.05647
1.94866
1.89509
1.84983
1.82985
1.77417
1.68716
1.60821
1.545
1.4852
1.40061
1.33904
1.29159
1.27608
1.27517
1.26921
1.24631
1.21244
1.17307
1.09971
1.05869
1.00382
0.937875
0.886138
0.815439
0.752163
0.628726
0.468222
0.307099
0.17786
0.0854651
0.0336329
0.0124613
0.00578562
0.00282923
0.00106494
0.000683467
0.000397364
0.00017484
1.58946e-05
3.17891e-05
0
0
0
0
0
0
0
0
0
0
0
0
0
0
0
0
0
0
0
0
0
0
0
0
0
0
0
0
0
0
0
0
0
0
0
0
0
