1.58946e-05
0
1.58946e-05
1.58946e-05
4.76837e-05
4.76837e-05
0.000111262
0.000254313
0.000349681
0.000508626
0.000747045
0.000985463
0.00103315
0.00158946
0.00163714
0.00290871
0.00365575
0.00462532
0.00576973
0.00683467
0.00831286
0.00999769
0.0108878
0.0122865
0.0133673
0.0139713
0.0144164
0.0147978
0.0133514
0.0145117
0.0145753
0.0137965
0.0130018
0.0134468
0.0128269
0.0121276
0.0119209
0.0115236
0.0113487
0.0112851
0.0109355
0.00990232
0.00991821
0.00904401
0.00920296
0.00872612
0.00913938
0.00775655
0.00829697
0.00853539
0.00832876
0.00783602
0.00748634
0.00686646
0.00681877
0.00720024
0.00734329
0.00640551
0.00678698
0.00637372
0.00607173
0.00670751
0.00572205
0.00534058
0.00565847
0.00551542
0.00578562
0.00521342
0.00513395
0.00522931
0.00559489
0.00549952
0.00562668
0.00491142
0.00491142
0.00492732
0.00505447
0.00491142
0.0046889
0.0052611
0.00487963
0.00472069
0.00511805
0.00521342
0.00478427
0.00460943
0.00483195
0.00483195
0.00454585
0.00516574
0.00470479
0.00435511
0.00429153
0.00473658
0.00486374
0.0044028
0.00459353
0.0043869
0.0046889
0.00507037
0.00449816
0.00478427
0.00524521
0.00470479
0.00430743
0.00470479
0.00489553
0.00480016
0.00451406
0.00480016
0.00543594
0.00521342
0.00472069
0.00516574
0.00530879
0.0055631
0.005277
0.00483195
0.00473658
0.00508626
0.00589689
0.00503858
0.00534058
0.00472069
0.00516574
0.00573794
0.00567436
0.00589689
0.0064373
0.00618299
0.00659625
0.00596046
0.00632604
0.00611941
0.00626246
0.00635783
0.00705719
0.00739098
0.00723203
0.00754992
0.00762939
0.00774066
0.00772476
0.00813802
0.0078996
0.00823339
0.00826518
0.00785192
0.00832876
0.00861486
0.00786781
0.00851949
0.00840823
0.00885328
0.00929832
0.00971158
0.00925064
0.00902812
0.00933011
0.00980695
0.00993411
0.0101725
0.00950495
0.0109355
0.0112534
0.0119209
0.0135263
0.0159105
0.0187556
0.0254472
0.0340144
0.0526269
0.0821431
0.142686
0.250276
0.433524
0.708691
1.06483
1.4719
1.94534
2.59552
3.58445
5.11759
7.12454
9.40021
11.1994
11.477
10.03
7.67061
5.44664
3.82047
2.83267
2.29934
1.98541
1.75101
1.50735
1.26278
1.04829
0.860675
0.674884
0.460005
0.256189
0.12126
0.0521342
0.0226339
0.0117461
0.00785192
0.00484784
0.00287692
0.00206629
0.00192324
0.00125567
0.00073115
0.000651677
0.000301997
0.000413259
0.000190735
0.000111262
7.94729e-05
6.35783e-05
7.94729e-05
3.17891e-05
0
0
0
0
0
0
0
0
0
0
0
0
0
0
0
0
0
0
0
0
0
0
0
0
0
0
0
0
0
0
0
0
0
0
