0.0272274
0.00505447
0.00519753
0.00567436
0.00661214
0.00696182
0.00764529
0.00794729
0.00898043
0.0109514
0.0122706
0.0155608
0.0190894
0.0223319
0.0239849
0.0259399
0.0273387
0.0281811
0.0275771
0.0265916
0.0231266
0.0230789
0.022014
0.0190735
0.0172297
0.0161807
0.0150363
0.0144482
0.0139078
0.0123819
0.0115712
0.00983874
0.00885328
0.0084877
0.00861486
0.00882149
0.00762939
0.00740687
0.00688235
0.00634193
0.00565847
0.00567436
0.00602404
0.00548363
0.00557899
0.00551542
0.0058492
0.00522931
0.00535647
0.00542005
0.00464122
0.0046889
0.00524521
0.00489553
0.00443459
0.00503858
0.00470479
0.004975
0.00483195
0.00427564
0.0043869
0.00418027
0.00456174
0.00451406
0.00391006
0.0044028
0.00478427
0.00414848
0.00494321
0.0043869
0.00419617
0.0040849
0.00427564
0.00413259
0.00432332
0.00367165
0.00443459
0.00445048
0.0046889
0.00457764
0.00487963
0.00419617
0.00449816
0.00416438
0.00446637
0.00486374
0.00537237
0.00421206
0.00478427
0.0046889
0.00465711
0.00495911
0.00489553
0.00502268
0.005277
0.00537237
0.00554721
0.00610352
0.00554721
0.00554721
0.0058651
0.00642141
0.00624657
0.00699361
0.0073274
0.00762939
0.00952085
0.0114918
0.0143528
0.0201543
0.0298818
0.0453949
0.0736078
0.112581
0.1664
0.236209
0.315603
0.410302
0.504096
0.592995
0.658639
0.71346
0.759252
0.8032
0.835911
0.83828
0.837294
0.866381
0.910044
0.989771
1.08682
1.20867
1.3168
1.40125
1.46928
1.54425
1.6362
1.69598
1.72262
1.74886
1.74807
1.73235
1.71496
1.69082
1.66311
1.63768
1.61511
1.62409
1.63374
1.63975
1.63477
1.62239
1.61126
1.62795
1.66125
1.67422
1.65186
1.58966
1.51251
1.43018
1.36631
1.32297
1.3292
1.35492
1.38081
1.35148
1.30862
1.28544
1.23781
1.17728
1.12546
1.07857
1.08075
1.07457
1.10817
1.13347
1.11233
1.05588
1.0173
0.992314
0.981585
0.98203
0.955486
0.919914
0.863981
0.822846
0.798591
0.771062
0.736904
0.713428
0.669734
0.648038
0.655874
0.654348
0.626802
0.577688
0.524839
0.466474
0.4155
0.361824
0.303475
0.261879
0.224082
0.192865
0.159629
0.130018
0.110435
0.0973701
0.0860691
0.0784079
0.069809
0.0632127
0.0613213
0.0566483
0.056378
0.0575542
0.0595252
0.0652949
0.068299
0.0709693
0.0863552
0.101582
0.104634
0.0841935
0.0573953
0.0271002
0.00888507
0.00184377
0.00055631
9.53674e-05
3.17891e-05
0
0
0
0
0
0
0
0
0
0
0
0
0
0
0
0
0
0
0
0
0
0
0
0
0
