0.0101407
0.000921885
0.000890096
0.000890096
0.00139872
0.00143051
0.00155767
0.00212987
0.00208219
0.00257492
0.00271797
0.00324249
0.00373522
0.0043869
0.00522931
0.00616709
0.00794729
0.00855128
0.0109831
0.0130971
0.015974
0.0197411
0.0204086
0.0198682
0.0181516
0.0175794
0.016276
0.0160694
0.014623
0.0150522
0.0135899
0.0129859
0.0117461
0.0118574
0.0110785
0.0111421
0.0118574
0.0123342
0.0123342
0.012668
0.0128269
0.0133038
0.0137011
0.0144482
0.014925
0.0150363
0.0150522
0.0145435
0.0140985
0.0140349
0.0134945
0.0132402
0.0120958
0.0115712
0.0111739
0.010999
0.0102202
0.0104109
0.0104268
0.00940959
0.00972748
0.00990232
0.0105381
0.0104268
0.00958443
0.0090758
0.00942548
0.0100136
0.00931422
0.00944138
0.00891685
0.00844002
0.00802676
0.00785192
0.00726382
0.00718435
0.00669161
0.00747045
0.00694593
0.00740687
0.00653267
0.00750224
0.00688235
0.00700951
0.0073115
0.00727971
0.00694593
0.00756582
0.00715256
0.00742277
0.00750224
0.00737508
0.00767708
0.00813802
0.00871023
0.00902812
0.00948906
0.0111262
0.0124454
0.0139395
0.0168006
0.0207106
0.0254631
0.0297228
0.0367959
0.0437578
0.0501156
0.0560602
0.0647068
0.0769774
0.0952244
0.129096
0.165383
0.217454
0.282987
0.359138
0.439596
0.523853
0.592248
0.640869
0.690715
0.734965
0.779931
0.813087
0.843128
0.883166
0.938177
1.00751
1.08616
1.17017
1.26588
1.37798
1.52677
1.68511
1.7982
1.88654
1.92844
1.97803
1.96346
1.91092
1.80562
1.68837
1.57828
1.48118
1.41981
1.38419
1.35535
1.30571
1.24264
1.18505
1.1051
1.00986
0.922823
0.857814
0.781298
0.73843
0.707181
0.694815
0.691668
0.696754
0.707642
0.707897
0.68388
0.651455
0.61574
0.593217
0.575113
0.57354
0.584189
0.601848
0.618744
0.639423
0.61787
0.599162
0.581042
0.551955
0.528717
0.503667
0.488853
0.476789
0.474373
0.460768
0.457207
0.446335
0.446876
0.450039
0.454569
0.474723
0.486517
0.503429
0.507895
0.52708
0.523233
0.525649
0.522693
0.516748
0.52398
0.529305
0.519101
0.495211
0.459687
0.43718
0.421556
0.405741
0.403627
0.400209
0.400496
0.395743
0.386985
0.376574
0.36478
0.347312
0.337474
0.32347
0.313918
0.284338
0.271877
0.26563
0.255521
0.248464
0.245206
0.250546
0.27353
0.304826
0.341924
0.382932
0.427643
0.470161
0.516764
0.579627
0.6169
0.668621
0.726509
0.805902
0.833639
0.902049
0.929864
0.863234
0.828552
0.794411
0.738271
0.672452
0.593551
0.583061
0.528018
0.492398
0.450341
0.391022
0.302378
0.222127
0.156577
0.113964
0.0901699
0.0762304
0.0624975
0.148678
