0.0152429
0.00135104
0.00166893
0.00143051
0.00144641
0.00189145
0.00165304
0.00173251
0.00209808
0.00166893
0.00211398
0.00187556
0.00209808
0.00232061
0.00246366
0.00236829
0.00252724
0.00271797
0.00316302
0.00287692
0.0029405
0.0032107
0.00333786
0.00329018
0.00340144
0.00392596
0.00465711
0.00395775
0.00430743
0.00465711
0.00472069
0.00524521
0.00569026
0.00580152
0.00583331
0.00683467
0.00708898
0.00689824
0.00718435
0.00735919
0.00726382
0.00842412
0.00764529
0.00844002
0.00826518
0.00915527
0.00899633
0.0093778
0.00955264
0.0101725
0.0103474
0.0103156
0.00975927
0.00971158
0.00995
0.00987053
0.00974337
0.00987053
0.00958443
0.00890096
0.00901222
0.0090917
0.00899633
0.0100454
0.00896454
0.00842412
0.0085036
0.00871023
0.00910759
0.00880559
0.00890096
0.00944138
0.00896454
0.00872612
0.00880559
0.0090758
0.00867844
0.00948906
0.00921885
0.00847181
0.00883738
0.0082016
0.00832876
0.00834465
0.00782013
0.00839233
0.00832876
0.00809034
0.00788371
0.00783602
0.00823339
0.00729561
0.00786781
0.00708898
0.00783602
0.0067393
0.00713666
0.00742277
0.00685056
0.00729561
0.00677109
0.00669161
0.00635783
0.00635783
0.00708898
0.00651677
0.00654856
0.00627836
0.00627836
0.00688235
0.00648499
0.0067234
0.00665983
0.00589689
0.00629425
0.00605583
0.00656446
0.00549952
0.00616709
0.00610352
0.00580152
0.00592868
0.00597636
0.00543594
0.00576973
0.00594457
0.00667572
0.00596046
0.00629425
0.00632604
0.00770887
0.00920296
0.00933011
0.0117143
0.0126839
0.0154813
0.0176271
0.0212987
0.0240962
0.0265598
0.0295162
0.0338872
0.0373363
0.0420094
0.0502745
0.0589212
0.0715733
0.0847816
0.107733
0.123262
0.146516
0.17403
0.20717
0.239293
0.270208
0.28971
0.301743
0.305891
0.313473
0.315396
0.331767
0.342401
0.34399
0.333087
0.315491
0.292826
0.275071
0.268904
0.279172
0.296323
0.314156
0.331831
0.352875
0.38538
0.42305
0.461515
0.489616
0.524219
0.549459
0.585079
0.62383
0.679302
0.721041
0.734472
0.712935
0.700283
0.670274
0.654459
0.658528
0.678078
0.732327
0.802867
0.870832
0.929228
0.948143
0.905895
0.87204
0.8231
0.766182
0.724538
0.679525
0.647386
0.623417
0.609875
0.590531
0.573063
0.570313
0.59096
0.601212
0.628106
0.647608
0.671895
0.69569
0.714747
0.734488
0.753228
0.785208
0.804106
0.823752
0.835101
0.860993
0.893847
0.939814
0.974417
1.04105
1.09792
1.18276
1.28736
1.40963
1.56558
1.67235
1.75972
1.82886
1.94254
1.96619
1.95525
1.94302
1.78429
1.63236
1.4606
1.39581
1.24696
1.12743
1.08657
1.0476
1.01536
1.04718
1.13818
1.26182
1.35592
1.59041
1.72353
1.8294
1.8129
1.79812
9.81704
