0.00845591
0.00101725
0.00093778
0.0011603
0.00108083
0.00123978
0.00114441
0.00111262
0.00130335
0.00119209
0.00131925
0.00123978
0.00128746
0.00131925
0.00136693
0.00125567
0.00158946
0.00150998
0.00163714
0.00170072
0.0017643
0.00189145
0.00200272
0.00185966
0.00193914
0.00220935
0.00209808
0.00241597
0.00241597
0.00259082
0.00225703
0.00270208
0.0029405
0.00317891
0.00267029
0.0029405
0.00284513
0.00392596
0.00325839
0.0032107
0.00309944
0.00362396
0.00356038
0.00359217
0.00343323
0.00405312
0.00391006
0.00449816
0.00449816
0.00406901
0.00457764
0.00532468
0.00553131
0.00537237
0.00597636
0.0061353
0.00626246
0.00627836
0.00572205
0.0061353
0.00632604
0.00656446
0.00653267
0.00675519
0.00588099
0.00680288
0.00683467
0.00631015
0.00648499
0.0064532
0.00621478
0.00619888
0.00632604
0.00559489
0.00627836
0.00570615
0.00588099
0.00597636
0.00607173
0.00583331
0.00554721
0.00553131
0.00561078
0.00538826
0.00516574
0.00557899
0.0052611
0.00502268
0.00546773
0.00619888
0.00554721
0.00521342
0.00596046
0.00602404
0.00522931
0.00600815
0.00572205
0.00583331
0.0058492
0.00638962
0.00611941
0.00638962
0.00664393
0.00588099
0.00561078
0.00610352
0.00597636
0.00623067
0.00564257
0.00669161
0.00626246
0.00626246
0.00691414
0.00707308
0.00646909
0.00659625
0.00658035
0.00723203
0.00700951
0.00681877
0.00659625
0.0061512
0.0064373
0.00623067
0.00621478
0.00540415
0.00554721
0.00616709
0.00537237
0.00589689
0.00578562
0.00503858
0.00535647
0.00505447
0.0052611
0.00519753
0.00513395
0.00529289
0.00532468
0.00511805
0.0049909
0.00521342
0.00545184
0.00576973
0.00507037
0.00510216
0.00581741
0.00543594
0.00551542
0.00592868
0.00626246
0.00637372
0.00602404
0.00543594
0.0064532
0.00596046
0.00618299
0.00626246
0.00634193
0.00621478
0.00653267
0.00646909
0.00624657
0.00681877
0.00664393
0.00693003
0.00688235
0.00699361
0.00700951
0.00805855
0.0085036
0.00953674
0.0108083
0.0142415
0.020504
0.0270526
0.0370185
0.0442982
0.0505765
0.0526428
0.0542482
0.0521024
0.0523885
0.053978
0.054884
0.0560443
0.0536124
0.0515143
0.0518322
0.0510852
0.0555674
0.0599225
0.0607808
0.0652631
0.0781377
0.0944138
0.110388
0.123008
0.137838
0.148487
0.161807
0.173569
0.191339
0.204436
0.236034
0.283353
0.353956
0.444539
0.544437
0.627693
0.683117
0.750383
0.815582
0.908232
0.974385
0.97127
0.924238
0.867303
0.844208
0.86805
0.895802
0.920566
0.928895
0.925954
0.945489
0.996002
1.11036
1.27457
1.42182
1.6019
1.6853
1.81023
1.8537
1.89872
1.89273
2.02182
2.16732
2.35376
2.52932
2.75931
2.84417
2.73032
2.48329
2.42618
2.37513
2.34262
2.22994
2.08696
2.04797
1.92909
1.99135
2.00373
2.05498
2.04535
2.09905
19.905
