0.024732
0.00457764
0.00476837
0.00491142
0.00576973
0.00596046
0.00640551
0.00689824
0.00724792
0.00853539
0.0093778
0.0107288
0.013574
0.0152111
0.0186125
0.0217915
0.0233014
0.0272115
0.0284513
0.0275771
0.0260194
0.0267029
0.0247478
0.0249545
0.0236352
0.0216802
0.0216166
0.0208855
0.0201861
0.0212193
0.0202656
0.0190099
0.0183582
0.0156403
0.0150363
0.0136216
0.0133197
0.0122865
0.0111421
0.0103315
0.00969569
0.00979106
0.00802676
0.0073115
0.00720024
0.00735919
0.00712077
0.00669161
0.00602404
0.00642141
0.00640551
0.0058492
0.00599225
0.00538826
0.00570615
0.00561078
0.00578562
0.00561078
0.00567436
0.00519753
0.00592868
0.00542005
0.00557899
0.00537237
0.00546773
0.00573794
0.00553131
0.00513395
0.00535647
0.00596046
0.00607173
0.00554721
0.00610352
0.00570615
0.00669161
0.0058651
0.00618299
0.00627836
0.00654856
0.00634193
0.00618299
0.00689824
0.00680288
0.00667572
0.0064373
0.00680288
0.00715256
0.00758171
0.00715256
0.00745455
0.00712077
0.00724792
0.00729561
0.00697772
0.00691414
0.00681877
0.00748634
0.00778834
0.0079155
0.00723203
0.00756582
0.00855128
0.00888507
0.0101725
0.0116825
0.0143051
0.0216802
0.0321865
0.0470479
0.0682831
0.0946204
0.121323
0.156991
0.18851
0.215069
0.242265
0.252215
0.273895
0.292253
0.314379
0.330369
0.348647
0.369231
0.38929
0.41159
0.438531
0.47609
0.505924
0.518656
0.535218
0.559839
0.562588
0.564941
0.564114
0.564702
0.584888
0.627295
0.67083
0.715907
0.715876
0.685596
0.649198
0.611416
0.598955
0.589387
0.620015
0.66967
0.721073
0.766309
0.81315
0.874964
0.921774
0.950336
1.00489
1.07606
1.23016
1.46669
1.71808
1.9285
2.03865
2.13299
2.24942
2.34644
2.33323
2.22273
2.12725
1.95998
1.76091
1.57366
1.42574
1.38418
1.40262
1.4207
1.42636
1.38186
1.33136
1.27864
1.23456
1.2046
1.15968
1.11152
1.06818
1.02038
0.988436
0.943883
0.863791
0.802008
0.757011
0.702254
0.666889
0.61655
0.545343
0.480175
0.4378
0.42998
0.424925
0.426435
0.41426
0.413656
0.419982
0.420666
0.400448
0.370073
0.318511
0.27345
0.254504
0.235176
0.22831
0.212653
0.195519
0.184027
0.172249
0.163857
0.180801
0.215419
0.245523
0.265582
0.271098
0.266838
0.25959
0.255585
0.258652
0.262785
0.262578
0.266933
0.275389
0.281986
0.293334
0.323995
0.365257
0.396824
0.427469
0.454807
0.488488
0.53242
0.573428
0.627502
0.672388
0.684547
0.680669
0.662247
0.703239
0.689856
0.701618
0.657527
0.590324
0.504065
0.38743
0.284481
0.193119
0.132195
0.0910918
0.0653903
0.0457764
0.0210921
0.0416279
