0.0180403
0.0029246
0.00324249
0.00327428
0.00368754
0.00437101
0.00395775
0.00487963
0.00514984
0.00460943
0.004673
0.00521342
0.00573794
0.00554721
0.00616709
0.00651677
0.0064373
0.00754992
0.00867844
0.00880559
0.00969569
0.0101884
0.0127792
0.0138283
0.0140985
0.0162601
0.0183264
0.0205676
0.0224749
0.0251452
0.0261943
0.0261784
0.0263373
0.0234922
0.0234922
0.0220458
0.0209967
0.0196616
0.0199795
0.0175476
0.016737
0.0168959
0.017643
0.0174999
0.0184854
0.0193119
0.0214259
0.0206947
0.0217597
0.0189304
0.0162443
0.0146071
0.0130335
0.0122865
0.011603
0.0111898
0.00967979
0.00905991
0.0084877
0.00785192
0.00775655
0.00621478
0.00651677
0.00621478
0.0064532
0.00591278
0.00693003
0.00619888
0.00597636
0.00546773
0.00576973
0.00607173
0.00610352
0.00580152
0.0058651
0.00618299
0.00607173
0.00589689
0.0061512
0.00637372
0.00619888
0.00602404
0.00624657
0.0061512
0.00602404
0.0061512
0.00603994
0.00634193
0.00610352
0.0055631
0.00597636
0.00658035
0.00637372
0.00621478
0.0064373
0.00720024
0.00651677
0.00662804
0.00632604
0.00658035
0.00610352
0.0064373
0.00619888
0.00669161
0.00653267
0.0064373
0.00680288
0.00667572
0.00627836
0.00680288
0.00677109
0.00669161
0.00635783
0.00696182
0.00740687
0.00683467
0.00766118
0.00742277
0.00759761
0.0081857
0.00931422
0.011158
0.0120481
0.0142097
0.016435
0.0205676
0.0234445
0.0262101
0.0277201
0.0284195
0.028801
0.027434
0.0299454
0.0297705
0.027895
0.0263055
0.024271
0.0251293
0.0229836
0.0244935
0.0279268
0.0301838
0.039498
0.0528018
0.0820637
0.136757
0.214465
0.299438
0.348234
0.365527
0.355371
0.361824
0.371329
0.383711
0.406981
0.416772
0.418727
0.414753
0.404119
0.39924
0.393836
0.422716
0.471195
0.547791
0.620063
0.663217
0.713825
0.738176
0.768185
0.768852
0.764338
0.75779
0.756184
0.779676
0.817315
0.871436
0.903924
0.915051
0.942564
0.983016
1.00691
1.03995
1.01471
1.00301
0.967391
0.973352
1.02181
1.08213
1.10324
1.08091
1.03194
0.989882
0.975974
0.977262
0.963545
0.903114
0.805298
0.741148
0.694418
0.686518
0.719341
0.770442
0.791709
0.78098
0.747554
0.732613
0.707086
0.677172
0.641282
0.622972
0.596348
0.567834
0.551128
0.551907
0.531514
0.52201
0.497468
0.492779
0.485754
0.481256
0.483576
0.477839
0.479444
0.485945
0.516701
0.553703
0.568151
0.574827
0.596984
0.630109
0.623099
0.655317
0.716702
0.786209
0.842031
0.914605
0.956535
0.940402
0.935523
0.980361
0.98443
0.990009
0.982777
1.05268
1.12281
1.19557
1.25931
1.30224
1.37529
1.37564
1.42838
1.36174
1.30704
1.25472
1.2732
14.7003
