0
0
0
0
0
0
0
0
0
0
0
0
0
0
0
0
0
0
0
0
0
0
0
0
0
0
0
0
0
0
0
0
0
0
0
0
0
0
0
0
0
0
0
0
0
0
0
0
0
0
0
0
0
0
0
0
0
0
0
0
0
0
0
0
0
0
0
0
0
0
0
0
0
0
0
0
0
1.58946e-05
1.58946e-05
1.58946e-05
4.76837e-05
6.35783e-05
4.76837e-05
0.000143051
0.00017484
0.00017484
0.000222524
0.000254313
0.00038147
0.000413259
0.000492732
0.000794729
0.000794729
0.000953674
0.00103315
0.00150998
0.00171661
0.00182788
0.00249545
0.00247955
0.00295639
0.00289281
0.00329018
0.0032266
0.00403722
0.00397364
0.00398954
0.00465711
0.0046889
0.00470479
0.00548363
0.00513395
0.00554721
0.00602404
0.00678698
0.00748634
0.0082016
0.00933011
0.00934601
0.0103792
0.010999
0.0126203
0.012811
0.0137647
0.0149568
0.0146071
0.0159582
0.0164191
0.0153224
0.0152906
0.01448
0.0137647
0.0130335
0.0131766
0.0132243
0.0133197
0.0126521
0.0127951
0.0121593
0.0123978
0.0121117
0.0112534
0.0112534
0.0112534
0.0109196
0.010554
0.00987053
0.00982285
0.00945727
0.00840823
0.00810623
0.00829697
0.00767708
0.00718435
0.00767708
0.00662804
0.00767708
0.00681877
0.0076135
0.00665983
0.00721614
0.00699361
0.00708898
0.00710487
0.00656446
0.00680288
0.00688235
0.00740687
0.00739098
0.00754992
0.00797908
0.0082016
0.00894864
0.00858307
0.00815392
0.00831286
0.00826518
0.00890096
0.0076135
0.00952085
0.00898043
0.00894864
0.00918706
0.00853539
0.00931422
0.00890096
0.00912348
0.00853539
0.00831286
0.00739098
0.00688235
0.00739098
0.00699361
0.00669161
0.00627836
0.00597636
0.00607173
0.0058651
0.00521342
0.00623067
0.00465711
0.00551542
0.00470479
0.005277
0.00486374
0.00483195
0.00503858
0.00561078
0.00505447
0.00522931
0.00445048
0.00483195
0.00448227
0.00448227
0.004673
0.00511805
0.00492732
0.00524521
0.00507037
0.00522931
0.00510216
0.00486374
0.00535647
0.00546773
0.00583331
0.00596046
0.0055631
0.0055631
0.00640551
0.00554721
0.00648499
0.0061512
0.00618299
0.00697772
0.0076135
0.00753403
0.0078996
0.00920296
0.00809034
0.0102202
0.00921885
0.010554
0.00998179
0.0124137
0.0136058
0.0103315
0.0146866
0.0142733
0.0231902
0.0313441
0.0614325
0.135644
0.363302
56.9544
2.39852
38.8183
