0
0
0
0
4.76837e-05
0
7.94729e-05
3.17891e-05
7.94729e-05
0.00017484
0.000524521
0.000921885
0.00120799
0.00173251
0.00219345
0.0026385
0.00360807
0.0052611
0.00624657
0.00875791
0.00983874
0.0129541
0.0160058
0.0199477
0.0234286
0.0260194
0.0272751
0.0260353
0.0246525
0.0223478
0.0199636
0.0181516
0.0170867
0.016435
0.0136375
0.0120322
0.0103474
0.00933011
0.00948906
0.00933011
0.00810623
0.00801086
0.0073274
0.00715256
0.00678698
0.00635783
0.00629425
0.00570615
0.00638962
0.00599225
0.00578562
0.00591278
0.00572205
0.00545184
0.00535647
0.00570615
0.00529289
0.00576973
0.00521342
0.00553131
0.00549952
0.00451406
0.00524521
0.00484784
0.00483195
0.00516574
0.00459353
0.00480016
0.00522931
0.00472069
0.00441869
0.00513395
0.0049909
0.00502268
0.00513395
0.00538826
0.00524521
0.00532468
0.0052611
0.00538826
0.00510216
0.0055631
0.00583331
0.00554721
0.0052611
0.00540415
0.00580152
0.00608762
0.00575384
0.00529289
0.00597636
0.00605583
0.00507037
0.00530879
0.00567436
0.00554721
0.00542005
0.00580152
0.00572205
0.00522931
0.00553131
0.00489553
0.00572205
0.00473658
0.00559489
0.00583331
0.00537237
0.00549952
0.00540415
0.00573794
0.00518163
0.00537237
0.00540415
0.00567436
0.00618299
0.0067393
0.00837644
0.00985463
0.0121911
0.0144323
0.0201861
0.0264804
0.0370661
0.0522614
0.0749588
0.10546
0.144132
0.193326
0.245698
0.291443
0.333087
0.357167
0.385459
0.406567
0.427532
0.437498
0.454378
0.479603
0.504176
0.524219
0.524394
0.538842
0.565084
0.601737
0.625849
0.655492
0.670067
0.697772
0.710694
0.716813
0.710265
0.718451
0.725126
0.725524
0.732501
0.733582
0.733407
0.732311
0.746298
0.770203
0.807492
0.869195
0.930055
0.987689
1.0383
1.08771
1.10016
1.1121
1.11645
1.10995
1.15077
1.18036
1.21633
1.22507
1.20352
1.14818
1.11109
1.07492
1.04709
1.04346
1.04849
1.00373
0.972859
0.938988
0.916974
0.911109
0.938781
0.959539
0.987307
1.01817
1.04664
1.06656
1.05251
1.03827
1.01918
0.996685
0.997925
1.02056
1.02091
1.00115
0.99411
0.980584
0.974639
0.957712
0.914272
0.894006
0.879542
0.858355
0.83224
0.816647
0.805235
0.775878
0.76011
0.764704
0.757249
0.737413
0.730626
0.72155
0.70742
0.705401
0.677109
0.644747
0.626373
0.618649
0.616312
0.627597
0.627756
0.617456
0.593313
0.566959
0.571632
0.599798
0.619698
0.641743
0.649087
0.654984
0.659402
0.614039
0.571648
0.550683
0.539192
0.531356
0.531483
0.534407
0.547266
0.556135
0.568008
0.563717
0.561571
0.524203
0.503699
0.486104
0.444508
0.38983
0.363191
1.93971
