0
0
0
0
0
1.58946e-05
0
7.94729e-05
0.000158946
0.000254313
0.000699361
0.000874201
0.00155767
0.00278155
0.0043869
0.00686646
0.0090917
0.0121911
0.014178
0.0181039
0.0198682
0.0220299
0.0221093
0.0213941
0.0193119
0.0183741
0.0171026
0.0166098
0.0158469
0.0139713
0.0121911
0.0116984
0.0104427
0.00912348
0.0104109
0.0100613
0.00917117
0.0100136
0.00823339
0.00902812
0.00863075
0.00871023
0.00801086
0.0073274
0.0070413
0.00713666
0.00667572
0.00656446
0.00608762
0.0058492
0.00651677
0.00629425
0.00637372
0.0052611
0.00554721
0.00561078
0.00562668
0.00519753
0.00480016
0.00511805
0.00514984
0.004975
0.00489553
0.00507037
0.00480016
0.00448227
0.0043869
0.00529289
0.004673
0.00449816
0.00481606
0.00486374
0.00421206
0.00433922
0.00473658
0.0043869
0.00430743
0.00472069
0.00484784
0.00421206
0.00460943
0.00462532
0.00433922
0.00460943
0.00422796
0.00443459
0.00456174
0.00437101
0.0046889
0.00494321
0.00486374
0.00435511
0.00524521
0.00433922
0.00414848
0.00430743
0.00473658
0.00472069
0.00522931
0.00507037
0.00481606
0.00494321
0.00486374
0.00546773
0.00537237
0.00545184
0.00549952
0.00596046
0.0058651
0.00546773
0.00605583
0.00578562
0.00599225
0.00697772
0.0073274
0.00727971
0.0078996
0.00786781
0.00869433
0.0093619
0.0087738
0.0100931
0.0100136
0.0113805
0.01297
0.016737
0.0203927
0.0315984
0.0417074
0.0607173
0.0860214
0.130494
0.182104
0.242869
0.318082
0.384792
0.445604
0.506369
0.581185
0.656271
0.720485
0.781155
0.852585
0.933743
1.00977
1.09887
1.18043
1.27548
1.37256
1.46513
1.52025
1.555
1.55215
1.52151
1.48071
1.45338
1.44706
1.45758
1.44639
1.46349
1.51421
1.55706
1.58728
1.62636
1.65346
1.66774
1.63137
1.57385
1.51165
1.50186
1.5141
1.55714
1.60621
1.63932
1.61565
1.55355
1.52947
1.4746
1.43601
1.41099
1.39174
1.35919
1.34381
1.30394
1.28147
1.24882
1.19395
1.17895
1.18144
1.18696
1.20031
1.20047
1.17321
1.12863
1.06602
1.02607
1.00578
0.970745
0.976976
0.95075
0.935253
0.925525
0.901079
0.864522
0.815376
0.785526
0.76402
0.732803
0.691001
0.668971
0.665204
0.650438
0.633621
0.626739
0.616471
0.586335
0.55666
0.530879
0.5102
0.469939
0.405518
0.327667
0.248019
0.175842
0.10999
0.0647386
0.0339667
0.0150522
0.00667572
0.00309944
0.00139872
0.000492732
0.000158946
6.35783e-05
3.17891e-05
3.17891e-05
0
0
0
0
0
0
0
0
0
0
0
0
0
0
0
0
0
0
0
0
