0
0
0
1.58946e-05
6.35783e-05
4.76837e-05
0.000111262
0.000349681
0.000588099
0.00104904
0.00212987
0.00348091
0.00591278
0.00905991
0.0150839
0.0185013
0.0226021
0.0251452
0.024573
0.0236829
0.023365
0.0238895
0.0220935
0.017484
0.0150998
0.0124454
0.0113646
0.00972748
0.0105063
0.00982285
0.0090917
0.00829697
0.00697772
0.00626246
0.00648499
0.00594457
0.00576973
0.00543594
0.00549952
0.00538826
0.00567436
0.00542005
0.00542005
0.00475248
0.004975
0.00476837
0.00433922
0.00456174
0.00425975
0.00403722
0.00484784
0.004673
0.00391006
0.00422796
0.0038147
0.00348091
0.00433922
0.0038147
0.00460943
0.00416438
0.00435511
0.0038147
0.00398954
0.0040849
0.00425975
0.00354449
0.00336965
0.00360807
0.00403722
0.00363986
0.00368754
0.00403722
0.00400543
0.00383059
0.00356038
0.00394185
0.0032266
0.00352859
0.00356038
0.00383059
0.00373522
0.00398954
0.0037988
0.00403722
0.00397364
0.00433922
0.00392596
0.00376701
0.00371933
0.00352859
0.00418027
0.00394185
0.00411669
0.0038147
0.00398954
0.00405312
0.00424385
0.0037988
0.00437101
0.00448227
0.00464122
0.00433922
0.00484784
0.00462532
0.00489553
0.0046889
0.00505447
0.00502268
0.00511805
0.00464122
0.00465711
0.00548363
0.00483195
0.00530879
0.00529289
0.0058492
0.00524521
0.00553131
0.00624657
0.00581741
0.00599225
0.00564257
0.00600815
0.0058492
0.00659625
0.00659625
0.00686646
0.00707308
0.00691414
0.00756582
0.00724792
0.00785192
0.00856717
0.00987053
0.0107606
0.0127316
0.0135581
0.0178496
0.0247637
0.0373363
0.0590642
0.101614
0.161266
0.255187
0.362539
0.48879
0.611194
0.739638
0.873454
0.994682
1.11416
1.21508
1.29751
1.40026
1.48374
1.56523
1.64529
1.74511
1.86451
1.99246
2.10048
2.18062
2.21907
2.25004
2.26822
2.30772
2.33425
2.38256
2.38859
2.37962
2.33793
2.28475
2.20774
2.13057
2.05833
2.02991
2.00351
1.97463
1.92207
1.8277
1.74869
1.68662
1.65745
1.62338
1.57642
1.50604
1.42743
1.35665
1.29754
1.24146
1.22536
1.21161
1.23558
1.22973
1.1957
1.12553
1.06494
1.01212
0.985575
0.964832
0.94142
0.922267
0.903877
0.888968
0.887092
0.865221
0.827646
0.773001
0.668383
0.542053
0.403214
0.255775
0.139491
0.0642459
0.0270685
0.0104904
0.00543594
0.00270208
0.00170072
0.000715256
0.000286102
0.000158946
6.35783e-05
0
0
1.58946e-05
0
0
0
0
0
0
0
0
0
0
0
0
0
0
0
0
0
0
0
0
0
0
0
0
0
0
0
0
0
0
