0.000365575
0.000222524
0.000127157
0.000286102
0.000317891
0.000349681
0.000445048
0.00055631
0.000540415
0.000826518
0.000667572
0.00103315
0.000953674
0.00123978
0.00125567
0.0014782
0.00155767
0.00163714
0.00173251
0.00219345
0.00208219
0.00222524
0.00281334
0.00286102
0.00303586
0.00357628
0.00403722
0.00391006
0.00441869
0.00494321
0.00580152
0.00565847
0.00567436
0.00678698
0.00721614
0.00624657
0.00799497
0.00737508
0.00904401
0.00823339
0.00964801
0.00893275
0.00845591
0.00853539
0.00834465
0.00826518
0.00837644
0.0073274
0.00782013
0.00816981
0.00794729
0.00740687
0.00758171
0.00678698
0.00669161
0.00720024
0.00694593
0.00658035
0.00635783
0.00602404
0.00631015
0.00578562
0.00529289
0.00532468
0.0052611
0.00500679
0.00489553
0.00457764
0.00480016
0.00487963
0.00472069
0.004975
0.00437101
0.00502268
0.00403722
0.00414848
0.00425975
0.00406901
0.00403722
0.00476837
0.00422796
0.00411669
0.00413259
0.00392596
0.0037988
0.00406901
0.00386238
0.00378291
0.00365575
0.00356038
0.00411669
0.00344912
0.00375112
0.00348091
0.00354449
0.00354449
0.00395775
0.00419617
0.00360807
0.00384649
0.00395775
0.0038147
0.00383059
0.00360807
0.00398954
0.00349681
0.00394185
0.00352859
0.00349681
0.00362396
0.00389417
0.00395775
0.00383059
0.0035127
0.00443459
0.00452995
0.00430743
0.00495911
0.004975
0.00457764
0.0041008
0.00437101
0.0046889
0.00492732
0.00472069
0.00540415
0.00576973
0.00548363
0.00578562
0.00602404
0.0058651
0.0067234
0.00565847
0.00720024
0.00696182
0.0064532
0.00669161
0.0067234
0.00715256
0.00766118
0.00656446
0.00707308
0.00740687
0.00727971
0.00748634
0.00707308
0.00775655
0.00712077
0.00747045
0.00747045
0.00737508
0.00762939
0.00824928
0.00816981
0.00839233
0.00899633
0.00913938
0.00944138
0.00863075
0.00885328
0.0101884
0.00955264
0.0104109
0.0116984
0.0115395
0.0116189
0.0124931
0.0135581
0.0144482
0.01688
0.0192165
0.0220299
0.0289122
0.0396411
0.057888
0.0961622
0.158358
0.258223
0.433381
0.714318
1.14498
1.77139
2.67137
3.95543
5.81738
8.11288
10.1731
11.0205
10.4631
9.00121
7.28774
5.56122
4.21538
3.33587
2.76311
2.39913
2.08112
1.74109
1.35692
0.975466
0.631873
0.360505
0.188891
0.0923951
0.0483354
0.0261784
0.0150839
0.00958443
0.0070413
0.00480016
0.00352859
0.00230471
0.00162125
0.0011603
0.00100136
0.000715256
0.000492732
0.000397364
0.00017484
0.000143051
0.00017484
6.35783e-05
4.76837e-05
3.17891e-05
1.58946e-05
0
0
0
0
0
0
0
0
0
0
0
0
0
0
0
0
0
0
0
0
0
0
0
0
0
0
0
0
0
0
0
