0.00139872
0.000127157
0.000143051
0.000238419
0.00017484
0.000158946
0.000238419
0.000397364
0.000254313
0.000286102
0.000238419
0.000254313
0.000333786
0.000349681
0.000365575
0.000460943
0.00055631
0.000635783
0.000635783
0.000715256
0.00073115
0.00101725
0.00154177
0.0014782
0.00143051
0.00189145
0.00208219
0.00274976
0.00301997
0.00365575
0.00378291
0.00391006
0.00484784
0.004975
0.00549952
0.00548363
0.00685056
0.00632604
0.00681877
0.00712077
0.00713666
0.00764529
0.00802676
0.00836054
0.00902812
0.00882149
0.00894864
0.00952085
0.00915527
0.00971158
0.00883738
0.00972748
0.00940959
0.0101248
0.00945727
0.00960032
0.00991821
0.00961622
0.00998179
0.0085036
0.00925064
0.00874201
0.00882149
0.00955264
0.00864665
0.00834465
0.00793139
0.00826518
0.00740687
0.00799497
0.0070413
0.00764529
0.00777245
0.00796318
0.0073115
0.00743866
0.00707308
0.00745455
0.00762939
0.00650088
0.0079155
0.00718435
0.00654856
0.0064373
0.00659625
0.00619888
0.00635783
0.0058492
0.0061512
0.00534058
0.00592868
0.00524521
0.00481606
0.00489553
0.00514984
0.00486374
0.00478427
0.00472069
0.00437101
0.00448227
0.00460943
0.00452995
0.00425975
0.00472069
0.004673
0.00448227
0.00487963
0.00421206
0.004673
0.00465711
0.00424385
0.00448227
0.00491142
0.00413259
0.00424385
0.00418027
0.00411669
0.00483195
0.00454585
0.00422796
0.00462532
0.00418027
0.00548363
0.0040849
0.00441869
0.00521342
0.00470479
0.00416438
0.00454585
0.00475248
0.00511805
0.00508626
0.00473658
0.00513395
0.00549952
0.00464122
0.00430743
0.00481606
0.00462532
0.00487963
0.00465711
0.00534058
0.00492732
0.00564257
0.0052611
0.00559489
0.00559489
0.00548363
0.00570615
0.00551542
0.0061353
0.00619888
0.00588099
0.00715256
0.00675519
0.00742277
0.00801086
0.00912348
0.0102679
0.0117779
0.0158151
0.0199954
0.0273228
0.0400225
0.0629425
0.106223
0.180165
0.307973
0.489775
0.693035
0.896883
1.09808
1.35377
1.71469
2.15688
2.6343
2.98951
3.21309
3.31621
3.29488
3.23757
3.19543
3.15687
3.09493
3.01874
2.90252
2.7372
2.56217
2.41172
2.27791
2.17657
2.12228
2.0912
2.04997
2.02551
1.93795
1.84838
1.75238
1.64065
1.59609
1.60839
1.64595
1.60189
1.48929
1.40492
1.3972
1.33022
1.25868
1.18246
1.12583
1.07253
1.03844
1.01156
0.9679
0.925144
0.934251
0.975307
0.989834
0.922235
0.826867
0.728003
0.617679
0.511026
0.438134
0.34585
0.195678
0.0803789
0.0292937
0.0139872
0.0087897
0.00545184
0.00363986
0.00295639
0.00197093
0.00155767
0.00109673
0.000635783
0.000460943
0.00038147
0.000301997
0.000238419
0.000222524
0.000127157
9.53674e-05
0.000111262
0.000127157
0.000111262
0.000127157
9.53674e-05
0.000127157
7.94729e-05
3.17891e-05
7.94729e-05
3.17891e-05
1.58946e-05
0.000206629
