1.58946e-05
0
0
0
0
0
0
0
0
3.17891e-05
0
0
0
1.58946e-05
0
0
0
0
1.58946e-05
0
1.58946e-05
6.35783e-05
3.17891e-05
0.000127157
0.000222524
0.000127157
0.000333786
0.000222524
0.000397364
0.000794729
0.000747045
0.00100136
0.000985463
0.00144641
0.0017484
0.00187556
0.00220935
0.00268618
0.00306765
0.00305176
0.00332197
0.00340144
0.00400543
0.00392596
0.00445048
0.00522931
0.00521342
0.00542005
0.00537237
0.00473658
0.00542005
0.00665983
0.00572205
0.00599225
0.00650088
0.00616709
0.0061512
0.00632604
0.00662804
0.00667572
0.00661214
0.00677109
0.00737508
0.00621478
0.00756582
0.00670751
0.00664393
0.00705719
0.00727971
0.00762939
0.00710487
0.00724792
0.00770887
0.0070413
0.00756582
0.00794729
0.00769297
0.00826518
0.00813802
0.00774066
0.00775655
0.00821749
0.00804265
0.00745455
0.00726382
0.00745455
0.00634193
0.00658035
0.00699361
0.0064532
0.00634193
0.00626246
0.00661214
0.00597636
0.00627836
0.00562668
0.00524521
0.00576973
0.00565847
0.00559489
0.00535647
0.00575384
0.00478427
0.00557899
0.00554721
0.00537237
0.004975
0.00578562
0.00470479
0.00557899
0.0049909
0.00519753
0.00511805
0.00495911
0.0052611
0.0049909
0.00514984
0.00503858
0.0055631
0.00486374
0.00549952
0.00561078
0.00546773
0.00580152
0.00491142
0.00616709
0.00638962
0.00599225
0.00637372
0.00594457
0.00677109
0.00729561
0.00661214
0.00696182
0.00610352
0.00669161
0.00594457
0.00621478
0.00634193
0.00700951
0.00688235
0.00619888
0.00627836
0.00651677
0.00693003
0.00713666
0.00794729
0.00874201
0.00999769
0.0129382
0.0164191
0.0245253
0.0330766
0.0466506
0.064834
0.0927607
0.138172
0.211589
0.289551
0.37899
0.461769
0.542657
0.618521
0.691144
0.783173
0.877206
0.987816
1.11542
1.27103
1.45388
1.6645
1.89335
2.15864
2.38694
2.51203
2.56335
2.55033
2.55923
2.54288
2.53622
2.51904
2.49647
2.45805
2.44466
2.41254
2.3242
2.23668
2.154
2.07453
1.97845
1.90252
1.87232
1.82233
1.79906
1.76489
1.72745
1.65782
1.56913
1.50453
1.45214
1.41741
1.40519
1.41582
1.38001
1.29976
1.23715
1.18395
1.11281
1.06074
0.989151
0.945218
0.893084
0.857671
0.841077
0.82051
0.785049
0.726938
0.67366
0.624688
0.587447
0.556326
0.52619
0.495307
0.455364
0.429916
0.410239
0.393041
0.379531
0.351429
0.319338
0.285244
0.231647
0.175174
0.133546
0.0956694
0.0619411
0.0412305
0.0224113
0.0093778
0.00459353
0.00259082
0.00252724
0.00160535
0.00122388
0.000969569
0.000699361
0.000842412
0.000619888
0.000429153
0.000254313
0.000206629
0.000206629
6.35783e-05
9.53674e-05
6.35783e-05
0.000270208
