0
0
0
0
0
0
0
0
0
0
0
0
0
0
0
0
0
0
0
0
0
0
0
0
0
3.17891e-05
1.58946e-05
0
9.53674e-05
0.00017484
0.000111262
0.000127157
0.000286102
0.000206629
0.000333786
0.00055631
0.000651677
0.000826518
0.00122388
0.00149409
0.00154177
0.00216166
0.00200272
0.00203451
0.00182788
0.00217756
0.00195503
0.00219345
0.00217756
0.0023524
0.00251134
0.00236829
0.00255903
0.00241597
0.00273387
0.00306765
0.00301997
0.00278155
0.00319481
0.00311534
0.00305176
0.0029246
0.00300407
0.00317891
0.00325839
0.0026385
0.0032107
0.00287692
0.00308355
0.00314713
0.00252724
0.00317891
0.00330607
0.00289281
0.00329018
0.00359217
0.00305176
0.00340144
0.00370344
0.00346502
0.00373522
0.00394185
0.00403722
0.00430743
0.00406901
0.0041008
0.00422796
0.00427564
0.00433922
0.00413259
0.00437101
0.00445048
0.00424385
0.00462532
0.0043869
0.00376701
0.00460943
0.00437101
0.00451406
0.0046889
0.00425975
0.00470479
0.00441869
0.00478427
0.00492732
0.00433922
0.00473658
0.00454585
0.00414848
0.00470479
0.00445048
0.0046889
0.00503858
0.0049909
0.00548363
0.00540415
0.00546773
0.00543594
0.00561078
0.00559489
0.0058651
0.00599225
0.00629425
0.00592868
0.00619888
0.00691414
0.00619888
0.00635783
0.00677109
0.00783602
0.00794729
0.00828107
0.00875791
0.00918706
0.00983874
0.010252
0.00995
0.0105858
0.0100136
0.0102043
0.0110149
0.0118574
0.0133038
0.0145594
0.0177224
0.0221729
0.0297387
0.0384172
0.0491619
0.0656605
0.0861486
0.120926
0.165415
0.224606
0.277551
0.327206
0.367292
0.412718
0.445429
0.480032
0.516335
0.562859
0.623337
0.695292
0.783523
0.886138
0.990359
1.06896
1.14597
1.21158
1.27786
1.35864
1.44761
1.56282
1.6535
1.68947
1.73904
1.7773
1.82204
1.85843
1.87224
1.87645
1.84366
1.83419
1.81203
1.77601
1.73504
1.68018
1.606
1.55233
1.5281
1.53745
1.57539
1.58661
1.58173
1.55134
1.50814
1.48075
1.44663
1.43798
1.38443
1.35887
1.32591
1.27684
1.17319
1.09928
1.07206
1.0797
1.07872
1.08399
1.08008
1.08252
1.07543
1.08577
1.08676
1.0932
1.07199
1.07357
1.06664
1.04553
0.9727
0.907532
0.876443
0.823991
0.767247
0.71702
0.673866
0.625881
0.588147
0.55871
0.532834
0.487677
0.432189
0.38921
0.378704
0.366465
0.345786
0.336568
0.320339
0.303523
0.28731
0.269715
0.243203
0.225178
0.219027
0.219949
0.22041
0.228357
0.231218
0.221491
0.212797
0.185776
0.163237
0.149584
0.144068
1.5457
