0
0
0
0
0
0
0
0
0
0
0
0
0
0
0
0
0
0
0
0
0
0
0
0
0
0
0
0
0
0
0
0
0
0
0
0
0
0
0
0
0
0
0
0
0
0
0
0
0
0
0
0
0
0
0
0
0
0
0
0
0
0
0
0
0
0
0
0
0
0
0
0
0
0
0
0
0
0
0
0
0
0
0
0
0
0
0
0
0
0
0
0
0
0
0
0
0
0
0
0
0
0
0
0
0
0
0
0
0
0
3.17891e-05
3.17891e-05
4.76837e-05
3.17891e-05
0.000190735
0.000397364
0.000603994
0.000969569
0.00163714
0.0023524
0.00452995
0.00743866
0.010856
0.0176271
0.0269413
0.0377019
0.0565847
0.0827948
0.12509
0.176922
0.253359
0.351397
0.476329
0.5867
0.701714
0.780344
0.845083
0.903289
0.945663
1.0039
1.05235
1.1116
1.1845
1.24133
1.30444
1.36309
1.4149
1.45184
1.47541
1.47742
1.48778
1.52284
1.58523
1.66887
1.75424
1.82012
1.848
1.86133
1.87888
1.88834
1.90506
1.90601
1.87233
1.85086
1.83468
1.80036
1.74665
1.69044
1.5889
1.50224
1.44746
1.43844
1.4355
1.43596
1.41484
1.33948
1.23601
1.11567
1.01322
0.926638
0.869576
0.835133
0.819429
0.806729
0.788911
0.769186
0.750367
0.734742
0.736459
0.731579
0.719468
0.694036
0.679191
0.644064
0.635846
0.633717
0.635735
0.638644
0.626183
0.615088
0.583951
0.544771
0.522757
0.506258
0.47458
0.468445
0.441424
0.425641
0.399001
0.366926
0.355021
0.3431
0.326554
0.31894
0.303094
0.283051
0.269254
0.262229
0.25328
0.240056
0.225814
0.217803
0.207567
0.193453
0.18185
0.166527
0.151602
0.148233
0.14135
0.137917
0.136598
0.137933
0.135883
0.126584
0.121085
0.120497
0.127093
0.128031
0.131528
0.123405
0.11541
0.1115
0.116475
0.121053
0.121403
0.127554
0.130002
0.142972
0.156943
0.160042
0.148169
0.143226
0.150077
0.147231
0.158056
4.54289
