0
0
0
0
0
0
0
0
0
0
0
0
0
0
0
0
0
0
0
0
0
0
0
0
0
0
0
0
0
0
0
0
0
0
0
0
0
0
0
0
0
0
0
0
0
0
0
0
0
0
0
0
0
0
0
0
0
0
0
0
0
0
0
0
0
1.58946e-05
1.58946e-05
0
0
0
1.58946e-05
3.17891e-05
1.58946e-05
0
9.53674e-05
7.94729e-05
0.000143051
0.000190735
0.000317891
0.000445048
0.000635783
0.000985463
0.0017643
0.00236829
0.00338554
0.00391006
0.00487963
0.0061353
0.00712077
0.00842412
0.00888507
0.0101089
0.0112375
0.0118891
0.0119209
0.012207
0.0134945
0.0145912
0.0155926
0.0162443
0.0157356
0.0170708
0.0185649
0.0187874
0.0194232
0.0205199
0.0225544
0.0240803
0.0261625
0.0257015
0.0270367
0.0272115
0.0266711
0.0266711
0.0256062
0.0262101
0.0252565
0.0240803
0.0247796
0.0252406
0.0260194
0.0277678
0.0299454
0.033013
0.0375748
0.043567
0.0531832
0.0609716
0.0757217
0.0881513
0.108655
0.133181
0.172631
0.210921
0.268952
0.333198
0.42092
0.514921
0.60908
0.692542
0.781059
0.8684
0.962369
1.06028
1.15981
1.2345
1.28981
1.33446
1.357
1.34783
1.31543
1.26942
1.2394
1.22627
1.22488
1.2125
1.20616
1.20554
1.22077
1.24167
1.2701
1.29841
1.31755
1.31623
1.33112
1.34462
1.33541
1.34409
1.34269
1.3443
1.3456
1.35852
1.40835
1.46882
1.53139
1.5704
1.58483
1.56935
1.55384
1.51006
1.47147
1.41327
1.3442
1.28175
1.24238
1.17269
1.10388
1.06602
1.06304
1.09275
1.10761
1.09839
1.0465
0.982157
0.925986
0.893307
0.881211
0.835498
0.818284
0.796302
0.737604
0.691684
0.658719
0.63688
0.599798
0.570297
0.551907
0.5476
0.531816
0.519498
0.494877
0.470591
0.449975
0.427103
0.404294
0.387875
0.354338
0.330687
0.325632
0.316302
0.308816
0.300598
0.288836
0.271527
0.258048
0.252453
0.243664
0.241915
0.231965
0.216055
0.206041
0.196377
0.191005
0.185823
0.180372
0.175794
0.177638
0.178719
0.186841
0.186602
0.197442
0.198174
0.2045
0.203133
0.210317
0.217946
0.220362
0.235351
0.223796
0.209347
0.204023
0.204961
0.196632
0.187858
0.201003
4.28319
