0
0
0
0
0
0
0
0
1.58946e-05
0
0
9.53674e-05
9.53674e-05
0.000190735
0.000333786
0.000842412
0.00120799
0.00195503
0.00244776
0.00500679
0.00767708
0.0107288
0.013574
0.0175794
0.019296
0.0215054
0.0234127
0.0247002
0.0248591
0.0236034
0.0253677
0.0244617
0.0224908
0.0223478
0.0211398
0.0218868
0.0212828
0.0206947
0.0218868
0.0212669
0.0184377
0.0174046
0.0163714
0.0166416
0.0142415
0.0141621
0.0119368
0.0121117
0.0108719
0.0096639
0.00988642
0.00861486
0.00799497
0.00700951
0.00691414
0.0078996
0.0070413
0.00680288
0.0070413
0.00747045
0.00720024
0.00729561
0.00675519
0.00654856
0.00667572
0.00735919
0.00712077
0.00705719
0.00670751
0.00753403
0.0070254
0.00842412
0.00851949
0.0085036
0.00901222
0.00964801
0.00869433
0.00964801
0.0103474
0.0107129
0.0105381
0.0115554
0.0114918
0.011301
0.0126839
0.0129064
0.013717
0.0150839
0.018088
0.0210762
0.0260512
0.0310262
0.037082
0.042963
0.0495434
0.0583808
0.0670115
0.0779629
0.0911395
0.106621
0.129652
0.147231
0.170056
0.195535
0.220267
0.245969
0.274913
0.296799
0.321658
0.339524
0.363684
0.388718
0.407712
0.425005
0.44206
0.464392
0.505606
0.563113
0.636053
0.703001
0.768757
0.813691
0.841475
0.831731
0.825612
0.814994
0.803677
0.781838
0.762987
0.7164
0.690873
0.675392
0.665156
0.667206
0.685914
0.720723
0.762097
0.78222
0.808716
0.833956
0.836849
0.850248
0.852013
0.85942
0.892576
0.956138
1.00203
1.04976
1.0856
1.10114
1.09288
1.07536
1.05987
1.03947
0.985622
0.940895
0.958983
0.955264
0.963624
0.958776
0.95493
0.938527
0.927289
0.899998
0.86085
0.812149
0.777181
0.774304
0.786702
0.813039
0.839233
0.852998
0.861009
0.836563
0.827487
0.817998
0.833178
0.87347
0.883007
0.874011
0.817664
0.767438
0.727431
0.724761
0.755866
0.801468
0.840743
0.870816
0.861518
0.812928
0.76704
0.729561
0.724252
0.75202
0.791009
0.815725
0.833464
0.795952
0.750256
0.696564
0.653982
0.604471
0.574223
0.544532
0.531038
0.516001
0.504939
0.488885
0.472911
0.462294
0.448434
0.43931
0.421921
0.395568
0.382185
0.388002
0.382408
0.36246
0.346677
0.341972
0.333595
0.310167
0.305049
0.29788
0.293318
0.284306
0.272957
0.275771
0.276327
0.286563
0.304588
0.311025
0.316922
0.331752
0.34043
0.368293
0.430298
0.466681
0.498962
0.518386
0.533215
0.495815
0.463581
0.444444
0.413942
0.396935
0.36157
0.33404
0.319799
0.296354
0.307083
0.285021
0.272846
2.13895
0.263945
0.368214
