0
0
0
0
0
0
0
0
0
0
0
0
0
0
0
0
0
0
0
0
0
0
0
0
0
0
0
0
0
0
0
0
0
0
0
0
0
0
0
0
0
0
0
0
0
0
0
0
0
0
0
0
0
0
0
0
0
0
0
0
0
0
0
0
0
0
0
0
0
0
0
0
0
0
0
0
0
0
0
0
0
0
0
0
0
0
0
0
0
0
1.58946e-05
0
0
0
4.76837e-05
1.58946e-05
7.94729e-05
0.000190735
0.00017484
0.000349681
0.000429153
0.000794729
0.0014782
0.00246366
0.00400543
0.00823339
0.0126998
0.0221093
0.0356515
0.0541051
0.0782331
0.114584
0.148853
0.180308
0.218074
0.249561
0.27194
0.283464
0.291173
0.294336
0.297387
0.294002
0.288741
0.280078
0.273625
0.272115
0.289869
0.33857
0.408745
0.492652
0.576623
0.657543
0.709995
0.726191
0.71756
0.685835
0.646162
0.613356
0.566912
0.539319
0.503715
0.504367
0.527541
0.570456
0.6272
0.70955
0.807826
0.894864
0.985082
1.05449
1.12015
1.17698
1.21938
1.24571
1.2389
1.21695
1.18645
1.17461
1.16804
1.16324
1.17707
1.16645
1.16542
1.16976
1.16916
1.17126
1.15759
1.13387
1.09948
1.07086
1.0434
1.04001
1.03485
1.0373
1.0149
1.00821
0.985559
0.969028
0.930675
0.888189
0.843509
0.799036
0.768058
0.75415
0.737349
0.712919
0.675535
0.645987
0.630744
0.643969
0.650915
0.66762
0.661373
0.637754
0.636991
0.63022
0.667826
0.733678
0.829744
0.946093
1.01476
1.05362
1.02487
0.95013
0.852871
0.771062
0.706768
0.638755
0.592724
0.565577
0.551462
0.529575
0.514237
0.493749
0.455523
0.430711
0.413465
0.389194
0.387748
0.391213
0.388161
0.382853
0.379038
0.385284
0.379753
0.354449
0.32169
0.293159
0.279617
0.260003
0.257937
0.254615
0.254504
0.243743
0.231616
0.228484
0.223827
0.213623
0.212018
0.213114
0.21286
0.215562
0.215356
0.222429
0.239579
0.254615
0.267378
0.266965
0.274309
0.282812
0.306813
0.33919
0.39107
0.47574
0.613419
10.1857
