0.000111262
0
1.58946e-05
9.53674e-05
6.35783e-05
4.76837e-05
7.94729e-05
0.000127157
0.00017484
0.000397364
0.000317891
0.000492732
0.000699361
0.00127157
0.00168482
0.00313123
0.00424385
0.00605583
0.00796318
0.0107606
0.0138442
0.0158787
0.0172297
0.0191847
0.0218391
0.0211398
0.023063
0.0244617
0.0268936
0.0271638
0.0280698
0.0266552
0.0239372
0.018692
0.0164986
0.0133514
0.0109831
0.00821749
0.00786781
0.0064373
0.00605583
0.00514984
0.00487963
0.00435511
0.00402133
0.00349681
0.00327428
0.00327428
0.00335375
0.00327428
0.0029405
0.0032107
0.00276566
0.00271797
0.00243187
0.0026226
0.00281334
0.00232061
0.00246366
0.00247955
0.00201861
0.00219345
0.00206629
0.00212987
0.00197093
0.00158946
0.00179609
0.00166893
0.00179609
0.00197093
0.00185966
0.00182788
0.00160535
0.0017484
0.00168482
0.00154177
0.0017643
0.00171661
0.00163714
0.00152588
0.00178019
0.00157356
0.00165304
0.0017484
0.00152588
0.00160535
0.00163714
0.00179609
0.00162125
0.00158946
0.00181198
0.00163714
0.00192324
0.00155767
0.0017643
0.00155767
0.0017484
0.00185966
0.00154177
0.00198682
0.0017643
0.00197093
0.00217756
0.00195503
0.00203451
0.00189145
0.00185966
0.00192324
0.00220935
0.00189145
0.00224113
0.00219345
0.00247955
0.00230471
0.0023524
0.00281334
0.00363986
0.00446637
0.00510216
0.00648499
0.00845591
0.0107606
0.0140985
0.0176748
0.0209173
0.0273705
0.0365734
0.0475725
0.0617186
0.0822067
0.109895
0.145817
0.193882
0.246525
0.311025
0.384903
0.46579
0.551399
0.61663
0.676505
0.716019
0.755421
0.782855
0.808922
0.821209
0.833654
0.858005
0.863012
0.858291
0.847705
0.856145
0.870434
0.901222
0.909646
0.92934
0.956567
0.99233
1.04391
1.10186
1.14285
1.15277
1.16731
1.17723
1.20362
1.19443
1.16313
1.13236
1.11138
1.07145
1.04493
1.00214
0.970189
0.925557
0.900666
0.890764
0.878064
0.907389
0.940164
0.950638
0.972621
0.990995
0.97758
0.963147
0.969187
0.982698
1.00029
1.0022
1.01549
1.03076
1.04712
1.05011
1.04674
1.02549
0.99233
0.973288
0.960064
0.929435
0.914208
0.929658
0.976451
1.02496
1.09145
1.15371
1.19189
1.22943
1.22619
1.20676
1.18963
1.21581
1.24868
1.23884
1.18863
1.12514
1.0764
1.05206
1.029
0.988118
0.944376
0.889683
0.865634
0.858005
0.852505
0.824483
0.808334
0.802596
0.803995
0.806729
0.784175
0.749063
0.736554
0.721073
0.704829
0.67962
0.654952
0.597207
0.532627
0.450706
0.379546
0.312058
0.261021
0.211143
0.174554
0.159375
0.163635
0.149504
0.116762
0.0922044
0.0708103
0.0625769
0.0619888
0.0673294
0.0623385
0.0474771
0.0292301
0.0137965
0.00683467
