0
0
3.17891e-05
3.17891e-05
1.58946e-05
7.94729e-05
0.000127157
0.00017484
0.000349681
0.000762939
0.00111262
0.00212987
0.00298818
0.00446637
0.0073115
0.00928243
0.011603
0.0151157
0.0185013
0.0196934
0.0219027
0.0238419
0.0265598
0.0244141
0.0230153
0.0202974
0.0181039
0.0157992
0.0156562
0.0150204
0.013717
0.0118732
0.0109673
0.0102202
0.00974337
0.00915527
0.00894864
0.00917117
0.00855128
0.00785192
0.00834465
0.00662804
0.00716845
0.00785192
0.00629425
0.00699361
0.00638962
0.00675519
0.00665983
0.00576973
0.00632604
0.00659625
0.0061512
0.0061512
0.00685056
0.00581741
0.00602404
0.00626246
0.00602404
0.00616709
0.00583331
0.00599225
0.00542005
0.00573794
0.00565847
0.00513395
0.00592868
0.00540415
0.00561078
0.00588099
0.005277
0.00591278
0.00572205
0.00589689
0.00543594
0.00511805
0.0061512
0.00562668
0.0055631
0.00505447
0.00532468
0.00519753
0.00616709
0.00534058
0.00545184
0.0049909
0.00545184
0.00588099
0.00554721
0.00554721
0.00564257
0.00569026
0.00521342
0.00567436
0.00654856
0.00608762
0.00607173
0.00638962
0.00669161
0.00626246
0.00667572
0.00662804
0.00775655
0.00799497
0.00901222
0.00977516
0.0115712
0.0134627
0.0172138
0.0194391
0.0253042
0.0298659
0.03829
0.0472228
0.0568072
0.0692844
0.0824769
0.1043
0.135152
0.170628
0.21801
0.276105
0.333246
0.398032
0.451914
0.504192
0.544294
0.5771
0.602865
0.635068
0.679111
0.746441
0.806824
0.872421
0.889524
0.913143
0.936365
0.966279
0.979519
0.991106
1.00101
1.03102
1.07255
1.14107
1.20578
1.24494
1.2874
1.28791
1.27676
1.28276
1.28261
1.3044
1.32718
1.3586
1.39241
1.42638
1.47336
1.55072
1.65089
1.72092
1.7865
1.8038
1.80454
1.75096
1.63689
1.51981
1.40533
1.3556
1.31845
1.28082
1.24555
1.18728
1.13311
1.08113
1.0177
0.987705
0.972017
0.98052
0.974671
0.951163
0.8859
0.823943
0.770553
0.757869
0.759236
0.783078
0.814168
0.858609
0.866381
0.853491
0.811164
0.786527
0.775782
0.815042
0.853173
0.856066
0.866048
0.902446
0.940371
0.9504
0.935396
0.92756
0.899458
0.885773
0.860469
0.816902
0.779676
0.74784
0.711409
0.676998
0.669877
0.652711
0.619364
0.552018
0.492477
0.433652
0.407155
0.391563
0.377719
0.367228
0.343148
0.326967
0.313377
0.293732
0.273259
0.256777
0.222286
0.186523
0.145928
0.103649
0.0697295
0.0381788
0.017039
0.00759761
0.00346502
0.00171661
0.00055631
0.000365575
0.000158946
6.35783e-05
1.58946e-05
0
0
0
0
0
0
0
0
0
0
0
0
0
0
0
