0.0135899
0.00452995
0.00494321
0.00653267
0.00853539
0.0114282
0.0153859
0.0190894
0.0269731
0.0337442
0.0359535
0.0374476
0.0361284
0.033919
0.0288804
0.0245889
0.018692
0.0166734
0.0147025
0.0131289
0.0117461
0.0123342
0.0116825
0.0109673
0.00991821
0.00859896
0.00794729
0.00715256
0.00767708
0.00729561
0.00669161
0.00670751
0.00637372
0.00681877
0.00664393
0.00573794
0.00618299
0.00543594
0.00557899
0.00489553
0.00545184
0.00553131
0.00591278
0.00554721
0.00589689
0.00513395
0.00500679
0.00603994
0.0052611
0.00532468
0.00483195
0.00567436
0.00572205
0.00551542
0.00507037
0.00542005
0.00592868
0.00576973
0.00572205
0.00632604
0.00553131
0.00551542
0.00594457
0.00562668
0.00603994
0.00537237
0.00570615
0.00637372
0.0067234
0.00600815
0.00580152
0.00631015
0.0064532
0.00654856
0.00658035
0.00686646
0.00712077
0.00727971
0.00866254
0.00902812
0.0102043
0.0110944
0.013113
0.0164986
0.0231584
0.0331243
0.0473499
0.0694434
0.0992139
0.135883
0.179068
0.227245
0.280841
0.338554
0.405407
0.463613
0.536394
0.600831
0.658592
0.707626
0.749
0.778135
0.785859
0.809129
0.830301
0.844876
0.868797
0.910012
0.94409
0.993299
1.02935
1.06068
1.06715
1.09948
1.16604
1.25987
1.37928
1.50458
1.60295
1.694
1.78056
1.86094
1.9021
1.88622
1.85156
1.84264
1.88602
1.95608
2.05913
2.17603
2.29845
2.36726
2.43139
2.44679
2.45058
2.39312
2.28035
2.1349
1.98921
1.86788
1.78321
1.68049
1.63172
1.62093
1.66812
1.74348
1.81513
1.83148
1.83527
1.7952
1.80453
1.82157
1.85707
1.7958
1.59257
1.32532
1.04855
0.755596
0.511789
0.337251
0.2244
0.158993
0.116428
0.0829538
0.0614484
0.0471751
0.0384649
0.032711
0.0266393
0.0217438
0.0157833
0.0099659
0.00529289
0.00274976
0.00157356
0.000778834
0.000349681
0.000127157
9.53674e-05
1.58946e-05
4.76837e-05
4.76837e-05
0
0
0
0
0
0
0
0
0
0
0
0
0
0
0
0
0
0
0
0
0
0
0
0
0
0
0
0
0
0
0
0
0
0
0
0
0
0
0
0
0
0
0
0
0
0
0
0
0
0
0
0
0
0
0
0
0
0
0
0
0
0
0
0
0
0
0
0
0
0
0
0
0
0
