3.17891e-05
1.58946e-05
1.58946e-05
1.58946e-05
1.58946e-05
1.58946e-05
4.76837e-05
7.94729e-05
9.53674e-05
7.94729e-05
0.000158946
0.000143051
0.00017484
0.000254313
0.000524521
0.000588099
0.000683467
0.00112851
0.00119209
0.00136693
0.00195503
0.00222524
0.0023524
0.00255903
0.00341733
0.00373522
0.00371933
0.0044028
0.00460943
0.00446637
0.00561078
0.00596046
0.00669161
0.00707308
0.00740687
0.00812213
0.00777245
0.00831286
0.00855128
0.00872612
0.00974337
0.00893275
0.0093619
0.00934601
0.00934601
0.0096639
0.00921885
0.00923475
0.00953674
0.00953674
0.00915527
0.00912348
0.00953674
0.00912348
0.00885328
0.00866254
0.00863075
0.00824928
0.00837644
0.00756582
0.00816981
0.00772476
0.00743866
0.00681877
0.00754992
0.00721614
0.00707308
0.00688235
0.00642141
0.00623067
0.00631015
0.00642141
0.00675519
0.00640551
0.00658035
0.00634193
0.00602404
0.0064532
0.00583331
0.00629425
0.00677109
0.00656446
0.00600815
0.0058492
0.00667572
0.0067234
0.00688235
0.00600815
0.00632604
0.00592868
0.0058492
0.00580152
0.00529289
0.00618299
0.00592868
0.00505447
0.00500679
0.00529289
0.00452995
0.00448227
0.00486374
0.00476837
0.00398954
0.0043869
0.00429153
0.00481606
0.00480016
0.00422796
0.0049909
0.00452995
0.00470479
0.00480016
0.00475248
0.00510216
0.0049909
0.00475248
0.00513395
0.00543594
0.00513395
0.00505447
0.005277
0.00610352
0.00583331
0.00580152
0.00608762
0.00661214
0.00665983
0.00667572
0.0073274
0.0079155
0.00931422
0.0103156
0.013574
0.016737
0.0216802
0.0285625
0.0368754
0.048701
0.0683626
0.0916322
0.134484
0.197681
0.286118
0.396299
0.530863
0.660404
0.775353
0.884883
0.966851
1.03919
1.09224
1.11988
1.16817
1.1954
1.21231
1.24315
1.29673
1.41377
1.60273
1.81392
2.0236
2.22753
2.35305
2.39506
2.3386
2.24257
2.17174
2.14154
2.1321
2.06885
1.9691
1.83444
1.67977
1.57625
1.49802
1.44327
1.39979
1.34587
1.29894
1.25979
1.2269
1.19467
1.1394
1.114
1.09342
1.06058
1.04254
1.03359
1.03914
1.04055
1.04281
1.02998
1.01279
0.964499
0.903432
0.854301
0.835975
0.841618
0.832987
0.843557
0.8406
0.807873
0.783364
0.776275
0.736062
0.702286
0.674645
0.67091
0.645987
0.622098
0.60358
0.590324
0.586017
0.566562
0.539017
0.535917
0.53223
0.549459
0.562302
0.595427
0.643269
0.669495
0.670163
0.685279
0.725349
0.735474
0.756168
0.758664
0.745042
0.669543
0.575082
0.478633
0.38503
0.295369
0.234079
0.171455
0.119273
0.0676155
0.0322501
0.0141621
0.0061353
0.00357628
0.00225703
0.00125567
0.00100136
0.000969569
0.000715256
0.000508626
0.000333786
0.000206629
0.00017484
0.000158946
4.76837e-05
1.58946e-05
4.76837e-05
4.76837e-05
