0
0
0
0
0
0
1.58946e-05
1.58946e-05
1.58946e-05
4.76837e-05
3.17891e-05
0
1.58946e-05
4.76837e-05
9.53674e-05
0.000190735
0.000254313
0.000206629
0.000301997
0.000651677
0.000762939
0.000619888
0.000826518
0.00093778
0.00128746
0.00130335
0.00160535
0.00173251
0.00181198
0.00219345
0.00230471
0.00298818
0.00325839
0.00325839
0.00346502
0.00389417
0.00403722
0.00433922
0.00448227
0.00429153
0.00473658
0.00594457
0.00553131
0.00524521
0.00549952
0.00549952
0.00545184
0.00516574
0.00534058
0.00516574
0.00597636
0.00540415
0.0058492
0.00562668
0.00616709
0.0058651
0.00634193
0.00670751
0.00678698
0.00758171
0.00756582
0.00726382
0.00650088
0.00689824
0.0064373
0.00616709
0.00659625
0.00619888
0.00646909
0.00675519
0.00670751
0.00640551
0.0061512
0.00651677
0.00629425
0.00611941
0.00621478
0.00578562
0.00576973
0.00591278
0.0055631
0.00570615
0.00561078
0.00578562
0.00537237
0.00553131
0.00557899
0.00500679
0.00640551
0.00596046
0.00659625
0.00653267
0.00696182
0.00712077
0.0073115
0.00699361
0.00786781
0.00694593
0.0079155
0.00694593
0.00745455
0.00754992
0.00740687
0.00721614
0.00680288
0.00700951
0.00688235
0.00635783
0.00662804
0.00685056
0.00693003
0.00632604
0.00632604
0.00658035
0.00667572
0.00654856
0.00686646
0.00713666
0.00634193
0.0067393
0.00662804
0.00675519
0.00688235
0.00697772
0.00667572
0.0067234
0.00678698
0.0067234
0.00715256
0.00665983
0.00758171
0.00767708
0.00788371
0.00890096
0.0104268
0.0142415
0.0169754
0.0230312
0.0289758
0.0377337
0.0541687
0.0731627
0.111214
0.151793
0.213655
0.274467
0.342878
0.396474
0.432221
0.458479
0.472307
0.488043
0.510629
0.519657
0.538492
0.569042
0.619507
0.662438
0.711187
0.788244
0.881338
0.984573
1.10935
1.28228
1.47635
1.68951
1.86353
1.951
1.93518
1.81584
1.70274
1.63323
1.61599
1.60155
1.58463
1.525
1.48781
1.43716
1.40343
1.36646
1.33805
1.31251
1.28261
1.25694
1.20703
1.16876
1.14896
1.12363
1.14153
1.1524
1.19038
1.21455
1.21463
1.1543
1.09928
1.08461
1.07942
1.06169
1.08868
1.07482
1.05314
1.02248
1.01735
1.0098
1.00687
0.983318
0.972446
0.941483
0.928322
0.9154
0.91424
0.885868
0.883452
0.871229
0.885757
0.890843
0.897662
0.893259
0.871738
0.838232
0.818841
0.811434
0.815566
0.795905
0.769838
0.757011
0.759109
0.75585
0.743596
0.692558
0.655238
0.624434
0.605297
0.603787
0.594505
0.58163
0.580597
0.570679
0.549142
0.515556
0.49475
0.468715
0.45174
0.423717
0.387907
0.359488
0.335582
0.311502
0.292206
0.256236
0.221221
0.202243
0.171487
0.134357
0.103776
0.180165
