0
0
0
0
0
0
0
0
0
0
0
0
0
0
0
0
0
0
0
0
0
0
0
0
0
0
0
0
0
0
0
0
0
0
0
0
0
0
0
0
0
0
0
0
0
0
0
0
0
0
0
0
0
0
0
0
0
0
0
0
0
0
0
0
0
0
0
0
0
0
0
0
0
0
0
1.58946e-05
1.58946e-05
1.58946e-05
1.58946e-05
0
6.35783e-05
6.35783e-05
9.53674e-05
0.000127157
7.94729e-05
0.000254313
0.000254313
0.000301997
0.000524521
0.000445048
0.000524521
0.000603994
0.000905991
0.00108083
0.00152588
0.0014623
0.00136693
0.00182788
0.0017643
0.00171661
0.00136693
0.00155767
0.00144641
0.00171661
0.00173251
0.00158946
0.00171661
0.00187556
0.00212987
0.00276566
0.00279744
0.00314713
0.00324249
0.00414848
0.00464122
0.00530879
0.00599225
0.00688235
0.00724792
0.00872612
0.00923475
0.00915527
0.00960032
0.00964801
0.0100454
0.0104109
0.0100454
0.0100454
0.0110944
0.00985463
0.00940959
0.0100613
0.00961622
0.0102838
0.0101566
0.0113169
0.0107765
0.0107606
0.011762
0.013113
0.0142892
0.0166575
0.0193914
0.0220617
0.0251293
0.0292142
0.0343482
0.0414689
0.048701
0.0536283
0.0592709
0.0646432
0.0686169
0.0754992
0.0780423
0.085783
0.0954628
0.101948
0.106859
0.115935
0.127379
0.138489
0.150363
0.165447
0.174093
0.187922
0.195567
0.201575
0.208823
0.219886
0.22734
0.241677
0.263437
0.291093
0.330051
0.384839
0.456333
0.552495
0.667922
0.80142
0.936317
1.06742
1.17598
1.29612
1.39427
1.45446
1.49546
1.52524
1.5478
1.56229
1.53101
1.45343
1.35754
1.26119
1.15859
1.10761
1.09549
1.08277
1.05748
1.03129
1.01099
0.998386
0.978661
0.976372
0.975561
0.987848
0.961383
0.941277
0.896899
0.868813
0.843048
0.822337
0.800149
0.790151
0.783825
0.769186
0.748523
0.739018
0.732978
0.73266
0.721916
0.696754
0.683467
0.676028
0.656462
0.655254
0.648197
0.650787
0.666412
0.679016
0.664949
0.645844
0.657797
0.659164
0.657272
0.689252
0.745853
0.800149
0.86271
0.888554
0.894308
0.898027
0.953817
1.02568
1.06918
1.07547
1.07635
1.06487
1.02949
0.950925
0.945059
0.972414
1.01132
1.06465
1.18882
20.3894
