0
0
0
0
0
0
0
0
0
0
0
0
0
0
0
0
0
0
0
0
0
0
0
0
0
0
0
0
0
0
0
0
0
0
0
0
0
0
0
0
0
0
0
0
0
0
0
0
0
0
0
0
0
0
0
0
0
0
0
0
0
0
0
0
0
0
0
0
0
0
0
0
0
0
0
0
0
0
0
0
0
0
0
0
0
0
0
0
0
0
0
0
0
0
1.58946e-05
0
0
1.58946e-05
1.58946e-05
1.58946e-05
4.76837e-05
1.58946e-05
7.94729e-05
0.00017484
0.000270208
0.000603994
0.000508626
0.000858307
0.00111262
0.00154177
0.0017484
0.00208219
0.00301997
0.00354449
0.00441869
0.00505447
0.00603994
0.00716845
0.00890096
0.0103951
0.012207
0.0129064
0.0142892
0.0153542
0.0162919
0.0173728
0.0179609
0.0179132
0.0178496
0.018851
0.0186602
0.0175158
0.0179927
0.0190258
0.0185331
0.0196775
0.0193437
0.020504
0.0235081
0.0255267
0.0281652
0.0319958
0.0353813
0.0411352
0.0483831
0.0566641
0.0665029
0.0823339
0.098896
0.122547
0.145499
0.166957
0.19145
0.21143
0.231489
0.243092
0.268539
0.299533
0.343561
0.397698
0.471528
0.54671
0.615025
0.688903
0.770171
0.851027
0.939767
1.00598
1.05166
1.07107
1.08997
1.11817
1.1632
1.21573
1.26244
1.2785
1.28387
1.26953
1.26427
1.25891
1.22995
1.21458
1.18119
1.19621
1.22363
1.23598
1.27829
1.34015
1.3985
1.45275
1.50841
1.568
1.62161
1.63064
1.60507
1.58922
1.5986
1.59426
1.56824
1.56932
1.55854
1.59095
1.61767
1.62841
1.62594
1.61106
1.57468
1.55373
1.48598
1.4116
1.32947
1.28096
1.22229
1.1703
1.10563
1.05821
0.994031
0.944551
0.876602
0.812594
0.752592
0.715462
0.688521
0.666269
0.632795
0.601578
0.566212
0.531737
0.506973
0.469462
0.452614
0.436878
0.42429
0.406059
0.367117
0.340907
0.326761
0.31999
0.310342
0.302935
0.298373
0.287533
0.287135
0.294447
0.303793
0.298834
0.300328
0.311979
0.328334
0.344229
0.348981
0.346438
0.34674
0.344594
0.359885
6.57449
