0
0
0
0
0
0
0
0
0
0
0
0
0
0
0
0
0
0
0
0
0
0
0
0
0
0
0
0
0
0
0
0
0
0
0
0
0
0
0
0
0
0
0
0
0
0
0
0
0
0
0
0
0
0
0
6.35783e-05
0.000111262
0.000301997
0.000270208
0.000143051
0.000222524
0.000333786
0.000301997
0.000699361
0.00055631
0.000635783
0.000667572
0.000858307
0.000667572
0.000810623
0.000699361
0.00073115
0.000683467
0.000476837
0.000445048
0.000508626
0.000508626
0.000445048
0.000270208
0.000365575
0.000238419
0.000238419
0.000270208
0.000333786
0.000301997
0.000365575
0.000349681
0.000365575
0.000286102
0.000254313
0.000365575
0.000270208
0.000413259
0.000492732
0.000651677
0.000667572
0.000651677
0.00127157
0.00179609
0.00249545
0.0037988
0.00481606
0.00658035
0.00804265
0.00982285
0.0118256
0.0151634
0.0156403
0.0166575
0.0180244
0.0200907
0.0202497
0.021251
0.0204404
0.0224908
0.022459
0.0238419
0.0251293
0.0260035
0.0285308
0.0305335
0.0311534
0.0336329
0.0332197
0.0347137
0.0378291
0.0381947
0.0411987
0.0445525
0.0451088
0.0495434
0.0548204
0.0583649
0.063769
0.0698566
0.0761191
0.081857
0.0897725
0.0960509
0.107924
0.117858
0.131496
0.146087
0.170263
0.197156
0.229915
0.269302
0.323566
0.367181
0.407298
0.439962
0.459385
0.466855
0.465759
0.470304
0.465091
0.478713
0.50834
0.561142
0.627232
0.695149
0.740767
0.776434
0.784699
0.78303
0.784111
0.783205
0.773223
0.74838
0.721661
0.712697
0.732867
0.768582
0.808636
0.849771
0.879399
0.893116
0.924635
0.948588
0.962623
0.978931
0.995684
1.02196
1.06365
1.10281
1.11198
1.11028
1.09898
1.09344
1.08919
1.11462
1.14371
1.16584
1.15097
1.12694
1.11879
1.12093
1.13327
1.16277
1.185
1.18742
1.16782
1.15023
1.1456
1.12988
1.0949
1.04852
0.988229
0.935841
0.90181
0.889969
0.889254
0.8962
0.902192
0.945648
0.955772
0.95973
0.941435
0.902939
0.850916
0.822973
0.825326
0.823482
0.820669
0.826581
0.821145
0.812022
0.809018
0.813103
0.797526
0.812753
0.828727
0.837437
0.82008
0.782951
0.736014
0.676409
0.634972
0.61938
0.605758
0.588083
0.55906
0.529401
0.495434
0.490983
0.493288
0.495704
0.508483
0.518338
0.522105
0.53827
0.569741
0.595331
0.608269
0.623814
9.50591
