0
0
0
0
1.58946e-05
3.17891e-05
0.000111262
0.000270208
0.000445048
0.000699361
0.0014623
0.00247955
0.00429153
0.00662804
0.00960032
0.0140985
0.0191689
0.0231107
0.0293096
0.0321229
0.0355562
0.0329653
0.0323137
0.0279109
0.0252883
0.0215213
0.019296
0.0170549
0.0165304
0.0141621
0.013113
0.0121752
0.0116984
0.0127792
0.0131766
0.0132879
0.014019
0.0128269
0.0125408
0.0117779
0.0109514
0.0102202
0.00972748
0.00999769
0.00863075
0.00780423
0.00758171
0.00801086
0.00739098
0.0067234
0.00618299
0.00591278
0.00605583
0.00616709
0.00596046
0.00634193
0.00619888
0.00623067
0.00603994
0.00534058
0.00561078
0.00534058
0.00578562
0.00569026
0.00543594
0.00510216
0.00591278
0.00545184
0.00589689
0.00610352
0.00561078
0.0058651
0.00602404
0.00522931
0.00581741
0.00573794
0.00596046
0.00597636
0.00642141
0.00594457
0.00605583
0.00678698
0.0067393
0.00662804
0.00721614
0.00680288
0.00685056
0.00837644
0.00863075
0.00940959
0.0109514
0.0123978
0.0156085
0.0184536
0.0230153
0.0291824
0.0356038
0.0422637
0.0507673
0.0600656
0.0727018
0.0873566
0.103458
0.122261
0.143671
0.163031
0.184202
0.20655
0.224495
0.247129
0.261354
0.27914
0.288105
0.297006
0.308466
0.327444
0.360807
0.414975
0.470686
0.546106
0.605154
0.662184
0.696977
0.740687
0.764147
0.788085
0.817267
0.867907
0.894451
0.906197
0.913509
0.921917
0.937398
0.968266
1.01329
1.07395
1.14015
1.20861
1.23618
1.26452
1.27516
1.26557
1.26136
1.24912
1.25558
1.25798
1.24404
1.23785
1.21794
1.18303
1.14676
1.10869
1.08604
1.05656
1.03199
1.00109
0.964228
0.961955
0.961558
0.956408
0.938114
0.92837
0.929387
0.930897
0.935888
0.95981
0.949574
0.919644
0.871372
0.805712
0.777801
0.793187
0.822751
0.856034
0.871404
0.859626
0.842047
0.820621
0.827837
0.854921
0.905212
0.94463
0.999165
1.05712
1.06688
1.01805
0.963275
0.944519
0.949637
0.958459
0.989739
1.03928
1.04809
1.02514
0.971286
0.927718
0.909201
0.918627
0.954135
0.962146
0.934458
0.885057
0.839535
0.797526
0.726461
0.650597
0.60215
0.55898
0.50772
0.446335
0.394821
0.357501
0.33439
0.316366
0.292921
0.268857
0.23284
0.211191
0.204484
0.196171
0.182978
0.1791
0.169452
0.156959
0.148217
0.145292
0.138315
0.132418
0.125869
0.123358
0.120576
0.117922
0.114997
0.108528
0.10136
0.0993411
0.0981013
0.0964642
0.0976086
0.0883897
0.0834465
0.0773907
0.0738144
0.0776927
0.0770092
0.0714143
0.0664711
0.0667095
0.0715256
0.0789165
0.0811577
0.0801404
0.075531
0.112549
0.0863393
2.06825
