0
0
0
0
0
0
0
0
0
0
0
0
0
0
0
0
1.58946e-05
0
0
1.58946e-05
6.35783e-05
6.35783e-05
0.000127157
0.000222524
0.000365575
0.000778834
0.0014782
0.00244776
0.00370344
0.00481606
0.00691414
0.00921885
0.0113805
0.0116507
0.0131289
0.0142097
0.014782
0.0140667
0.0141621
0.0138919
0.0147184
0.0142733
0.014178
0.015974
0.0156244
0.0173569
0.0165145
0.0154495
0.0152906
0.0138919
0.014782
0.0146866
0.0148137
0.0142733
0.0153383
0.0166098
0.0174205
0.0176271
0.017341
0.0190576
0.0173887
0.0189781
0.0173251
0.0158946
0.0140826
0.0141939
0.0126998
0.0113646
0.010697
0.0100454
0.0087897
0.00869433
0.00780423
0.0076135
0.0081857
0.00770887
0.00747045
0.0073274
0.0073115
0.00697772
0.00740687
0.00683467
0.00708898
0.00683467
0.00670751
0.0064373
0.00596046
0.00772476
0.00661214
0.00724792
0.00727971
0.00756582
0.00637372
0.00693003
0.0073274
0.00664393
0.00751813
0.00713666
0.0070254
0.00824928
0.00696182
0.00769297
0.00754992
0.00758171
0.00872612
0.00770887
0.00801086
0.00815392
0.00847181
0.00780423
0.00828107
0.00810623
0.00925064
0.0093778
0.00929832
0.0100454
0.0109037
0.0128269
0.0148932
0.0179927
0.0222524
0.0305653
0.0404835
0.0530084
0.069507
0.0930786
0.122595
0.155306
0.192006
0.230312
0.265869
0.28793
0.305112
0.313616
0.310135
0.306082
0.31236
0.330067
0.352478
0.392787
0.43567
0.47884
0.521469
0.548506
0.576671
0.599909
0.612577
0.632334
0.633558
0.636673
0.630156
0.632191
0.622098
0.60784
0.594219
0.624704
0.662518
0.688473
0.717815
0.734822
0.773589
0.823895
0.88671
0.962432
1.03798
1.12391
1.20168
1.23795
1.25877
1.24195
1.23331
1.22833
1.22259
1.21668
1.20139
1.17871
1.17591
1.15887
1.14156
1.14255
1.15515
1.14307
1.13618
1.1054
1.08151
1.05446
1.01768
0.993649
0.965055
0.962448
0.966406
0.976133
0.992441
1.00725
0.992155
0.964435
0.936524
0.929165
0.940752
0.961447
0.972144
0.970761
0.938034
0.916274
0.91184
0.881243
0.844622
0.819047
0.814199
0.803328
0.802088
0.780376
0.77281
0.784874
0.808827
0.831652
0.843175
0.841856
0.813071
0.80417
0.78125
0.746934
0.722059
0.721184
0.703382
0.697247
0.681464
0.664218
0.645701
0.627629
0.585667
0.53277
0.492287
0.488695
0.478919
0.470352
0.468222
0.465393
0.445541
0.4275
0.416231
0.420841
0.425259
0.422128
0.424401
0.428073
0.432666
0.429932
0.44686
0.452534
0.424894
0.410318
0.397031
0.386985
0.369008
4.80151
