0
0
0
0
0
0
0
0
0
0
1.58946e-05
1.58946e-05
7.94729e-05
6.35783e-05
0.000190735
0.000603994
0.000778834
0.00136693
0.00254313
0.00427564
0.00610352
0.00880559
0.0126203
0.0146071
0.0183264
0.0202497
0.0210921
0.0221729
0.0221252
0.0216325
0.0207901
0.0180086
0.0185649
0.0163873
0.015831
0.0144641
0.0141939
0.0130335
0.0123819
0.0113328
0.0112375
0.0113328
0.0115395
0.0101884
0.0096639
0.00910759
0.00829697
0.00885328
0.0093778
0.00839233
0.00837644
0.00810623
0.00780423
0.00734329
0.00780423
0.00726382
0.00677109
0.00705719
0.0081857
0.00747045
0.00696182
0.0067393
0.00635783
0.00688235
0.00735919
0.0061353
0.00616709
0.00651677
0.00605583
0.00592868
0.00589689
0.0058492
0.00588099
0.00659625
0.00549952
0.00573794
0.00600815
0.00542005
0.00596046
0.00503858
0.00545184
0.00549952
0.00494321
0.00538826
0.00557899
0.00538826
0.00530879
0.00572205
0.00559489
0.00522931
0.00529289
0.00538826
0.00549952
0.00521342
0.00522931
0.00518163
0.00564257
0.00540415
0.00529289
0.00553131
0.00553131
0.00583331
0.00572205
0.00546773
0.00588099
0.00623067
0.00608762
0.00656446
0.00640551
0.00726382
0.00745455
0.00721614
0.00693003
0.00778834
0.00804265
0.00828107
0.00804265
0.00802676
0.00925064
0.0101725
0.0100295
0.0117143
0.0128587
0.0145117
0.0202656
0.0247002
0.0363191
0.0541846
0.0843048
0.125186
0.172838
0.23613
0.297451
0.358089
0.408347
0.465027
0.497627
0.527445
0.567389
0.6073
0.642999
0.690635
0.733248
0.768344
0.813389
0.857608
0.88954
0.933282
0.977405
0.997718
1.02827
1.04407
1.05667
1.06913
1.08376
1.07729
1.09247
1.10075
1.14996
1.18581
1.25564
1.30936
1.37442
1.41625
1.47947
1.53516
1.59535
1.6297
1.63816
1.58879
1.5216
1.47114
1.47541
1.51412
1.53317
1.53799
1.52411
1.49105
1.44345
1.39815
1.33815
1.30901
1.26964
1.24613
1.20473
1.15819
1.10947
1.07759
1.04715
1.05241
1.07578
1.10375
1.11335
1.07406
1.02887
0.971444
0.946871
0.916481
0.902748
0.906563
0.894674
0.873518
0.872437
0.861247
0.814072
0.77219
0.753307
0.720962
0.692908
0.656891
0.636768
0.622845
0.618776
0.61361
0.617377
0.616614
0.589514
0.574684
0.563892
0.567595
0.54512
0.519911
0.496801
0.504287
0.525475
0.529925
0.510311
0.50292
0.502888
0.481908
0.459258
0.434351
0.418409
0.382837
0.351143
0.323709
0.299342
0.266711
0.237211
0.219854
0.208616
0.201193
0.192324
0.18185
0.166782
0.14418
0.11611
0.0786304
0.043265
0.0191689
0.00697772
0.00333786
0.00144641
0.000762939
0.000158946
0.000190735
