1.58946e-05
4.76837e-05
1.58946e-05
6.35783e-05
0.000111262
0.000460943
0.00108083
0.00208219
0.00348091
0.00653267
0.0115077
0.0165304
0.0238101
0.0293732
0.0350475
0.0363032
0.032711
0.0274499
0.0251293
0.0216643
0.0196457
0.0177383
0.0165145
0.0144482
0.0126362
0.0107129
0.0102679
0.00934601
0.00845591
0.00875791
0.00836054
0.00853539
0.00836054
0.00745455
0.00632604
0.00592868
0.00564257
0.00596046
0.00599225
0.00640551
0.00576973
0.00629425
0.00624657
0.00557899
0.00580152
0.0058492
0.00522931
0.00516574
0.00459353
0.00518163
0.00459353
0.00524521
0.00532468
0.00532468
0.00508626
0.00570615
0.00519753
0.00470479
0.00489553
0.0046889
0.00470479
0.00403722
0.00433922
0.00475248
0.00478427
0.00475248
0.00464122
0.00500679
0.00507037
0.00454585
0.00475248
0.00476837
0.0043869
0.00532468
0.0044028
0.00451406
0.004673
0.00441869
0.004673
0.00470479
0.00530879
0.00454585
0.00507037
0.0046889
0.00548363
0.00521342
0.00481606
0.0049909
0.00486374
0.00473658
0.00532468
0.00511805
0.00516574
0.00516574
0.00591278
0.0052611
0.00549952
0.00505447
0.0058651
0.00538826
0.00635783
0.00603994
0.00603994
0.00631015
0.00607173
0.00608762
0.00658035
0.00665983
0.00665983
0.00664393
0.00716845
0.00770887
0.00796318
0.00847181
0.00918706
0.00974337
0.0106335
0.0105222
0.0122865
0.0138124
0.0188828
0.025479
0.0351906
0.0540415
0.0857353
0.142415
0.22645
0.351508
0.515366
0.686566
0.860055
1.01202
1.14913
1.26108
1.36375
1.4303
1.49593
1.56126
1.63118
1.72588
1.82686
1.91266
2.01141
2.09243
2.20079
2.28259
2.37042
2.38687
2.40561
2.41586
2.37637
2.30103
2.23422
2.18158
2.15934
2.12517
2.09109
2.05663
2.02154
2.00205
2.001
2.00125
1.98782
1.897
1.75851
1.63916
1.5504
1.4854
1.42763
1.38189
1.35299
1.29766
1.24373
1.17168
1.09948
1.04554
1.01112
0.971301
0.947714
0.917943
0.889317
0.852887
0.838423
0.812165
0.803852
0.796382
0.784381
0.795301
0.810671
0.823577
0.804249
0.718101
0.613689
0.491381
0.363016
0.259415
0.164255
0.0907898
0.0419299
0.0189463
0.00797908
0.00367165
0.00259082
0.00106494
0.000540415
0.000158946
0.000143051
6.35783e-05
1.58946e-05
0
0
0
0
0
0
0
0
0
0
0
0
0
0
0
0
0
0
0
0
0
0
0
0
0
0
0
0
0
0
0
0
0
0
0
0
0
0
0
0
0
0
0
0
0
0
0
