0
0
0
1.58946e-05
0
0
1.58946e-05
3.17891e-05
1.58946e-05
4.76837e-05
0.000111262
0.000127157
0.000111262
0.000238419
0.000429153
0.000619888
0.000842412
0.00150998
0.00187556
0.00255903
0.00279744
0.00367165
0.00435511
0.00503858
0.00575384
0.00659625
0.00764529
0.00912348
0.00956853
0.0104109
0.01146
0.0122229
0.0121593
0.0131448
0.0117461
0.0123819
0.0108083
0.0123183
0.0113169
0.010856
0.0107288
0.0101566
0.0093778
0.00940959
0.00883738
0.00847181
0.00762939
0.0078996
0.00824928
0.00743866
0.00726382
0.00667572
0.00634193
0.00654856
0.00530879
0.00549952
0.00511805
0.00514984
0.00510216
0.00476837
0.00491142
0.00475248
0.00435511
0.00443459
0.00451406
0.00418027
0.00376701
0.00460943
0.00402133
0.00329018
0.00391006
0.00405312
0.00391006
0.00389417
0.00348091
0.00373522
0.00367165
0.00362396
0.00333786
0.00305176
0.00354449
0.0032266
0.00378291
0.00354449
0.00344912
0.00325839
0.00300407
0.00317891
0.00378291
0.00327428
0.00306765
0.00295639
0.00311534
0.00365575
0.00357628
0.00309944
0.00338554
0.00329018
0.00340144
0.00338554
0.00344912
0.00357628
0.0032107
0.00316302
0.00340144
0.0032107
0.00370344
0.0032266
0.00344912
0.00387828
0.00371933
0.00332197
0.00391006
0.00370344
0.00362396
0.0038147
0.00397364
0.00402133
0.00424385
0.00392596
0.00356038
0.00383059
0.00406901
0.00445048
0.0041008
0.0041008
0.00445048
0.00460943
0.00406901
0.00465711
0.00452995
0.00476837
0.00508626
0.00494321
0.0058492
0.00542005
0.00548363
0.00537237
0.00583331
0.00616709
0.00621478
0.00610352
0.0064532
0.00661214
0.00661214
0.00688235
0.0070254
0.00734329
0.00653267
0.00654856
0.00716845
0.00694593
0.00667572
0.00742277
0.00634193
0.00680288
0.00713666
0.00658035
0.00726382
0.00751813
0.00683467
0.00788371
0.0081857
0.00942548
0.0108719
0.014178
0.0181993
0.0242869
0.0324408
0.0423749
0.0537395
0.07116
0.0969251
0.126346
0.182072
0.270542
0.416438
0.647465
0.99767
1.50369
2.2539
3.28256
4.75793
6.70004
8.96556
10.9477
11.6836
10.7054
8.55823
6.26167
4.48097
3.29734
2.53154
2.02703
1.68099
1.41411
1.17914
0.996129
0.827837
0.662343
0.491206
0.33501
0.218217
0.14534
0.0993411
0.0678221
0.0430584
0.02443
0.0124613
0.0070413
0.00398954
0.00297228
0.00193914
0.00130335
0.000905991
0.000540415
0.000397364
0.000413259
0.000143051
7.94729e-05
7.94729e-05
3.17891e-05
1.58946e-05
4.76837e-05
1.58946e-05
1.58946e-05
1.58946e-05
0
0
0
0
0
0
0
0
0
0
0
0
0
0
0
0
0
0
0
0
0
0
0
0
0
0
0
0
0
