0.00530879
0.000476837
0.000874201
0.000619888
0.000699361
0.000905991
0.000826518
0.00111262
0.00109673
0.00112851
0.00138283
0.00141462
0.00158946
0.00171661
0.00212987
0.00219345
0.00257492
0.00267029
0.00311534
0.0032107
0.00395775
0.00394185
0.00476837
0.00487963
0.00535647
0.00653267
0.00694593
0.00743866
0.00866254
0.00809034
0.0102838
0.00982285
0.0104268
0.0111103
0.0110149
0.0117302
0.0121911
0.0120004
0.0122388
0.0122706
0.0124772
0.0130971
0.0123024
0.0121435
0.0120481
0.0116666
0.0120481
0.011905
0.0108242
0.0115395
0.0113169
0.0107765
0.0105381
0.0105063
0.00960032
0.0096639
0.00904401
0.00816981
0.00828107
0.00774066
0.00775655
0.00799497
0.00745455
0.0076135
0.0073274
0.00685056
0.0067234
0.00596046
0.00688235
0.00651677
0.00597636
0.00634193
0.00596046
0.00599225
0.00549952
0.00564257
0.00581741
0.00542005
0.00518163
0.00519753
0.00564257
0.00546773
0.00540415
0.00534058
0.00538826
0.00534058
0.00591278
0.0049909
0.00557899
0.00502268
0.0052611
0.0055631
0.0052611
0.00529289
0.00543594
0.00599225
0.00570615
0.00572205
0.00632604
0.0061353
0.00605583
0.00662804
0.00608762
0.0067393
0.00696182
0.00680288
0.00685056
0.00712077
0.00751813
0.00729561
0.00739098
0.00807444
0.00828107
0.00801086
0.0090758
0.00867844
0.00858307
0.00929832
0.00899633
0.00963211
0.00925064
0.0100454
0.0106017
0.0103315
0.0110308
0.0109673
0.0120958
0.0139078
0.013574
0.0169277
0.0217756
0.0289122
0.0457764
0.0743071
0.127157
0.20504
0.331068
0.51233
0.748444
1.02921
1.36987
1.71809
2.17288
2.68021
3.28048
3.81122
4.27
4.39059
4.17428
3.74635
3.25915
2.80128
2.36014
2.01634
1.77528
1.60117
1.50971
1.45963
1.39337
1.34312
1.28028
1.24408
1.22097
1.21627
1.2001
1.1515
1.09032
1.01956
0.974512
0.942357
0.932344
0.923697
0.887998
0.842269
0.777817
0.699854
0.631634
0.55542
0.486342
0.429694
0.389417
0.355132
0.34008
0.325839
0.320387
0.315364
0.323137
0.341845
0.347932
0.358884
0.368945
0.373507
0.378354
0.380119
0.38681
0.397793
0.407998
0.42661
0.445461
0.455173
0.481971
0.502268
0.514269
0.513411
0.517368
0.526412
0.52824
0.507148
0.490983
0.479301
0.45317
0.402975
0.347884
0.314697
0.31031
0.315634
0.338872
0.363191
0.370439
0.356738
0.34647
0.326951
0.313552
0.314776
0.306622
0.308148
0.328382
0.358677
0.37171
0.392405
0.425895
0.472339
0.509739
0.566991
0.591723
0.615978
0.693448
0.73789
0.751797
0.644843
0.441376
0.21445
0.0819047
0.0213623
0.00770887
0.00459353
0.00411669
0.00394185
0.00383059
0.00383059
0.00329018
0.00279744
0.00240008
0.00255903
0.00282923
0.0463009
