1.58946e-05
0
0
1.58946e-05
1.58946e-05
0
0
0
3.17891e-05
4.76837e-05
0
3.17891e-05
0.000111262
4.76837e-05
0.000143051
0.000254313
0.000286102
0.000429153
0.00073115
0.000826518
0.00119209
0.00131925
0.00141462
0.00217756
0.00260671
0.00286102
0.00327428
0.0032107
0.00356038
0.00413259
0.00397364
0.00459353
0.00505447
0.0055631
0.00573794
0.00635783
0.00694593
0.0073274
0.00715256
0.00801086
0.00780423
0.00762939
0.00754992
0.0081857
0.00745455
0.0082016
0.00847181
0.0076135
0.00847181
0.00856717
0.00864665
0.00918706
0.00851949
0.0085036
0.00869433
0.00855128
0.00894864
0.00863075
0.00904401
0.00931422
0.00891685
0.0087738
0.00777245
0.00840823
0.00836054
0.00823339
0.00810623
0.00743866
0.00724792
0.00689824
0.00683467
0.00656446
0.00708898
0.00694593
0.00691414
0.00656446
0.00653267
0.00664393
0.00715256
0.00597636
0.00621478
0.00631015
0.0064532
0.00624657
0.00619888
0.00603994
0.00653267
0.00616709
0.00570615
0.0058492
0.00578562
0.00589689
0.00530879
0.00599225
0.00565847
0.00594457
0.00627836
0.0058651
0.0061512
0.00551542
0.00599225
0.00610352
0.00685056
0.00635783
0.0067234
0.00653267
0.00770887
0.00707308
0.00764529
0.00829697
0.00783602
0.00813802
0.00775655
0.00743866
0.00804265
0.0085036
0.00809034
0.0087738
0.00867844
0.00891685
0.00853539
0.00921885
0.0101884
0.00991821
0.0115554
0.012811
0.0173092
0.0218074
0.0305335
0.0411193
0.0577927
0.0830809
0.121975
0.177447
0.250753
0.338284
0.439072
0.53126
0.630617
0.727606
0.831302
0.934585
1.03143
1.16363
1.33006
1.51421
1.72633
1.96644
2.22589
2.44006
2.59266
2.63263
2.58625
2.49302
2.39806
2.29341
2.19927
2.06814
1.91838
1.76509
1.58752
1.40834
1.24524
1.11955
1.01633
0.922966
0.830777
0.745265
0.702063
0.704813
0.747871
0.810178
0.851266
0.896438
0.910489
0.914939
0.899076
0.894499
0.888713
0.889301
0.878032
0.861136
0.828822
0.8183
0.818539
0.826263
0.824881
0.821368
0.813993
0.798591
0.769806
0.749938
0.760953
0.764561
0.757853
0.748396
0.722106
0.684293
0.670973
0.657447
0.641759
0.618601
0.603708
0.57532
0.566308
0.543372
0.528828
0.517686
0.504939
0.491444
0.469939
0.449387
0.443459
0.436608
0.43486
0.430711
0.428581
0.421
0.405868
0.387128
0.36637
0.348584
0.324885
0.322119
0.331656
0.336552
0.351095
0.366735
0.38991
0.428836
0.439755
0.466092
0.47334
0.504096
0.527414
0.528495
0.516176
0.481717
0.445843
0.437625
0.452391
0.441869
0.403484
0.38449
0.365448
0.373745
0.39498
0.415246
0.457271
0.420475
0.343911
0.190528
0.100978
0.0516097
0.0174205
0.0193437
