3.17891e-05
0
0
0
3.17891e-05
9.53674e-05
3.17891e-05
6.35783e-05
0.000254313
0.000301997
0.000413259
0.000476837
0.000460943
0.000588099
0.000826518
0.00106494
0.00122388
0.00127157
0.00201861
0.00244776
0.00254313
0.00314713
0.00416438
0.00425975
0.00470479
0.005277
0.00446637
0.00573794
0.00607173
0.0061512
0.00675519
0.00716845
0.00735919
0.00858307
0.0103315
0.00988642
0.010252
0.0104904
0.0108083
0.0108719
0.0111421
0.0116984
0.0120163
0.0104586
0.0107924
0.0100136
0.0104268
0.0101725
0.0113328
0.0105222
0.0106494
0.00950495
0.00983874
0.0101884
0.00940959
0.0103315
0.0099659
0.00953674
0.00905991
0.0103792
0.00977516
0.00975927
0.00967979
0.010252
0.00993411
0.00982285
0.0101725
0.00980695
0.00910759
0.00953674
0.00948906
0.00901222
0.00923475
0.00967979
0.00844002
0.00832876
0.0084877
0.00826518
0.00863075
0.0079155
0.00807444
0.00845591
0.00807444
0.00758171
0.00759761
0.00751813
0.00793139
0.00740687
0.00799497
0.0076135
0.00762939
0.00699361
0.00770887
0.00739098
0.00700951
0.00770887
0.00754992
0.00772476
0.00767708
0.00826518
0.00837644
0.0082016
0.00828107
0.00952085
0.00964801
0.00901222
0.00974337
0.00942548
0.00925064
0.00993411
0.00988642
0.0108719
0.00967979
0.0106812
0.0103156
0.0107447
0.0106812
0.0121117
0.0122865
0.0138124
0.0160694
0.0192483
0.0243823
0.0316461
0.0430743
0.0614484
0.0824769
0.116793
0.161393
0.22049
0.278664
0.349808
0.419633
0.483561
0.524584
0.555722
0.585318
0.627359
0.683737
0.752417
0.840664
0.951751
1.07651
1.20349
1.35365
1.54204
1.69999
1.79998
1.84704
1.81481
1.7526
1.69504
1.66426
1.65976
1.66159
1.65248
1.64202
1.59465
1.53557
1.45941
1.38658
1.27479
1.16431
1.06182
0.987784
0.924953
0.848055
0.786193
0.761716
0.786241
0.838455
0.899553
0.925859
0.953086
0.973113
0.982428
1.00894
1.07328
1.13893
1.20341
1.24812
1.26355
1.25065
1.22515
1.21973
1.19308
1.16455
1.11949
1.09223
1.08916
1.10331
1.12848
1.14954
1.17056
1.19276
1.20385
1.23475
1.29568
1.35816
1.41942
1.42128
1.3992
1.36836
1.31857
1.23719
1.13039
1.00191
0.892003
0.801977
0.734774
0.701586
0.646162
0.576321
0.531356
0.488122
0.427405
0.375764
0.326745
0.300248
0.27914
0.25622
0.22459
0.192308
0.17031
0.15014
0.134166
0.118669
0.107193
0.0960191
0.0960668
0.0926654
0.092109
0.090313
0.0884851
0.0906308
0.0872771
0.0796318
0.0754833
0.0685851
0.0628789
0.0597
0.0543118
0.0353654
0.0213941
0.00683467
0.00241597
0.000619888
0.000397364
6.35783e-05
1.58946e-05
1.58946e-05
0
0
0
0
0
