0
0
0
0
0
0
0
0
0
0
0
0
0
0
0
0
0
0
0
1.58946e-05
1.58946e-05
0
0
1.58946e-05
3.17891e-05
4.76837e-05
0.000143051
6.35783e-05
3.17891e-05
0.00017484
0.000158946
0.000429153
0.000190735
0.000890096
0.000842412
0.00119209
0.0014623
0.00197093
0.00211398
0.00243187
0.00300407
0.00297228
0.0035127
0.00317891
0.00406901
0.00457764
0.00411669
0.00435511
0.00535647
0.00561078
0.00632604
0.00548363
0.00591278
0.00629425
0.0058651
0.0067234
0.00638962
0.00597636
0.00583331
0.00631015
0.00576973
0.00581741
0.00553131
0.00478427
0.00507037
0.00507037
0.00476837
0.00492732
0.0046889
0.00489553
0.00472069
0.00503858
0.00454585
0.00524521
0.0046889
0.00464122
0.00476837
0.00459353
0.00489553
0.00486374
0.00437101
0.00457764
0.00480016
0.00480016
0.00481606
0.00534058
0.00522931
0.00491142
0.00503858
0.00505447
0.00492732
0.00424385
0.00483195
0.00522931
0.00494321
0.00542005
0.00464122
0.00484784
0.00511805
0.00532468
0.00551542
0.00534058
0.0055631
0.00575384
0.00557899
0.00540415
0.00510216
0.00597636
0.00611941
0.00640551
0.00667572
0.00603994
0.00619888
0.0058492
0.00624657
0.00575384
0.00715256
0.00656446
0.00658035
0.00623067
0.00683467
0.00699361
0.00685056
0.00737508
0.00707308
0.0070254
0.00726382
0.00680288
0.00680288
0.00716845
0.00775655
0.00778834
0.00767708
0.00851949
0.00898043
0.0100772
0.0117779
0.014019
0.0161807
0.0198523
0.0239849
0.0308355
0.0389894
0.05126
0.0671705
0.0809669
0.107209
0.13423
0.171502
0.209713
0.249879
0.289249
0.324615
0.353781
0.381215
0.40582
0.443586
0.481049
0.531435
0.584666
0.630776
0.685994
0.736348
0.756645
0.775925
0.787369
0.791121
0.790326
0.784953
0.771856
0.788911
0.785716
0.769361
0.753085
0.747108
0.763448
0.786257
0.824293
0.841268
0.858784
0.873725
0.877666
0.896263
0.903606
0.90731
0.884994
0.882181
0.877078
0.877523
0.889778
0.906801
0.921043
0.918039
0.914145
0.944789
0.995461
1.07195
1.17687
1.23658
1.24178
1.20508
1.15865
1.12917
1.13085
1.13967
1.14371
1.14029
1.13715
1.13397
1.15873
1.19098
1.17882
1.15749
1.13651
1.12704
1.10192
1.08236
1.05359
1.03159
1.00687
0.996923
0.984732
0.955757
0.910902
0.897996
0.893434
0.898504
0.911204
0.904338
0.920248
0.9082
0.924667
0.931676
0.940386
0.901159
0.857623
0.842158
0.821733
0.832685
0.829633
0.831
0.789865
0.760412
0.801659
0.820096
0.818666
0.80843
0.795825
0.790087
0.752974
0.743326
0.69596
0.668017
0.662533
0.691128
7.7586
