0.000858307
0.000158946
0.000413259
0.000254313
0.000270208
0.000254313
0.000492732
0.000286102
0.000365575
0.000603994
0.000667572
0.000603994
0.000842412
0.000747045
0.000921885
0.000921885
0.00125567
0.000985463
0.00141462
0.00150998
0.00157356
0.00158946
0.00195503
0.00206629
0.00189145
0.00225703
0.00220935
0.00238419
0.00276566
0.00276566
0.0029246
0.00327428
0.00305176
0.00303586
0.00362396
0.00335375
0.00317891
0.00354449
0.00349681
0.00392596
0.0038147
0.00435511
0.00443459
0.00441869
0.00514984
0.00441869
0.00569026
0.00576973
0.00627836
0.00693003
0.00767708
0.00837644
0.00985463
0.0108878
0.0124296
0.0119686
0.0133038
0.0139236
0.0153701
0.0161648
0.0159264
0.0170867
0.0168324
0.0177224
0.0174363
0.0163078
0.0156403
0.0137488
0.0134786
0.0125408
0.0115395
0.0103792
0.0101407
0.00945727
0.00836054
0.00801086
0.0073274
0.00696182
0.00629425
0.0061353
0.00561078
0.00508626
0.005277
0.00540415
0.0049909
0.00489553
0.00473658
0.00475248
0.00400543
0.00446637
0.00413259
0.00424385
0.00387828
0.00416438
0.00395775
0.00362396
0.00387828
0.00367165
0.00357628
0.00373522
0.00384649
0.0038147
0.00343323
0.00327428
0.00348091
0.00352859
0.00422796
0.00352859
0.0044028
0.00346502
0.00329018
0.00338554
0.00365575
0.00392596
0.00354449
0.00319481
0.00356038
0.00391006
0.00411669
0.00422796
0.00437101
0.00384649
0.00446637
0.00422796
0.00405312
0.00416438
0.00432332
0.00421206
0.00395775
0.00435511
0.00448227
0.00454585
0.00403722
0.00427564
0.00481606
0.00398954
0.00486374
0.00451406
0.00437101
0.00473658
0.00432332
0.004975
0.00476837
0.00507037
0.00588099
0.00529289
0.00537237
0.00610352
0.00549952
0.00532468
0.00661214
0.00691414
0.00840823
0.00875791
0.00985463
0.0105699
0.010999
0.0121593
0.0127316
0.0143051
0.0159899
0.0179132
0.0187397
0.021108
0.0212034
0.0236352
0.0286102
0.0313918
0.0377019
0.0427246
0.048701
0.052913
0.0582854
0.0662327
0.0768344
0.0837326
0.0824293
0.0808875
0.0831763
0.0858625
0.0992298
0.111278
0.132004
0.14933
0.168753
0.194995
0.219313
0.264661
0.32498
0.407378
0.507943
0.604153
0.690524
0.750065
0.798686
0.822973
0.83011
0.855096
0.859451
0.871976
0.88528
0.898965
0.88102
0.876983
0.877937
0.918245
0.980568
1.05629
1.09143
1.10928
1.14166
1.17957
1.18815
1.18537
1.19629
1.20579
1.24421
1.26046
1.25802
1.25731
1.22482
1.20303
1.1802
1.19206
1.23777
1.3024
1.36879
1.41176
1.40875
1.38718
1.34985
1.37709
1.37908
1.37548
1.35967
1.39845
1.41441
1.43601
1.4726
1.53097
1.57949
1.66041
1.64598
1.73446
1.72386
1.74681
1.7818
1.81034
1.80953
1.71704
1.71275
1.57258
1.52486
1.49827
1.59837
14.6556
