0.00103315
0.000317891
0.000445048
0.000572205
0.000635783
0.00055631
0.000588099
0.000810623
0.00101725
0.00106494
0.00114441
0.00141462
0.00171661
0.00189145
0.00240008
0.0029246
0.0032107
0.00400543
0.00441869
0.004673
0.00699361
0.00796318
0.00995
0.0112375
0.013574
0.0152429
0.0170867
0.0179132
0.0176112
0.0187397
0.0193119
0.0192801
0.018692
0.0220458
0.021251
0.022157
0.0232538
0.0260512
0.0299931
0.0337124
0.0368277
0.0400384
0.0397046
0.0383059
0.0368118
0.0350157
0.0346979
0.0321865
0.029548
0.0277201
0.0260989
0.0246843
0.0225385
0.0201225
0.0184059
0.0163555
0.0151157
0.013717
0.0124137
0.01146
0.0101725
0.00983874
0.0087738
0.0084877
0.00720024
0.00720024
0.00772476
0.00710487
0.00724792
0.00677109
0.00677109
0.00681877
0.00689824
0.00637372
0.00631015
0.00632604
0.00650088
0.00688235
0.00665983
0.00656446
0.00618299
0.00629425
0.00693003
0.00665983
0.00662804
0.00699361
0.0067234
0.00705719
0.00686646
0.00681877
0.00705719
0.00751813
0.0070413
0.00716845
0.00751813
0.00826518
0.00726382
0.00834465
0.00785192
0.00824928
0.0081857
0.00874201
0.00945727
0.00828107
0.00815392
0.0085036
0.0087738
0.00847181
0.00896454
0.00963211
0.00945727
0.0100931
0.0101566
0.00991821
0.0105222
0.00969569
0.00983874
0.0103951
0.0103633
0.0109196
0.012366
0.0128428
0.0130812
0.0169595
0.0195026
0.0242233
0.03287
0.0457287
0.0626723
0.0773748
0.100597
0.122515
0.145642
0.191434
0.252628
0.322183
0.386349
0.472371
0.555086
0.647577
0.701952
0.708882
0.683991
0.626485
0.572443
0.521755
0.470146
0.434128
0.386747
0.355148
0.329479
0.312026
0.302394
0.295528
0.289313
0.294828
0.317351
0.345437
0.384553
0.435384
0.477823
0.523663
0.578531
0.586494
0.57559
0.541973
0.497723
0.475089
0.457541
0.434748
0.413259
0.396125
0.388527
0.382121
0.380929
0.373252
0.364685
0.349712
0.336345
0.329145
0.323915
0.321277
0.332991
0.350602
0.370852
0.396649
0.439374
0.469208
0.496133
0.50931
0.535568
0.564241
0.602388
0.639598
0.684675
0.726064
0.76383
0.809272
0.873264
0.921726
0.975863
1.06211
1.11534
1.15366
1.15455
1.13564
1.08231
1.04864
1.03858
1.03706
1.03176
1.0115
0.987514
0.976928
0.974878
0.95404
0.93902
0.923189
0.896502
0.891399
0.879288
0.885502
0.889254
0.872739
0.868384
0.858005
0.839535
0.823609
0.837676
0.851488
0.847864
0.828807
0.830603
0.848866
0.88129
0.937859
0.976038
1.01493
1.06153
1.08619
1.14272
1.17493
1.14894
1.14539
1.08759
1.0898
1.08209
1.10183
1.1243
1.10529
1.11949
1.08717
1.06452
1.02798
1.02334
11.4712
