0.000190735
9.53674e-05
0.000190735
0.000413259
0.000270208
0.000333786
0.000524521
0.000572205
0.000858307
0.00127157
0.0011762
0.00182788
0.00182788
0.00220935
0.00255903
0.00311534
0.00346502
0.00314713
0.00376701
0.00402133
0.00411669
0.00462532
0.00472069
0.00546773
0.00489553
0.00599225
0.00543594
0.00635783
0.0070413
0.00742277
0.00821749
0.00844002
0.0103315
0.0116348
0.0134309
0.0143528
0.0162601
0.0178496
0.0181675
0.0194391
0.0193755
0.0187715
0.0177066
0.0193437
0.0180403
0.0170231
0.0179768
0.0160376
0.0170072
0.017945
0.01839
0.0175317
0.0169913
0.0155926
0.0135899
0.0135422
0.0132402
0.0125249
0.0109831
0.0106017
0.00871023
0.00775655
0.00727971
0.00688235
0.00611941
0.00683467
0.00635783
0.00559489
0.00565847
0.00530879
0.0046889
0.00473658
0.00484784
0.00472069
0.0043869
0.00483195
0.00424385
0.0044028
0.00459353
0.0044028
0.00427564
0.00521342
0.00454585
0.00449816
0.00470479
0.00400543
0.00449816
0.00452995
0.00424385
0.00422796
0.00486374
0.00483195
0.00433922
0.00470479
0.00487963
0.00513395
0.00449816
0.00459353
0.00476837
0.00473658
0.00491142
0.00540415
0.00500679
0.00516574
0.00502268
0.00561078
0.00535647
0.00578562
0.00551542
0.00565847
0.0058492
0.00600815
0.00608762
0.00561078
0.00685056
0.00603994
0.00653267
0.00686646
0.00799497
0.00842412
0.00983874
0.01146
0.0141621
0.0180244
0.0251134
0.0357151
0.0458876
0.0573317
0.0667572
0.0752608
0.0818888
0.0824769
0.0806014
0.0783126
0.0699838
0.0640869
0.0596523
0.06272
0.063928
0.065883
0.066487
0.0649293
0.0619253
0.0583649
0.0590165
0.0593821
0.0624498
0.0698407
0.0738621
0.0831604
0.0949224
0.109704
0.116142
0.12447
0.134103
0.146643
0.156975
0.168546
0.188446
0.209332
0.226212
0.241375
0.245953
0.259574
0.275183
0.285991
0.306177
0.32889
0.348568
0.352589
0.365162
0.364526
0.385316
0.415834
0.438166
0.480493
0.521882
0.576433
0.655063
0.773239
0.869226
0.96941
1.02153
1.05108
1.04424
1.02332
1.0197
1.01194
0.99171
1.03176
1.11864
1.19567
1.2437
1.28795
1.27867
1.29072
1.30666
1.29261
1.26567
1.23746
1.19464
1.15376
1.09946
1.0451
1.02816
0.998163
0.962162
0.905132
0.854301
0.820255
0.794872
0.788434
0.788323
0.767851
0.783062
0.822465
0.867462
0.895723
0.893132
0.869783
0.852124
0.841824
0.838216
0.845496
0.882562
0.922839
0.962305
1.02159
1.12853
1.2184
1.2924
1.35503
1.38715
1.3344
1.25031
1.28791
1.35504
1.36992
1.43348
1.52469
1.56827
1.56056
1.45019
1.39441
1.2602
1.16111
1.09073
1.04739
1.04985
0.999562
0.954866
0.815376
0.700967
0.588115
0.534455
7.93899
