0.00507037
0.00154177
0.00203451
0.00195503
0.00286102
0.00375112
0.0052611
0.0064373
0.00828107
0.0123183
0.015672
0.0216961
0.0297228
0.0371615
0.0421524
0.0465393
0.0499566
0.0484308
0.0489712
0.0460466
0.0475566
0.0471751
0.0469526
0.0454585
0.0408649
0.0380357
0.0318686
0.0266393
0.0228405
0.0179927
0.0154813
0.0138283
0.0126521
0.0105858
0.00983874
0.00921885
0.00858307
0.00762939
0.00713666
0.00659625
0.00675519
0.00627836
0.00705719
0.00642141
0.00607173
0.00575384
0.00619888
0.00557899
0.00518163
0.00565847
0.00576973
0.0058492
0.00602404
0.0058651
0.0061353
0.0067234
0.00580152
0.00654856
0.00665983
0.00646909
0.00634193
0.0067234
0.00737508
0.00716845
0.00727971
0.00694593
0.00770887
0.00756582
0.00764529
0.00786781
0.00815392
0.0082016
0.00882149
0.00872612
0.00953674
0.00902812
0.0100454
0.00939369
0.00999769
0.0107288
0.0104586
0.0101566
0.0121117
0.0117779
0.0138601
0.0153224
0.0192165
0.0218709
0.0270844
0.0336011
0.0470002
0.0634988
0.0919978
0.121737
0.150792
0.180276
0.210174
0.238848
0.255553
0.266234
0.278568
0.293112
0.317685
0.343911
0.379912
0.418838
0.46107
0.490141
0.511408
0.514142
0.513999
0.516287
0.515032
0.529734
0.537284
0.555515
0.586287
0.59948
0.621478
0.639089
0.643174
0.652933
0.670862
0.690317
0.713603
0.738557
0.770426
0.807619
0.842269
0.898123
0.957044
1.01094
1.04737
1.08064
1.08337
1.07487
1.06282
1.05608
1.07191
1.098
1.11569
1.10664
1.12716
1.13748
1.14393
1.1607
1.17675
1.21252
1.25289
1.32618
1.37914
1.41816
1.42962
1.40942
1.35218
1.28558
1.22641
1.17222
1.1381
1.103
1.06721
1.04566
1.0376
1.02491
1.01177
0.982459
0.938272
0.873073
0.821209
0.777038
0.764926
0.745233
0.727367
0.705989
0.679429
0.652409
0.625579
0.593424
0.578181
0.571012
0.570695
0.566721
0.557264
0.562127
0.550318
0.538762
0.534789
0.541115
0.540368
0.543276
0.548824
0.542291
0.535011
0.519323
0.518258
0.510804
0.507498
0.48329
0.468429
0.451692
0.443427
0.429169
0.42208
0.422875
0.422875
0.423018
0.419346
0.40892
0.385173
0.370296
0.369374
0.370391
0.372378
0.373491
0.378704
0.377035
0.372855
0.375303
0.387303
0.392151
0.393232
0.38983
0.402975
0.410589
0.419823
0.42545
0.413116
0.421667
0.438341
0.451263
0.455284
0.435416
0.434303
0.418838
0.411654
0.388527
0.375048
0.364955
0.363461
0.34701
0.322151
0.316127
0.286436
0.246461
0.189861
0.144434
0.108751
0.0765959
0.0478427
0.0313918
0.0211239
0.0153542
0.0120004
0.0104904
0.00238419
0.0179132
