0
0
0
0
0
0
0
1.58946e-05
4.76837e-05
0
0.000127157
0.000143051
0.000397364
0.000858307
0.0014623
0.00192324
0.00354449
0.00532468
0.00816981
0.0104268
0.0134627
0.0174046
0.0197093
0.0218868
0.024128
0.0242551
0.0229836
0.023365
0.0230471
0.0232697
0.0222524
0.0212193
0.0230789
0.0220458
0.0221411
0.0227928
0.0217279
0.0209173
0.0201861
0.0193278
0.0195185
0.0192483
0.0178496
0.0185966
0.017643
0.0180244
0.0182788
0.0196616
0.0193278
0.0206947
0.0199636
0.0194232
0.0181357
0.0185331
0.0193119
0.0171502
0.0159423
0.0150204
0.0144323
0.0136375
0.0130653
0.0123342
0.010252
0.0106176
0.00923475
0.00910759
0.00842412
0.00866254
0.00842412
0.00834465
0.00774066
0.00756582
0.00770887
0.00699361
0.00720024
0.0070254
0.00664393
0.0064373
0.00631015
0.00583331
0.00618299
0.00583331
0.00591278
0.00548363
0.00610352
0.00538826
0.00592868
0.00581741
0.00659625
0.0061512
0.00621478
0.00632604
0.00653267
0.00729561
0.0061512
0.00669161
0.00713666
0.00756582
0.0070254
0.00778834
0.00737508
0.00801086
0.00772476
0.00769297
0.00901222
0.00874201
0.00947316
0.00898043
0.00953674
0.00947316
0.00901222
0.00940959
0.0108719
0.00980695
0.0104586
0.0110626
0.0106335
0.011905
0.0124772
0.0123183
0.0142733
0.0146707
0.0165621
0.0181993
0.0233968
0.0321865
0.0448227
0.0696818
0.107193
0.158819
0.222747
0.286086
0.346168
0.395107
0.434113
0.473976
0.501808
0.5349
0.584586
0.629489
0.689538
0.739145
0.789547
0.845814
0.898107
0.948429
1.00152
1.05535
1.09938
1.14654
1.19011
1.23682
1.2956
1.35055
1.38146
1.37804
1.37162
1.37126
1.37575
1.39443
1.42228
1.47139
1.51005
1.55322
1.58825
1.62652
1.66473
1.66651
1.60974
1.50827
1.42776
1.40567
1.44119
1.47646
1.5058
1.50414
1.45907
1.41722
1.38071
1.34261
1.32001
1.28682
1.25726
1.18712
1.133
1.08178
1.03695
1.01218
1.01363
1.01911
1.02436
1.02027
0.995906
0.944996
0.901508
0.844049
0.803518
0.767454
0.758473
0.733709
0.706085
0.701523
0.709375
0.733948
0.720612
0.692924
0.653791
0.624148
0.618807
0.626389
0.611973
0.591516
0.578721
0.574748
0.568406
0.55383
0.529051
0.491937
0.46614
0.45015
0.427262
0.411208
0.414483
0.413911
0.402514
0.376797
0.356547
0.360235
0.34914
0.343259
0.329685
0.307083
0.298023
0.295941
0.304381
0.315285
0.326077
0.319926
0.327937
0.321881
0.313489
0.295703
0.263468
0.232553
0.200033
0.178719
0.148519
0.116873
0.0762463
0.0409126
0.0149886
0.00538826
0.0023524
0.00073115
0.000429153
0.000365575
