1.58946e-05
6.35783e-05
9.53674e-05
0.000190735
0.000588099
0.000826518
0.00150998
0.00260671
0.00437101
0.00570615
0.00940959
0.0132243
0.0197728
0.0288645
0.0371297
0.0444253
0.0449975
0.0400066
0.0358264
0.0314554
0.0264963
0.022014
0.0216325
0.0183105
0.0167529
0.0129859
0.0115395
0.0102043
0.00979106
0.00944138
0.00902812
0.00855128
0.00863075
0.00799497
0.00762939
0.00669161
0.00661214
0.00594457
0.00578562
0.0055631
0.00553131
0.00626246
0.00616709
0.00580152
0.00680288
0.00576973
0.00502268
0.00465711
0.00508626
0.00483195
0.00510216
0.00470479
0.00510216
0.00540415
0.00500679
0.00495911
0.00511805
0.00491142
0.00437101
0.00430743
0.00437101
0.00387828
0.00430743
0.00414848
0.00473658
0.00441869
0.00451406
0.0043869
0.00451406
0.00424385
0.00452995
0.00472069
0.00457764
0.00418027
0.00451406
0.00454585
0.00435511
0.00435511
0.00437101
0.00437101
0.00430743
0.00402133
0.00432332
0.00457764
0.00432332
0.00452995
0.00422796
0.00425975
0.00427564
0.00465711
0.00454585
0.00500679
0.00489553
0.00460943
0.00441869
0.00483195
0.00480016
0.00489553
0.00503858
0.0052611
0.00484784
0.00495911
0.00542005
0.00507037
0.00592868
0.00562668
0.00492732
0.00564257
0.0058492
0.00596046
0.00573794
0.00656446
0.00629425
0.00627836
0.0064532
0.00605583
0.00638962
0.00677109
0.0064532
0.00716845
0.00812213
0.0073115
0.00797908
0.00847181
0.00855128
0.00894864
0.00921885
0.0108401
0.010856
0.0123342
0.0129382
0.0161489
0.0191212
0.0224272
0.0306765
0.0446796
0.0724792
0.120894
0.226291
0.395457
0.623465
0.872374
1.14381
1.38237
1.60219
1.83085
2.11099
2.391
2.61596
2.73579
2.78591
2.75429
2.71548
2.68758
2.63557
2.59794
2.5974
2.61362
2.60274
2.59584
2.61121
2.6337
2.64556
2.62868
2.59403
2.5544
2.45264
2.32086
2.17276
2.0383
1.9251
1.85421
1.76315
1.6953
1.62344
1.51965
1.44448
1.35864
1.29862
1.23707
1.16754
1.10631
1.04151
1.00292
0.961399
0.933345
0.928211
0.925986
0.955598
0.959269
0.926812
0.832415
0.679763
0.504796
0.340541
0.21766
0.127459
0.0615597
0.0264486
0.0116825
0.0061512
0.00303586
0.00160535
0.000747045
0.000349681
0.000238419
0.000111262
0
0
0
0
0
0
0
0
0
0
0
0
0
0
0
0
0
0
0
0
0
0
0
0
0
0
0
0
0
0
0
0
0
0
0
0
0
0
0
0
0
0
0
0
0
0
0
0
0
