0
3.17891e-05
4.76837e-05
9.53674e-05
3.17891e-05
0.000127157
0.000190735
0.000365575
0.000349681
0.000794729
0.000953674
0.00130335
0.00149409
0.00166893
0.00211398
0.00243187
0.00274976
0.00335375
0.00344912
0.00398954
0.00435511
0.00443459
0.00569026
0.00616709
0.00661214
0.0078996
0.00855128
0.00904401
0.0101089
0.0108401
0.0120322
0.012811
0.0130494
0.0127316
0.0143369
0.0138601
0.014321
0.0147978
0.0142892
0.0150998
0.0140031
0.0145912
0.0130177
0.0128587
0.0124454
0.0123183
0.0116666
0.0116825
0.0113169
0.0104427
0.0112851
0.00991821
0.00971158
0.00964801
0.00839233
0.00824928
0.0079155
0.00797908
0.00751813
0.00777245
0.00766118
0.00716845
0.00734329
0.0061353
0.00596046
0.0061512
0.00603994
0.00507037
0.00653267
0.00623067
0.00594457
0.0058492
0.0061512
0.00554721
0.00576973
0.00537237
0.00505447
0.00549952
0.00538826
0.00573794
0.00491142
0.00483195
0.00538826
0.00510216
0.00548363
0.00521342
0.00487963
0.00518163
0.00534058
0.00462532
0.00508626
0.00532468
0.00437101
0.00475248
0.00405312
0.00441869
0.00514984
0.00489553
0.00456174
0.00532468
0.00489553
0.00529289
0.0052611
0.00516574
0.00495911
0.00554721
0.0055631
0.00562668
0.00554721
0.00572205
0.0061512
0.00543594
0.00535647
0.00650088
0.00640551
0.00635783
0.00640551
0.00631015
0.00653267
0.00669161
0.00696182
0.00677109
0.00764529
0.00805855
0.00832876
0.00831286
0.00840823
0.00861486
0.00958443
0.00912348
0.00979106
0.00958443
0.0102679
0.0101725
0.0102997
0.0112057
0.0110467
0.0107606
0.0109831
0.0108878
0.0116666
0.012509
0.0127951
0.0113328
0.0118256
0.0125249
0.0123024
0.0123024
0.0135263
0.0126839
0.0143687
0.0131607
0.0130177
0.0135581
0.0128905
0.0154177
0.0140985
0.0147978
0.0148932
0.0153701
0.015974
0.016435
0.0181834
0.0195026
0.0232855
0.0301997
0.0401656
0.0562509
0.0805378
0.121705
0.189336
0.303062
0.470241
0.680304
0.907898
1.14619
1.36449
1.59038
1.92478
2.34152
2.89326
3.61239
4.59153
5.81406
6.93908
7.66158
7.68733
7.11451
6.05996
4.8272
3.83487
3.31473
3.13773
3.14835
3.0755
2.86907
2.59566
2.19518
1.73909
1.30037
0.910552
0.616153
0.414689
0.302076
0.241359
0.190004
0.140254
0.0877539
0.0454744
0.0241121
0.0118891
0.00750224
0.00522931
0.00368754
0.00300407
0.00232061
0.00168482
0.00136693
0.000890096
0.000635783
0.000445048
0.000222524
0.000158946
7.94729e-05
4.76837e-05
6.35783e-05
3.17891e-05
3.17891e-05
0
0
0
0
0
0
0
0
0
0
0
0
0
0
0
0
0
0
0
0
0
0
0
0
0
0
0
0
