0.00346502
0.000762939
0.00114441
0.000953674
0.00112851
0.00168482
0.00197093
0.00254313
0.00300407
0.00362396
0.00424385
0.00510216
0.00514984
0.0061512
0.00753403
0.00872612
0.0110626
0.0133197
0.016276
0.0188033
0.019598
0.020504
0.0188669
0.0195026
0.0184536
0.0174205
0.0168006
0.0175635
0.0157674
0.0150045
0.0155767
0.0150998
0.0135581
0.012207
0.0113169
0.0104904
0.0100136
0.00931422
0.00840823
0.00821749
0.00831286
0.00764529
0.00693003
0.00688235
0.0064532
0.0061353
0.00570615
0.00538826
0.00559489
0.00559489
0.00567436
0.00534058
0.00491142
0.00476837
0.00446637
0.00495911
0.00414848
0.00457764
0.00432332
0.0043869
0.00394185
0.00416438
0.00429153
0.00421206
0.00373522
0.00414848
0.00413259
0.00368754
0.00391006
0.00363986
0.00406901
0.00383059
0.00391006
0.00403722
0.00354449
0.00421206
0.00411669
0.00386238
0.00368754
0.00402133
0.00429153
0.00403722
0.00386238
0.00392596
0.00411669
0.00383059
0.00383059
0.0041008
0.00430743
0.00430743
0.00392596
0.0044028
0.00448227
0.00406901
0.00416438
0.00448227
0.0044028
0.00414848
0.00457764
0.00492732
0.00502268
0.00514984
0.00516574
0.0055631
0.00548363
0.00448227
0.00522931
0.00592868
0.0070254
0.00767708
0.010554
0.013415
0.0183741
0.0281652
0.0391483
0.0541528
0.0707308
0.0872453
0.106462
0.131289
0.157436
0.181309
0.211287
0.24449
0.280333
0.334819
0.389973
0.473944
0.578562
0.705783
0.828314
0.932821
1.01449
1.05758
1.07629
1.04065
1.01614
0.982221
0.959857
0.945854
0.923602
0.891336
0.853809
0.83855
0.845178
0.869576
0.895437
0.946728
1.00338
1.05958
1.09043
1.10569
1.14861
1.20899
1.25658
1.33853
1.43722
1.54665
1.67715
1.80291
1.93106
2.03047
2.09969
2.13585
2.08497
1.9537
1.76827
1.59605
1.45359
1.3329
1.22787
1.19335
1.18329
1.19386
1.20357
1.20977
1.23134
1.28318
1.35396
1.41691
1.43957
1.46182
1.50089
1.55327
1.51033
1.39039
1.29679
1.25402
1.30509
1.36318
1.41312
1.42531
1.44504
1.40109
1.31852
1.19651
1.04814
0.916974
0.832844
0.773525
0.726525
0.669988
0.603819
0.545136
0.500552
0.4656
0.420364
0.345612
0.273625
0.239627
0.206375
0.169627
0.151571
0.124184
0.107718
0.0888507
0.0694911
0.0526905
0.0295798
0.0160853
0.00603994
0.00185966
0.000540415
0.00017484
4.76837e-05
3.17891e-05
0
0
0
0
0
0
0
0
0
0
0
0
0
0
0
0
0
0
0
0
0
0
0
0
0
0
0
0
0
0
