0.00338554
0.00109673
0.00130335
0.00141462
0.00206629
0.00219345
0.00276566
0.00303586
0.00274976
0.00289281
0.00359217
0.00375112
0.00432332
0.00475248
0.00535647
0.00549952
0.00651677
0.00650088
0.0078996
0.0078996
0.00921885
0.0109673
0.0114441
0.0132561
0.0134468
0.0144641
0.0157197
0.0154018
0.0155131
0.015529
0.016737
0.0154972
0.0154813
0.015227
0.0146071
0.0133197
0.0130177
0.0120322
0.0106176
0.0103792
0.0093778
0.0090758
0.00910759
0.00813802
0.00778834
0.00718435
0.00646909
0.00653267
0.00569026
0.00549952
0.00567436
0.00538826
0.00521342
0.00486374
0.00394185
0.00435511
0.00430743
0.00419617
0.00429153
0.00405312
0.00363986
0.00397364
0.00368754
0.00371933
0.0035127
0.0038147
0.0035127
0.00360807
0.00340144
0.00329018
0.00319481
0.00306765
0.00298818
0.00305176
0.00375112
0.00327428
0.00329018
0.00295639
0.00297228
0.00325839
0.0026385
0.00305176
0.00348091
0.0032266
0.00338554
0.0032107
0.00371933
0.00298818
0.00276566
0.00336965
0.00317891
0.00333786
0.00363986
0.00332197
0.00387828
0.00332197
0.00340144
0.00371933
0.00327428
0.00325839
0.00349681
0.00333786
0.0040849
0.00368754
0.00363986
0.00406901
0.00362396
0.00383059
0.00359217
0.00383059
0.00363986
0.00359217
0.00362396
0.00395775
0.00365575
0.00406901
0.00348091
0.00359217
0.00416438
0.00418027
0.00383059
0.00435511
0.00397364
0.00427564
0.00416438
0.00452995
0.00510216
0.00532468
0.00561078
0.00588099
0.00743866
0.0105063
0.0150204
0.0234286
0.0381629
0.0568708
0.0829379
0.113535
0.132338
0.144641
0.142256
0.134007
0.123755
0.119321
0.11344
0.110817
0.107193
0.11034
0.110372
0.117429
0.13175
0.157309
0.220998
0.316731
0.437466
0.567579
0.661389
0.708246
0.747887
0.775305
0.8166
0.861533
0.916624
0.96728
1.01492
1.05373
1.12839
1.23687
1.37043
1.52082
1.66252
1.73492
1.76864
1.72691
1.65245
1.5652
1.47114
1.37653
1.29989
1.28509
1.32062
1.38365
1.4496
1.47789
1.50644
1.50034
1.53284
1.6281
1.76802
1.89327
1.9162
1.90125
1.87864
1.85153
1.81406
1.76908
1.72625
1.66345
1.60599
1.60906
1.63461
1.60573
1.53837
1.50565
1.51237
1.56218
1.65145
1.75192
1.81565
1.86642
1.83137
1.63724
1.39289
1.23057
1.10869
1.03176
0.954819
0.885057
0.816568
0.764163
0.685708
0.579834
0.516335
0.465902
0.444094
0.372807
0.285753
0.239213
0.211573
0.199652
0.18851
0.214291
0.175969
0.119511
0.0803947
0.0545343
0.0421683
0.0407537
0.03438
0.0189781
0.0151952
0.0115236
0.00449816
0.0023524
0.000921885
0.000635783
0.000492732
0.000460943
0.000317891
0.000365575
0.000301997
0.000333786
0.000349681
0.000206629
0.000143051
0.000476837
