0.0116825
0.00143051
0.00179609
0.00155767
0.00173251
0.00152588
0.00182788
0.00222524
0.00190735
0.00201861
0.00208219
0.00192324
0.00216166
0.00241597
0.00216166
0.00257492
0.00244776
0.00249545
0.00244776
0.00220935
0.00329018
0.00247955
0.00297228
0.00270208
0.00298818
0.00325839
0.00306765
0.00332197
0.00309944
0.00360807
0.00403722
0.00376701
0.00425975
0.00411669
0.00429153
0.00451406
0.00464122
0.00507037
0.00535647
0.00565847
0.00627836
0.00766118
0.00782013
0.00917117
0.00875791
0.00910759
0.0103792
0.0119527
0.0118891
0.0130971
0.0133038
0.013272
0.01297
0.012668
0.0129064
0.012064
0.0123978
0.0113646
0.0107924
0.0101884
0.00875791
0.00796318
0.00788371
0.00747045
0.00678698
0.00603994
0.00631015
0.0055631
0.00624657
0.00518163
0.00545184
0.00546773
0.00464122
0.00492732
0.00419617
0.00441869
0.00451406
0.00429153
0.00424385
0.00373522
0.00378291
0.00402133
0.00363986
0.00425975
0.00309944
0.00394185
0.00338554
0.0035127
0.00357628
0.00343323
0.00357628
0.00329018
0.00352859
0.00297228
0.00371933
0.00298818
0.00325839
0.00313123
0.00319481
0.00281334
0.00333786
0.00308355
0.0029246
0.00300407
0.00297228
0.00282923
0.00308355
0.00330607
0.00335375
0.00267029
0.00271797
0.0032266
0.00281334
0.00319481
0.00306765
0.00284513
0.0029246
0.00295639
0.00324249
0.00287692
0.00325839
0.00330607
0.00306765
0.0032107
0.00359217
0.00314713
0.00360807
0.00336965
0.00348091
0.00414848
0.00446637
0.00519753
0.00573794
0.00759761
0.0102997
0.0161012
0.0259717
0.0398636
0.0549475
0.0729084
0.0857512
0.0970682
0.0953039
0.0929356
0.0827948
0.0785987
0.0745773
0.0746568
0.0732581
0.0714302
0.0768185
0.080506
0.0857512
0.0955582
0.102949
0.111214
0.123803
0.131925
0.136741
0.136534
0.136407
0.138203
0.136932
0.142066
0.15022
0.16257
0.169245
0.168594
0.177113
0.185442
0.196362
0.207599
0.215642
0.222254
0.230837
0.23125
0.228389
0.213194
0.195281
0.187778
0.181961
0.180674
0.18007
0.187095
0.202211
0.21944
0.252247
0.281938
0.311565
0.338475
0.365162
0.402753
0.432189
0.466394
0.506783
0.559553
0.607983
0.650326
0.677697
0.732597
0.804758
0.909726
1.00697
1.10095
1.18426
1.30167
1.46855
1.60785
1.71544
1.76996
1.77728
1.77005
1.73834
1.74077
1.77062
1.8298
1.92393
2.00777
2.09281
2.15066
2.13207
2.16208
2.20723
2.26078
2.47892
2.71626
2.93608
3.16639
3.47064
3.71636
3.85712
3.83118
3.75493
3.45492
2.78165
2.29651
1.94062
1.5624
1.23046
0.880512
0.572968
0.299247
0.146246
0.0832717
0.0502268
0.031201
0.0193755
0.0134945
0.00856717
0.00545184
0.00411669
0.00276566
0.00282923
0.00220935
0.00227292
0.0397364
