0.000143051
7.94729e-05
1.58946e-05
0.000111262
0.000111262
0.00017484
0.000143051
0.000127157
0.000333786
0.00038147
0.000317891
0.000651677
0.000540415
0.000540415
0.000715256
0.00073115
0.000810623
0.000905991
0.000905991
0.00108083
0.00109673
0.00133514
0.00133514
0.00122388
0.00141462
0.00141462
0.00173251
0.00155767
0.00192324
0.00240008
0.0029246
0.00303586
0.00349681
0.00441869
0.00454585
0.004975
0.0058651
0.0064373
0.00678698
0.00774066
0.00737508
0.00762939
0.00782013
0.00683467
0.00689824
0.00718435
0.00762939
0.00770887
0.0073274
0.00753403
0.00699361
0.00743866
0.00691414
0.00697772
0.00742277
0.00658035
0.00740687
0.00670751
0.00662804
0.00683467
0.00659625
0.00675519
0.00661214
0.00686646
0.00592868
0.00545184
0.00572205
0.0055631
0.00489553
0.00484784
0.0049909
0.00486374
0.00441869
0.00481606
0.00456174
0.0035127
0.00419617
0.00394185
0.00449816
0.0037988
0.00400543
0.00348091
0.00343323
0.00354449
0.00359217
0.00335375
0.00359217
0.00308355
0.00336965
0.00329018
0.00325839
0.00327428
0.00300407
0.00308355
0.00333786
0.00300407
0.00313123
0.00316302
0.00287692
0.00343323
0.00287692
0.00308355
0.00313123
0.00327428
0.00327428
0.00252724
0.00252724
0.00290871
0.00281334
0.0032107
0.00301997
0.00287692
0.00306765
0.00306765
0.00325839
0.00356038
0.00319481
0.00335375
0.00341733
0.00343323
0.00336965
0.00363986
0.00386238
0.00405312
0.00346502
0.0037988
0.00365575
0.00363986
0.00398954
0.00416438
0.0041008
0.00462532
0.0041008
0.00480016
0.00459353
0.00502268
0.00583331
0.00640551
0.00656446
0.00801086
0.0102838
0.0153065
0.02292
0.0388304
0.0596046
0.087595
0.113599
0.138489
0.151078
0.15858
0.155179
0.152461
0.146977
0.13814
0.133737
0.132831
0.132259
0.130431
0.13113
0.129938
0.127665
0.127093
0.127935
0.13059
0.129445
0.132163
0.133038
0.130717
0.130765
0.133689
0.132577
0.134945
0.134579
0.138013
0.143894
0.145404
0.150855
0.15742
0.159311
0.164827
0.175269
0.191243
0.221586
0.268412
0.313854
0.358184
0.388273
0.417376
0.445493
0.509199
0.598367
0.708993
0.854429
1.04308
1.29522
1.49825
1.63558
1.73775
1.74475
1.67875
1.59861
1.5861
1.55867
1.53898
1.50986
1.48835
1.50151
1.50582
1.51502
1.56868
1.5793
1.55802
1.53195
1.50631
1.4695
1.43366
1.37246
1.32581
1.30172
1.27657
1.25472
1.22544
1.20365
1.17408
1.21048
1.26861
1.27907
1.29094
1.27746
1.31995
1.34699
1.41706
1.50266
1.58318
1.57022
1.6221
1.76039
1.71169
1.71471
1.69032
1.56372
1.44566
1.26274
1.27255
1.24607
1.22789
1.13209
1.02317
0.945028
0.774018
0.653569
0.528463
0.456969
0.42189
0.410922
5.9152
