6.35783e-05
1.58946e-05
3.17891e-05
1.58946e-05
7.94729e-05
9.53674e-05
7.94729e-05
9.53674e-05
0.000254313
0.000127157
0.00017484
4.76837e-05
0.000222524
0.000238419
0.000127157
0.000445048
0.000429153
0.000365575
0.000651677
0.000603994
0.000572205
0.000794729
0.000778834
0.000794729
0.00106494
0.00101725
0.00109673
0.00127157
0.00130335
0.00157356
0.00166893
0.00184377
0.00190735
0.00187556
0.00211398
0.00195503
0.00181198
0.00181198
0.00171661
0.00184377
0.00201861
0.00182788
0.00220935
0.00184377
0.00240008
0.00255903
0.00198682
0.0020504
0.00252724
0.00273387
0.00244776
0.00274976
0.00276566
0.00282923
0.00332197
0.00336965
0.00356038
0.0038147
0.0037988
0.00446637
0.00413259
0.00459353
0.00491142
0.00537237
0.00553131
0.00557899
0.00549952
0.00578562
0.0061512
0.00551542
0.0058651
0.00627836
0.0058492
0.00627836
0.00638962
0.00689824
0.00670751
0.00646909
0.00651677
0.00705719
0.00656446
0.00583331
0.00648499
0.00681877
0.00607173
0.00626246
0.00691414
0.00646909
0.00801086
0.00724792
0.00727971
0.00705719
0.00723203
0.00831286
0.00839233
0.00875791
0.00913938
0.0087897
0.00867844
0.00883738
0.00893275
0.00925064
0.00885328
0.00948906
0.0079155
0.00899633
0.0085036
0.00840823
0.00796318
0.00735919
0.00775655
0.00926654
0.00785192
0.0082016
0.00750224
0.00769297
0.0076135
0.00720024
0.00739098
0.0073115
0.00747045
0.0073115
0.00767708
0.00680288
0.00726382
0.00762939
0.0073115
0.00743866
0.0079155
0.00836054
0.0073115
0.00813802
0.00758171
0.00831286
0.00745455
0.00793139
0.00826518
0.00839233
0.00845591
0.00824928
0.00807444
0.00774066
0.00783602
0.00810623
0.00753403
0.00683467
0.00669161
0.00670751
0.00665983
0.00634193
0.00635783
0.00575384
0.00603994
0.00569026
0.00575384
0.00578562
0.00537237
0.00619888
0.0055631
0.00599225
0.00670751
0.00716845
0.00807444
0.0093619
0.00982285
0.0101407
0.011762
0.0129064
0.0151475
0.0173728
0.0181516
0.0217597
0.0263532
0.0326316
0.0418186
0.0582377
0.0727336
0.0855923
0.0940959
0.0960668
0.105476
0.116905
0.131353
0.144339
0.154543
0.165399
0.180785
0.195821
0.20326
0.213448
0.217024
0.22254
0.235764
0.24511
0.257508
0.26811
0.261227
0.262086
0.272051
0.283988
0.293414
0.308657
0.336599
0.358136
0.37605
0.396681
0.427024
0.48453
0.563018
0.646973
0.693003
0.732168
0.745964
0.745392
0.715685
0.690762
0.672976
0.685755
0.716464
0.750891
0.789213
0.847944
0.914923
0.955327
0.962512
0.956933
0.974894
1.01953
1.103
1.17456
1.23113
1.30463
1.34533
1.36814
1.33422
1.32901
1.34521
1.36965
1.4147
1.46925
1.52793
1.56512
1.61338
1.70425
1.79707
1.89514
2.01761
2.12555
2.17503
2.18857
2.33305
2.45829
2.57592
2.6264
2.8001
28.4491
