0.0118732
0.00368754
0.00402133
0.00459353
0.00618299
0.00646909
0.00726382
0.00898043
0.00964801
0.0114123
0.0131607
0.0145753
0.0180244
0.0210126
0.0235875
0.0257492
0.0278314
0.0281652
0.0261943
0.0217438
0.0179768
0.0164986
0.0149409
0.0148773
0.0130971
0.0128905
0.011603
0.0104745
0.00948906
0.0084877
0.00681877
0.00718435
0.00694593
0.00718435
0.00667572
0.00623067
0.00567436
0.00597636
0.00537237
0.005277
0.00478427
0.00545184
0.00505447
0.00491142
0.00495911
0.00484784
0.00492732
0.00473658
0.00454585
0.00414848
0.00414848
0.00441869
0.00389417
0.00400543
0.0049909
0.00421206
0.00445048
0.00395775
0.00398954
0.0038147
0.00386238
0.00421206
0.00391006
0.00375112
0.00476837
0.00403722
0.00502268
0.00413259
0.00406901
0.00435511
0.00449816
0.00487963
0.00413259
0.00470479
0.00422796
0.00473658
0.00484784
0.0049909
0.00554721
0.00653267
0.00667572
0.00810623
0.0106653
0.0154972
0.0224749
0.0365734
0.0560125
0.0850201
0.122992
0.169738
0.226323
0.280364
0.324599
0.363763
0.387335
0.401719
0.416279
0.425625
0.424608
0.424369
0.429201
0.425053
0.422907
0.415818
0.388352
0.368516
0.354815
0.350714
0.349776
0.350173
0.350237
0.348949
0.348123
0.353416
0.363541
0.383282
0.415786
0.466998
0.533406
0.613006
0.707006
0.798257
0.887966
0.977866
1.03571
1.04807
1.05945
1.06351
1.08039
1.10378
1.10536
1.09553
1.08771
1.07964
1.0845
1.12166
1.16803
1.20444
1.28352
1.37936
1.44993
1.4734
1.41756
1.30863
1.23466
1.19252
1.18828
1.19632
1.19564
1.17054
1.14396
1.11065
1.08547
1.10641
1.13772
1.17648
1.18187
1.13077
1.03164
0.960382
0.928275
0.928132
0.951227
0.973527
0.971762
0.951719
0.945266
0.972255
1.00163
1.02116
1.04208
1.03606
1.01665
0.96426
0.909678
0.870355
0.84548
0.839472
0.843398
0.870148
0.902033
0.936921
0.931327
0.871706
0.80514
0.732819
0.659482
0.611321
0.574478
0.54903
0.51713
0.47013
0.447687
0.421572
0.39889
0.377671
0.351604
0.329781
0.320625
0.32088
0.328684
0.35154
0.364971
0.377719
0.39072
0.393073
0.371615
0.360727
0.34407
0.337632
0.319672
0.302426
0.288884
0.262864
0.235907
0.209602
0.194883
0.197983
0.193024
0.194073
0.19304
0.191768
0.193135
0.195026
0.203578
0.205135
0.207186
0.205644
0.208124
0.216166
0.240183
0.249513
0.258923
0.274436
0.281
0.271241
0.275819
0.256379
0.24306
0.21987
0.19749
0.160599
0.115283
0.0810623
0.0602086
0.0448863
0.0335693
0.0276407
0.0221729
0.0179927
0.0176271
0.013272
0.00754992
0.00281334
0.000874201
0.000190735
