0.0136216
0.0020504
0.00195503
0.00289281
0.0029246
0.00286102
0.00348091
0.00303586
0.00473658
0.00375112
0.00397364
0.00406901
0.00480016
0.00583331
0.00583331
0.00723203
0.00774066
0.00952085
0.0109514
0.0117302
0.0125567
0.0132084
0.0130971
0.0135263
0.0140349
0.0136375
0.0148773
0.0148137
0.0134786
0.0151475
0.0138124
0.0140031
0.0116984
0.0120799
0.011158
0.00988642
0.00910759
0.00831286
0.00805855
0.00734329
0.00669161
0.0064373
0.00551542
0.00532468
0.0055631
0.00487963
0.00483195
0.00470479
0.00418027
0.0044028
0.00378291
0.00394185
0.00413259
0.00406901
0.00398954
0.00360807
0.0043869
0.00441869
0.00392596
0.00394185
0.00429153
0.00394185
0.00386238
0.00375112
0.00389417
0.00346502
0.00373522
0.0040849
0.00384649
0.00425975
0.0037988
0.00367165
0.00441869
0.00446637
0.00443459
0.00421206
0.00462532
0.00484784
0.00478427
0.005277
0.0055631
0.00605583
0.0070254
0.00926654
0.0107924
0.0150204
0.0190735
0.0256697
0.0332673
0.0413418
0.0504653
0.0619411
0.0708739
0.0739892
0.076437
0.0773748
0.0787735
0.0844161
0.0912825
0.101821
0.126139
0.165081
0.227753
0.322946
0.458686
0.614055
0.763575
0.904338
1.00646
1.09948
1.17
1.23563
1.2691
1.26408
1.23636
1.20562
1.17774
1.16318
1.15727
1.1123
1.06657
1.00112
0.937525
0.903082
0.870705
0.858243
0.865889
0.871563
0.877015
0.877094
0.877539
0.867049
0.860945
0.876093
0.906467
0.940228
0.976372
1.01393
1.0848
1.11747
1.13548
1.11054
1.07687
1.02649
0.963497
0.905546
0.901763
0.90963
0.913954
0.906006
0.908359
0.902907
0.888173
0.885057
0.87204
0.864935
0.838916
0.822624
0.804313
0.800276
0.792869
0.804043
0.798782
0.795714
0.795174
0.788911
0.783507
0.76855
0.742769
0.724697
0.74563
0.799656
0.866286
0.951703
1.00624
1.02894
1.02549
1.00525
0.95226
0.888491
0.856225
0.851138
0.839901
0.851266
0.860961
0.870403
0.880559
0.885709
0.908979
0.917737
0.890477
0.822576
0.772381
0.718244
0.659847
0.616423
0.56982
0.531816
0.507418
0.488313
0.484022
0.481097
0.480556
0.473547
0.478729
0.484864
0.468922
0.452089
0.426833
0.397062
0.372299
0.351413
0.332673
0.320419
0.310691
0.29405
0.275834
0.267506
0.275453
0.309372
0.323375
0.32115
0.321945
0.309722
0.313218
0.295512
0.279109
0.250435
0.234747
0.196997
0.155195
0.138474
0.117668
0.0955264
0.0726382
0.0536124
0.0373522
0.0288804
0.0224908
0.018247
0.0143687
0.0118256
0.00960032
0.00783602
0.00529289
0.00371933
0.0029246
0.00252724
0.00214577
0.00251134
0.00268618
0.00324249
0.00038147
0.000635783
0.000143051
0.000747045
