0
0
0
0
1.58946e-05
9.53674e-05
0.000111262
0.000254313
0.000858307
0.00136693
0.00255903
0.00406901
0.00646909
0.00915527
0.0120163
0.0160694
0.0200748
0.0206312
0.0227133
0.0233014
0.0223001
0.0216961
0.0225067
0.0217279
0.0209173
0.0200431
0.0197252
0.0193119
0.0166098
0.0158628
0.0143846
0.0132084
0.0133355
0.011603
0.0121593
0.011603
0.0110149
0.0106017
0.0106176
0.00950495
0.00894864
0.00815392
0.00853539
0.00866254
0.00801086
0.00764529
0.00855128
0.00777245
0.00939369
0.00821749
0.00801086
0.00769297
0.00737508
0.00745455
0.00772476
0.00766118
0.00767708
0.00710487
0.00691414
0.00737508
0.00665983
0.00762939
0.00712077
0.00747045
0.00685056
0.00712077
0.00697772
0.00653267
0.00750224
0.00735919
0.00747045
0.00697772
0.00754992
0.00756582
0.00793139
0.0073115
0.00729561
0.0079155
0.00812213
0.00804265
0.0084877
0.00831286
0.00831286
0.00974337
0.0101725
0.0105699
0.0127633
0.0148773
0.0184854
0.0217915
0.0253677
0.0281652
0.03287
0.0365098
0.0416756
0.0476837
0.0531673
0.056076
0.062116
0.0634352
0.0688076
0.0722567
0.0767231
0.0817935
0.0890732
0.0944932
0.10012
0.103251
0.112375
0.122499
0.13628
0.152397
0.179307
0.216166
0.288105
0.420856
0.636609
0.915019
1.20233
1.43906
1.62346
1.72739
1.82439
1.90385
1.93179
1.9296
1.98285
2.0514
2.16091
2.27677
2.41265
2.60661
2.78637
2.88761
2.87695
2.77424
2.58218
2.4117
2.22729
2.01581
1.8417
1.69334
1.53502
1.42123
1.31432
1.26794
1.26405
1.27179
1.29832
1.32383
1.32972
1.2857
1.2397
1.17154
1.13594
1.08124
1.02437
0.977627
0.937478
0.913191
0.891288
0.87347
0.854667
0.817808
0.771713
0.731643
0.67304
0.61059
0.57416
0.543229
0.514539
0.501966
0.495291
0.509596
0.510152
0.517527
0.509739
0.49847
0.481129
0.501204
0.518529
0.530338
0.508102
0.473674
0.439866
0.408093
0.395536
0.374381
0.377003
0.366688
0.346963
0.328906
0.318352
0.295766
0.281795
0.250133
0.229168
0.201639
0.183471
0.171995
0.163444
0.154368
0.147374
0.142733
0.139141
0.134691
0.125122
0.108035
0.0926495
0.0820637
0.0768503
0.0736554
0.0730038
0.0762463
0.0797272
0.0916799
0.0982602
0.0864665
0.0678698
0.059255
0.0468095
0.0497818
0.0540257
0.0573953
0.0552813
0.0429153
0.0335375
0.0223796
0.0123819
0.00484784
0.0011762
0.000301997
0.000111262
1.58946e-05
0
0
0
0
0
0
0
0
0
0
0
0
0
0
0
0
0
0
0
0
0
0
