0
0
0
3.17891e-05
7.94729e-05
0.00017484
0.000238419
0.00073115
0.00127157
0.00268618
0.00500679
0.00988642
0.0183105
0.0292619
0.0379721
0.0461896
0.0471751
0.0489394
0.0470956
0.044171
0.0404835
0.0327746
0.0253201
0.0185649
0.0165621
0.0140349
0.012366
0.0125408
0.0121276
0.011158
0.00977516
0.00824928
0.00748634
0.0067234
0.00708898
0.00624657
0.00603994
0.0058492
0.0061512
0.00632604
0.00678698
0.0052611
0.00514984
0.00508626
0.00481606
0.00510216
0.00489553
0.00494321
0.004673
0.00452995
0.00473658
0.00411669
0.00392596
0.00403722
0.00430743
0.00456174
0.00425975
0.00462532
0.00435511
0.0041008
0.004673
0.00378291
0.00365575
0.00416438
0.00402133
0.0040849
0.00419617
0.00387828
0.00413259
0.00432332
0.00378291
0.00402133
0.0040849
0.00346502
0.00411669
0.00384649
0.00383059
0.00367165
0.00378291
0.00370344
0.00365575
0.00365575
0.00356038
0.00360807
0.00363986
0.00418027
0.00386238
0.00418027
0.00371933
0.0038147
0.0044028
0.00413259
0.00391006
0.0041008
0.00451406
0.00357628
0.00394185
0.0041008
0.0041008
0.00397364
0.00384649
0.00405312
0.00406901
0.00419617
0.00435511
0.00389417
0.00449816
0.00370344
0.00397364
0.0040849
0.00473658
0.00398954
0.00452995
0.00441869
0.00459353
0.0044028
0.00491142
0.00508626
0.00508626
0.00475248
0.00529289
0.00484784
0.00472069
0.00522931
0.00516574
0.0052611
0.00518163
0.00522931
0.00542005
0.00548363
0.00548363
0.005277
0.00535647
0.00565847
0.0058492
0.00602404
0.00581741
0.00651677
0.00729561
0.00816981
0.00804265
0.00824928
0.00864665
0.00902812
0.0102043
0.010697
0.010999
0.012509
0.0145594
0.0171979
0.0203768
0.0253995
0.0371138
0.0575542
0.0931263
0.157722
0.263405
0.427771
0.622177
0.802835
0.981967
1.14501
1.28555
1.45146
1.58712
1.73858
1.93164
2.1894
2.5235
2.87789
3.14525
3.32211
3.36968
3.33867
3.26476
3.22941
3.25122
3.29448
3.26969
3.20716
3.15534
3.20045
3.2578
3.34344
3.44852
3.55649
3.61379
3.51904
3.32882
3.08293
2.86449
2.65905
2.3842
1.95071
1.28635
0.67056
0.306781
0.139872
0.0681559
0.0354608
0.0211398
0.011905
0.00715256
0.00367165
0.00257492
0.000683467
0.000524521
0.000143051
4.76837e-05
4.76837e-05
3.17891e-05
0
0
0
0
0
0
0
0
0
0
0
0
0
0
0
0
0
0
0
0
0
0
0
0
0
0
0
0
0
0
0
0
0
0
0
0
0
0
0
0
0
0
0
0
0
