0.000222524
9.53674e-05
0.000127157
0.000333786
0.000286102
0.000524521
0.000508626
0.000635783
0.000747045
0.00112851
0.00112851
0.00144641
0.00206629
0.00243187
0.00257492
0.0029405
0.0038147
0.00435511
0.00518163
0.00546773
0.0070254
0.00807444
0.00880559
0.0099659
0.0116507
0.0127474
0.0136216
0.0128587
0.0137647
0.013113
0.0133197
0.0138442
0.0131766
0.0132084
0.0121117
0.0101248
0.00971158
0.00913938
0.00918706
0.00928243
0.00782013
0.00747045
0.00718435
0.00616709
0.00516574
0.00570615
0.00540415
0.00478427
0.005277
0.00573794
0.00454585
0.00516574
0.0046889
0.004673
0.0040849
0.0038147
0.00395775
0.00416438
0.00421206
0.00359217
0.00395775
0.00343323
0.00340144
0.0032107
0.00362396
0.00327428
0.00333786
0.0032266
0.0035127
0.00343323
0.00343323
0.0032266
0.0029246
0.00309944
0.00327428
0.00297228
0.00316302
0.00313123
0.00278155
0.00287692
0.00298818
0.00289281
0.00309944
0.0032107
0.00317891
0.00246366
0.00314713
0.00278155
0.00301997
0.00278155
0.00287692
0.00267029
0.0032107
0.00270208
0.00243187
0.00268618
0.00284513
0.00300407
0.00313123
0.00278155
0.00314713
0.0029405
0.00297228
0.00297228
0.00314713
0.00325839
0.00314713
0.00313123
0.0026385
0.0035127
0.00356038
0.00359217
0.00349681
0.00362396
0.0038147
0.00376701
0.00362396
0.00362396
0.00391006
0.00349681
0.00437101
0.00414848
0.00448227
0.00472069
0.00495911
0.00507037
0.00510216
0.00510216
0.0052611
0.0046889
0.00489553
0.0055631
0.00476837
0.00551542
0.00602404
0.00569026
0.00554721
0.0055631
0.00618299
0.00631015
0.00634193
0.00697772
0.00777245
0.00782013
0.00979106
0.0119368
0.0166575
0.0228405
0.0319958
0.04673
0.0694752
0.0994682
0.148996
0.236893
0.381645
0.617154
0.942135
1.37132
1.86551
2.40731
3.00193
3.57558
4.15335
4.71772
5.13244
5.31061
5.22035
5.02728
4.79906
4.54739
4.26156
3.98773
3.69008
3.35029
2.96009
2.55248
2.18881
1.86232
1.57226
1.38523
1.3186
1.34899
1.40686
1.4339
1.43129
1.45125
1.48706
1.50593
1.48706
1.35449
1.15088
0.904528
0.635068
0.385221
0.199493
0.0947634
0.0445207
0.024732
0.013272
0.00844002
0.00623067
0.00505447
0.00449816
0.00376701
0.00360807
0.00278155
0.00313123
0.00298818
0.00278155
0.00271797
0.00228882
0.00200272
0.00162125
0.00152588
0.00128746
0.000985463
0.000747045
0.000429153
0.000460943
0.000127157
0.000143051
4.76837e-05
9.53674e-05
4.76837e-05
1.58946e-05
0
1.58946e-05
1.58946e-05
0
0
0
0
0
0
0
0
0
0
0
0
0
0
0
0
0
0
0
0
0
0
0
0
0
0
0
0
