0.0244617
0.00424385
0.00473658
0.004975
0.00576973
0.00583331
0.00610352
0.00658035
0.0064532
0.00793139
0.00861486
0.00888507
0.0110944
0.013113
0.0156562
0.0168482
0.0195185
0.021251
0.0225067
0.0220617
0.0236988
0.0236988
0.0248909
0.0233332
0.0228882
0.0203292
0.0201066
0.0170708
0.0164827
0.0164986
0.0157356
0.0149409
0.0143687
0.014925
0.014623
0.0138283
0.0136534
0.013415
0.0136852
0.0140031
0.0131607
0.012668
0.0133038
0.0128269
0.0130971
0.0121276
0.0122706
0.0114759
0.0119527
0.0117938
0.0113169
0.0116348
0.012509
0.0123024
0.012366
0.0113487
0.0112375
0.0116348
0.0110149
0.0104586
0.0104268
0.00925064
0.00940959
0.0093619
0.00813802
0.00890096
0.00894864
0.00840823
0.00828107
0.00896454
0.00845591
0.00801086
0.00894864
0.00875791
0.00851949
0.00856717
0.00821749
0.00856717
0.00839233
0.00964801
0.00853539
0.00882149
0.00832876
0.00901222
0.00861486
0.00840823
0.00861486
0.00807444
0.00952085
0.0090917
0.00950495
0.00988642
0.00940959
0.00985463
0.00945727
0.0102202
0.0110149
0.0106176
0.00999769
0.0115077
0.0111739
0.011301
0.0128746
0.014925
0.0186761
0.0224749
0.0314554
0.0547727
0.101074
0.206312
0.389655
0.590738
0.688887
0.741132
0.806618
0.929896
1.11656
1.25923
1.33471
1.32098
1.27207
1.18915
1.11384
1.05815
1.05219
1.06672
1.10607
1.14377
1.17583
1.20856
1.2383
1.28887
1.39693
1.62945
1.96346
2.18809
2.23006
2.17239
2.02279
1.91781
1.85401
1.82958
1.80354
1.7674
1.7794
1.88802
2.06552
2.14694
2.12979
2.02413
1.87287
1.6923
1.5463
1.44676
1.33384
1.23733
1.15433
1.08385
1.02526
0.974496
0.953865
0.928561
0.895898
0.858498
0.831858
0.781743
0.735696
0.70742
0.693369
0.692066
0.698916
0.720453
0.754563
0.790612
0.84192
0.879383
0.879844
0.839583
0.816059
0.788291
0.769806
0.776577
0.749842
0.678237
0.602961
0.543022
0.499996
0.478395
0.455491
0.429249
0.396903
0.363032
0.343831
0.319608
0.289472
0.240342
0.199111
0.178321
0.184186
0.208187
0.245539
0.241709
0.226037
0.192308
0.150077
0.115124
0.088199
0.0772953
0.066932
0.0597795
0.0635942
0.0698884
0.078392
0.0829538
0.0804424
0.086085
0.0864347
0.0717799
0.0606855
0.0509898
0.0341892
0.0179132
0.00680288
0.00260671
0.00101725
0.000333786
7.94729e-05
4.76837e-05
0
0
0
0
0
0
0
0
0
0
0
0
0
0
0
0
0
0
0
0
0
0
0
0
0
0
0
0
