0.000747045
0.000254313
0.000270208
0.000270208
0.000699361
0.000683467
0.000953674
0.0011762
0.00135104
0.00171661
0.00209808
0.00260671
0.00281334
0.0032266
0.0037988
0.00452995
0.00549952
0.00618299
0.0073115
0.00898043
0.0105699
0.0111898
0.0114441
0.0132879
0.0141303
0.0143687
0.0155767
0.015227
0.0151952
0.0152747
0.015672
0.0151157
0.0143528
0.0133832
0.0136058
0.012811
0.0137647
0.0128746
0.0125726
0.0116984
0.0118415
0.0114918
0.0102361
0.0106653
0.0113487
0.0103474
0.00945727
0.0096639
0.00874201
0.00925064
0.00890096
0.00813802
0.00700951
0.00707308
0.00737508
0.00681877
0.00610352
0.00572205
0.00603994
0.00565847
0.00507037
0.00562668
0.0043869
0.00478427
0.00422796
0.00386238
0.00427564
0.00402133
0.00406901
0.00397364
0.00429153
0.0035127
0.00435511
0.00375112
0.00430743
0.00389417
0.00354449
0.0041008
0.00363986
0.00435511
0.00414848
0.00435511
0.00418027
0.00411669
0.00406901
0.00437101
0.00534058
0.00437101
0.00473658
0.00459353
0.00481606
0.00491142
0.004673
0.00454585
0.00516574
0.00507037
0.00549952
0.00553131
0.0055631
0.0052611
0.00554721
0.00554721
0.0064532
0.0061512
0.00689824
0.00656446
0.00718435
0.00894864
0.00958443
0.0122706
0.0164032
0.0184059
0.0202497
0.0240326
0.0261307
0.0303745
0.0329336
0.0364621
0.0411034
0.0479221
0.0562191
0.0643094
0.0734011
0.0802676
0.0916481
0.105349
0.119686
0.130415
0.14205
0.154479
0.169341
0.18967
0.220013
0.255505
0.290696
0.333277
0.377401
0.433334
0.503016
0.568867
0.636959
0.694036
0.777912
0.860771
0.974719
1.10583
1.21713
1.29606
1.35512
1.38853
1.4034
1.42612
1.46969
1.51682
1.55131
1.57967
1.57088
1.54077
1.47875
1.41039
1.34152
1.28665
1.23742
1.1926
1.18154
1.20111
1.2541
1.32507
1.37145
1.44458
1.48191
1.5261
1.54006
1.52378
1.46015
1.36757
1.30359
1.26077
1.24582
1.23982
1.23905
1.23731
1.23143
1.24626
1.244
1.20247
1.16075
1.1278
1.09537
1.07663
1.07131
1.03947
1.00985
0.986258
0.971492
0.948826
0.914256
0.877905
0.837024
0.816377
0.797065
0.808398
0.819174
0.801245
0.786638
0.795889
0.801706
0.796318
0.784588
0.774113
0.739479
0.691668
0.640027
0.598701
0.557629
0.526222
0.491889
0.452932
0.408109
0.384061
0.374651
0.372362
0.375557
0.394217
0.409857
0.432587
0.465854
0.485547
0.500949
0.527604
0.528256
0.5301
0.526905
0.508626
0.411447
0.32018
0.232251
0.14898
0.0927925
0.0495434
0.025622
0.0142097
0.00869433
0.00448227
0.00251134
0.00150998
0.00111262
0.000794729
0.000778834
0.000842412
0.000778834
0.000603994
0.000524521
0.000699361
0.000683467
0.0110467
