0.0226498
0.0032107
0.00316302
0.00360807
0.00386238
0.00387828
0.00456174
0.00516574
0.00418027
0.00543594
0.00557899
0.00688235
0.00658035
0.00740687
0.00821749
0.00829697
0.00917117
0.00953674
0.0104268
0.0110467
0.0118732
0.0133197
0.0151793
0.0147343
0.016435
0.0181357
0.019757
0.0194709
0.0213782
0.0211716
0.0204086
0.0210603
0.0216166
0.0207106
0.0211398
0.0202974
0.0193437
0.0173251
0.0163078
0.0139872
0.0135581
0.0128428
0.010856
0.0104109
0.0105063
0.0103156
0.00904401
0.00867844
0.00861486
0.00799497
0.00696182
0.00723203
0.00627836
0.00683467
0.00608762
0.00580152
0.00619888
0.00602404
0.00524521
0.00545184
0.00489553
0.00503858
0.00489553
0.00476837
0.00441869
0.00513395
0.00483195
0.00416438
0.00462532
0.00435511
0.00405312
0.00441869
0.00403722
0.00432332
0.00413259
0.00397364
0.00437101
0.00378291
0.00400543
0.00421206
0.00403722
0.00430743
0.00422796
0.00429153
0.00433922
0.00470479
0.00457764
0.00456174
0.0046889
0.00432332
0.00472069
0.00456174
0.0046889
0.00486374
0.00530879
0.00491142
0.00578562
0.00589689
0.0061512
0.00623067
0.00658035
0.00634193
0.00697772
0.00680288
0.00621478
0.00665983
0.00737508
0.00693003
0.00680288
0.00785192
0.00751813
0.00759761
0.00793139
0.00815392
0.00851949
0.00847181
0.00894864
0.00836054
0.00837644
0.00974337
0.00960032
0.0106017
0.0111898
0.0115554
0.014178
0.0162443
0.0196139
0.0235558
0.0281652
0.0309149
0.0393073
0.0462055
0.0589212
0.0716845
0.0915686
0.118923
0.153748
0.20105
0.256205
0.310946
0.359726
0.402006
0.431967
0.467412
0.499503
0.540829
0.569201
0.593535
0.618235
0.63084
0.660404
0.678857
0.694704
0.714652
0.739908
0.804981
0.899204
1.06502
1.28148
1.56078
1.83522
2.0782
2.22031
2.2189
2.15967
2.08778
1.96074
1.83787
1.70437
1.58366
1.48048
1.39012
1.32079
1.24014
1.20624
1.18753
1.19832
1.17629
1.13943
1.10129
1.04175
0.967582
0.936715
0.90998
0.924555
0.940847
0.954549
0.957394
0.973908
0.985177
1.01426
1.01806
1.0181
1.02989
1.04047
1.0249
0.978295
0.964975
0.973097
0.993617
1.02738
1.1025
1.20068
1.2637
1.29307
1.31791
1.30715
1.31373
1.28218
1.22401
1.1494
1.06193
0.989596
0.911045
0.843271
0.800021
0.801881
0.812038
0.814311
0.796
0.766659
0.742388
0.694927
0.626755
0.585318
0.572395
0.575272
0.569248
0.576242
0.561015
0.517988
0.466283
0.425609
0.407362
0.358136
0.328175
0.298198
0.242345
0.191085
0.161537
0.129954
0.0973384
0.071303
0.0540415
0.0389258
0.0293255
0.0194391
0.0156879
0.00990232
0.00637372
0.00452995
0.00317891
0.00178019
0.0014623
0.000890096
0.0149727
