0.0316143
0.00460943
0.00510216
0.00470479
0.00570615
0.00616709
0.00691414
0.00720024
0.00812213
0.0090917
0.0106494
0.0133514
0.0150522
0.0189463
0.0205199
0.0224113
0.0247955
0.0256856
0.026989
0.0290235
0.0296116
0.0290871
0.0282288
0.0267188
0.0269731
0.0233968
0.0212669
0.0196457
0.0175953
0.0159264
0.0145276
0.0126044
0.012509
0.0118415
0.0100136
0.00947316
0.00950495
0.00840823
0.0085036
0.00816981
0.0078996
0.00772476
0.00734329
0.00696182
0.00767708
0.00764529
0.00718435
0.00735919
0.00691414
0.00740687
0.00739098
0.00680288
0.00799497
0.00737508
0.00724792
0.00726382
0.00767708
0.00727971
0.00766118
0.00750224
0.00743866
0.00685056
0.00775655
0.00726382
0.00786781
0.00786781
0.00786781
0.00802676
0.0081857
0.00805855
0.00832876
0.0082016
0.00974337
0.0087738
0.00886917
0.00915527
0.00888507
0.00945727
0.0102043
0.010252
0.0116825
0.0122547
0.0139554
0.0162125
0.0197728
0.0233968
0.0284195
0.0356197
0.0456651
0.0595093
0.0759761
0.0923793
0.113217
0.127045
0.134198
0.145706
0.154718
0.160201
0.173028
0.188653
0.20504
0.2268
0.257603
0.293779
0.325966
0.345755
0.353384
0.357898
0.363032
0.363207
0.361681
0.366386
0.37508
0.389036
0.426356
0.458654
0.492557
0.508213
0.492684
0.45832
0.410191
0.377019
0.34879
0.332912
0.317828
0.318193
0.316668
0.323598
0.335137
0.34167
0.354751
0.351365
0.365353
0.380039
0.405169
0.430298
0.464789
0.506242
0.55054
0.598558
0.665267
0.737588
0.803089
0.86964
0.974496
1.13583
1.32084
1.49102
1.57488
1.57324
1.54039
1.58011
1.70113
1.82851
1.92355
1.95371
1.94324
1.84355
1.73732
1.62997
1.53728
1.45238
1.33394
1.2166
1.10351
0.998116
0.90847
0.856336
0.838137
0.846386
0.864776
0.889508
0.930595
1.03083
1.18402
1.34803
1.4444
1.47014
1.48597
1.49194
1.48358
1.45025
1.407
1.33411
1.27246
1.20182
1.14295
1.10712
1.05341
1.01151
0.953897
0.876236
0.789245
0.712903
0.647926
0.591071
0.56483
0.530942
0.513347
0.500536
0.490125
0.484308
0.47636
0.463867
0.449403
0.425959
0.389751
0.36397
0.347281
0.330512
0.309833
0.295655
0.286833
0.285435
0.264947
0.257858
0.244109
0.229168
0.205739
0.194899
0.195058
0.183121
0.170739
0.165447
0.165399
0.171216
0.174348
0.187651
0.192992
0.197109
0.206645
0.21712
0.230392
0.237465
0.225878
0.216516
0.198841
0.18568
0.162872
0.145483
0.120354
0.0919183
0.0593344
0.034984
0.0140349
0.00618299
0.00230471
0.000603994
0.000222524
0
0
0
0
0
0
0
