0.00452995
0.000890096
0.00104904
0.00128746
0.00144641
0.00144641
0.00184377
0.00181198
0.00209808
0.00211398
0.00271797
0.00265439
0.00247955
0.00276566
0.00287692
0.00349681
0.00319481
0.00367165
0.0037988
0.00403722
0.00470479
0.00449816
0.00449816
0.00443459
0.0049909
0.00564257
0.00495911
0.00530879
0.00596046
0.00646909
0.00662804
0.00664393
0.00626246
0.00683467
0.00718435
0.00739098
0.00721614
0.00775655
0.00807444
0.00859896
0.0087897
0.00921885
0.0103474
0.0101248
0.0106494
0.0113487
0.011301
0.0121435
0.0104586
0.0110308
0.0109355
0.0105858
0.0106335
0.0106176
0.01146
0.0105858
0.0110467
0.0106017
0.0117461
0.0112534
0.0112375
0.0112216
0.0114123
0.011301
0.0112057
0.0103633
0.0109514
0.010554
0.0110149
0.0104586
0.0107129
0.00940959
0.0101725
0.00974337
0.00874201
0.00993411
0.0104427
0.00988642
0.0102202
0.0105063
0.0103315
0.0111421
0.0105222
0.00980695
0.0110785
0.0101248
0.0099659
0.00950495
0.00913938
0.00934601
0.00844002
0.00856717
0.00797908
0.00816981
0.00670751
0.00638962
0.00642141
0.0064373
0.00559489
0.00580152
0.00561078
0.00524521
0.00596046
0.00557899
0.00519753
0.00521342
0.00514984
0.00591278
0.00578562
0.00546773
0.00594457
0.00548363
0.00540415
0.00561078
0.00600815
0.00583331
0.00537237
0.00572205
0.00599225
0.00578562
0.00543594
0.00575384
0.00588099
0.00611941
0.00572205
0.0058651
0.00642141
0.00569026
0.00624657
0.00575384
0.00677109
0.00632604
0.00618299
0.00651677
0.00588099
0.0061353
0.00627836
0.00637372
0.00632604
0.00665983
0.00713666
0.00743866
0.00794729
0.0073274
0.00747045
0.0078996
0.00804265
0.00869433
0.00847181
0.00810623
0.00832876
0.00844002
0.00840823
0.00834465
0.0085036
0.0084877
0.00823339
0.00866254
0.00898043
0.00896454
0.00928243
0.00867844
0.0093778
0.0105699
0.0113646
0.0125885
0.0150204
0.0172774
0.0196457
0.0218074
0.0251611
0.0288328
0.0316938
0.038751
0.0426928
0.0446002
0.0480334
0.055027
0.060908
0.0671228
0.0792027
0.0858784
0.0909805
0.103617
0.116444
0.132418
0.154066
0.180244
0.204357
0.231886
0.258764
0.283019
0.330575
0.401481
0.494194
0.587209
0.647593
0.662152
0.645224
0.612005
0.575972
0.547806
0.533962
0.518672
0.522884
0.522629
0.516701
0.518862
0.536489
0.53978
0.563304
0.604868
0.627009
0.63796
0.632826
0.601784
0.604645
0.618966
0.638167
0.641982
0.64532
0.640647
0.625769
0.623433
0.630665
0.619332
0.621907
0.605265
0.601212
0.605265
0.614882
0.644906
0.673262
0.692495
0.743294
0.777674
0.848913
0.856145
0.891829
0.936794
0.977453
1.02463
1.03275
1.08938
1.17218
1.20969
1.23078
1.34161
1.3912
1.56773
1.73006
1.86531
1.92366
1.92494
1.95173
45.1143
