0.0169277
0.00150998
0.00133514
0.00139872
0.00123978
0.00131925
0.00160535
0.00155767
0.00138283
0.00136693
0.00123978
0.0014782
0.00127157
0.00160535
0.00182788
0.00149409
0.0014623
0.00154177
0.00181198
0.00181198
0.00195503
0.00241597
0.00208219
0.00243187
0.00254313
0.00317891
0.00319481
0.00402133
0.00464122
0.00611941
0.00667572
0.00836054
0.00974337
0.0125726
0.0144005
0.0157356
0.0169436
0.0185649
0.0185649
0.0204563
0.0228723
0.0254631
0.0309944
0.0332991
0.0364939
0.0391642
0.0411669
0.0407696
0.039355
0.0352065
0.0323455
0.0308196
0.0293573
0.0264009
0.0242074
0.0222365
0.0206153
0.0190894
0.0179927
0.0177383
0.0152906
0.0148296
0.0140508
0.0124772
0.0120481
0.0111262
0.0101407
0.0102361
0.00960032
0.00945727
0.00828107
0.00805855
0.00812213
0.00727971
0.00696182
0.00675519
0.00712077
0.00624657
0.00623067
0.00658035
0.00535647
0.00634193
0.00648499
0.00616709
0.00623067
0.00626246
0.00573794
0.00576973
0.00537237
0.0058492
0.00581741
0.00597636
0.00583331
0.0058651
0.00607173
0.00618299
0.0052611
0.00510216
0.00521342
0.00573794
0.00554721
0.00565847
0.00529289
0.00557899
0.00602404
0.00551542
0.00569026
0.00572205
0.00553131
0.00592868
0.00572205
0.00600815
0.00530879
0.00603994
0.00596046
0.005277
0.00578562
0.00600815
0.00651677
0.0064373
0.00637372
0.00600815
0.00656446
0.00618299
0.0067393
0.00637372
0.00693003
0.00735919
0.0067234
0.00762939
0.00747045
0.00708898
0.00685056
0.00805855
0.00737508
0.00851949
0.00856717
0.00829697
0.00824928
0.00844002
0.00810623
0.00855128
0.0078996
0.00869433
0.00864665
0.0082016
0.00875791
0.00824928
0.00913938
0.00821749
0.00847181
0.00885328
0.00888507
0.00918706
0.00952085
0.00885328
0.00999769
0.00982285
0.00944138
0.00955264
0.0110149
0.0106494
0.010856
0.010856
0.0118891
0.0131448
0.0147502
0.0171502
0.0192324
0.0232697
0.0281652
0.0330925
0.0386874
0.0436147
0.0498295
0.0566959
0.058651
0.0697613
0.0742277
0.0870069
0.105031
0.126966
0.150506
0.183249
0.234222
0.288947
0.348679
0.385141
0.399653
0.417964
0.437117
0.481097
0.560649
0.64942
0.724284
0.752624
0.762161
0.771586
0.793711
0.836913
0.879637
0.909646
0.952975
1.00902
1.05869
1.08258
1.09447
1.12953
1.09194
1.03911
0.963259
0.933329
0.897789
0.878429
0.819763
0.761509
0.725571
0.676155
0.66433
0.69356
0.710376
0.735966
0.823863
0.843175
0.883754
0.979487
1.13964
1.18747
1.26503
1.31871
1.38446
1.32583
1.35323
1.31469
1.22536
1.12635
1.15786
1.23224
1.28222
1.31739
1.31764
1.40754
1.45055
1.52191
1.46038
1.37959
1.38621
1.43701
1.47096
1.41498
1.52494
1.49914
1.53645
1.84927
1.67238
25.1589
