0.00306765
0.000969569
0.00112851
0.00135104
0.0017484
0.00178019
0.00219345
0.00260671
0.00329018
0.00298818
0.00373522
0.0043869
0.00424385
0.00548363
0.00575384
0.00640551
0.00661214
0.00686646
0.00793139
0.00786781
0.00880559
0.00950495
0.0102043
0.0111421
0.0121276
0.0136216
0.0150522
0.0171185
0.0181198
0.019598
0.0194709
0.0194232
0.0192324
0.0188669
0.017786
0.0177542
0.0153383
0.013717
0.0124613
0.0117779
0.0111262
0.0100136
0.00913938
0.00858307
0.00796318
0.00770887
0.00748634
0.00665983
0.00653267
0.00591278
0.00602404
0.00603994
0.00561078
0.0058651
0.00554721
0.00624657
0.00507037
0.00534058
0.00483195
0.00480016
0.00495911
0.00449816
0.00510216
0.00454585
0.00505447
0.00454585
0.00429153
0.00449816
0.00398954
0.00472069
0.00414848
0.00433922
0.004673
0.00389417
0.00418027
0.00389417
0.00446637
0.00430743
0.00405312
0.00389417
0.00402133
0.00422796
0.00430743
0.00437101
0.00429153
0.00462532
0.0040849
0.0043869
0.00472069
0.00435511
0.00465711
0.00418027
0.00449816
0.00457764
0.00449816
0.00478427
0.004975
0.00414848
0.004673
0.00491142
0.00514984
0.00475248
0.00529289
0.00521342
0.00494321
0.00494321
0.00610352
0.00513395
0.00524521
0.00583331
0.00573794
0.00578562
0.00654856
0.00623067
0.00653267
0.00648499
0.00707308
0.00715256
0.00708898
0.00735919
0.00751813
0.00735919
0.00780423
0.0079155
0.0081857
0.00915527
0.0099659
0.0120481
0.0143528
0.0163396
0.0203451
0.0239849
0.0269572
0.0304222
0.0371297
0.0423431
0.04824
0.0522772
0.0570456
0.0660737
0.0721455
0.0824293
0.0931899
0.107241
0.117079
0.134246
0.154098
0.171804
0.191879
0.204182
0.222635
0.235573
0.251261
0.282669
0.321452
0.368007
0.405836
0.440709
0.453122
0.447257
0.42092
0.401847
0.396315
0.413942
0.460609
0.531896
0.588878
0.648944
0.695515
0.710233
0.719643
0.72705
0.728099
0.719897
0.715224
0.706132
0.7013
0.673978
0.636212
0.626882
0.637913
0.654697
0.687933
0.720008
0.756693
0.802406
0.814009
0.809574
0.790119
0.76766
0.760333
0.79209
0.819619
0.838995
0.842047
0.851615
0.849708
0.836913
0.810242
0.777817
0.75291
0.712999
0.677029
0.665236
0.661532
0.686169
0.729084
0.76251
0.777467
0.776927
0.738207
0.706212
0.697517
0.687059
0.664743
0.639057
0.613864
0.591008
0.585636
0.59495
0.604916
0.592105
0.600147
0.611782
0.647291
0.709788
0.806077
0.890811
1.04458
1.18372
1.26036
1.26204
1.35555
1.44606
1.52556
1.49487
1.48985
1.40632
1.33284
1.1857
1.09587
1.03294
1.10259
1.18202
1.10494
1.0886
1.09897
1.01336
0.965786
0.971921
0.979694
0.91726
0.879844
0.828632
0.836134
15.8108
