0.0256856
0.00228882
0.00265439
0.00313123
0.00290871
0.00352859
0.00398954
0.00427564
0.00576973
0.00775655
0.0115077
0.0157674
0.0208696
0.0252088
0.0276407
0.0311216
0.0325044
0.0320752
0.0314236
0.0240008
0.0196775
0.0175158
0.0144958
0.0131766
0.0120163
0.010999
0.0100136
0.00863075
0.00743866
0.00670751
0.00683467
0.00624657
0.00583331
0.00594457
0.00549952
0.00495911
0.00522931
0.00500679
0.00473658
0.00421206
0.00406901
0.00403722
0.00443459
0.0044028
0.004673
0.00460943
0.00446637
0.00413259
0.00425975
0.00394185
0.00402133
0.00386238
0.00386238
0.00454585
0.00406901
0.00445048
0.00383059
0.00445048
0.00429153
0.00425975
0.00457764
0.00456174
0.00475248
0.00433922
0.00452995
0.00492732
0.00487963
0.00569026
0.00599225
0.00565847
0.00610352
0.0064532
0.0073115
0.00767708
0.00933011
0.0112216
0.0121593
0.0130018
0.0149727
0.0154018
0.0196934
0.020806
0.0229677
0.0276248
0.02985
0.0341415
0.0347137
0.0397205
0.0409126
0.0434717
0.0481764
0.0548363
0.0653903
0.0792185
0.103982
0.14658
0.21232
0.302283
0.412401
0.532325
0.64373
0.725412
0.776323
0.818793
0.841633
0.841109
0.817251
0.821257
0.821479
0.830253
0.860755
0.896915
0.923204
0.955232
0.983667
1.02299
1.06187
1.08616
1.08155
1.04194
1.00842
0.989962
0.9679
0.938574
0.947618
0.998624
1.10356
1.20446
1.2936
1.35352
1.42399
1.4993
1.59348
1.62854
1.66308
1.70002
1.7549
1.79141
1.7886
1.72898
1.67098
1.627
1.57024
1.48835
1.47646
1.50634
1.55908
1.55745
1.5244
1.52621
1.59542
1.74235
1.9369
2.14715
2.26383
2.29359
2.351
2.39984
2.39776
2.2627
2.03746
1.79356
1.59829
1.47417
1.37291
1.226
1.05909
0.87471
0.72875
0.594473
0.47067
0.382376
0.323232
0.280317
0.233714
0.17093
0.107336
0.0620524
0.0355403
0.0202656
0.0111898
0.00580152
0.00360807
0.00190735
0.00114441
0.000953674
0.000747045
0.000619888
0.000540415
0.000460943
0.000254313
0.000158946
0.000238419
0.000190735
0.000127157
6.35783e-05
1.58946e-05
3.17891e-05
1.58946e-05
3.17891e-05
1.58946e-05
1.58946e-05
0
0
0
0
0
0
0
0
0
0
0
0
0
0
0
0
0
0
0
0
0
0
0
0
0
0
0
0
0
0
0
0
0
0
0
0
0
0
0
0
0
0
0
0
0
0
0
0
0
0
0
0
0
0
