0
0
0
0
0
6.35783e-05
0.000127157
0.000349681
0.000460943
0.000683467
0.00122388
0.00246366
0.00348091
0.00545184
0.00745455
0.0114282
0.0153542
0.017341
0.0184536
0.0198682
0.0200589
0.0204086
0.0204404
0.0193914
0.0192642
0.0188669
0.017341
0.0160217
0.0153224
0.0140349
0.0145117
0.0127157
0.0124931
0.0110944
0.010856
0.0114282
0.0100454
0.00898043
0.00929832
0.00762939
0.00729561
0.00661214
0.00667572
0.00648499
0.00735919
0.00648499
0.00638962
0.00626246
0.00588099
0.00551542
0.00530879
0.0049909
0.00516574
0.00551542
0.00511805
0.00518163
0.00516574
0.00478427
0.00465711
0.00460943
0.00433922
0.00475248
0.0040849
0.0043869
0.00451406
0.00454585
0.00397364
0.00459353
0.00452995
0.00449816
0.00392596
0.00422796
0.00419617
0.00391006
0.00424385
0.00421206
0.00373522
0.00437101
0.00435511
0.00445048
0.00389417
0.00433922
0.00448227
0.00451406
0.00422796
0.00413259
0.00425975
0.00398954
0.00432332
0.00481606
0.00435511
0.0043869
0.00414848
0.00478427
0.00462532
0.00437101
0.0049909
0.00460943
0.00481606
0.00562668
0.00557899
0.00576973
0.00611941
0.0058651
0.00624657
0.00675519
0.00807444
0.0102679
0.0142892
0.0215689
0.0386874
0.0687281
0.120989
0.18576
0.253201
0.329049
0.42251
0.553068
0.684849
0.768852
0.812165
0.847117
0.895675
0.964753
1.08223
1.21524
1.39384
1.59335
1.83317
2.1124
2.42984
2.77168
3.06891
3.22086
3.20393
2.96478
2.6439
2.34755
2.08696
1.90681
1.77423
1.70492
1.67521
1.63859
1.56496
1.43768
1.33449
1.22674
1.16097
1.1281
1.11583
1.09526
1.08759
1.06535
1.05845
1.0438
1.04233
1.0071
0.963211
0.941658
0.956472
0.98966
1.04853
1.11491
1.15727
1.18348
1.25971
1.34344
1.41295
1.49231
1.51135
1.48904
1.44655
1.40468
1.34837
1.23638
1.1319
1.04987
0.992314
0.927734
0.838486
0.766452
0.717513
0.722408
0.694879
0.626453
0.514603
0.403945
0.311629
0.233698
0.178162
0.139983
0.11603
0.103076
0.0905037
0.0913779
0.0907898
0.0756582
0.0535011
0.0358899
0.0176748
0.00890096
0.00395775
0.00187556
0.000921885
0.000683467
0.000429153
0.00017484
0.000111262
4.76837e-05
1.58946e-05
0
0
0
0
0
0
0
0
0
0
0
0
0
0
0
0
0
0
0
0
0
0
0
0
0
0
0
0
0
0
0
0
0
0
0
0
0
0
0
0
0
0
0
0
0
