0.00782013
0.00144641
0.00189145
0.00208219
0.00281334
0.00276566
0.00303586
0.0032107
0.00340144
0.00394185
0.00402133
0.00505447
0.00480016
0.00532468
0.00665983
0.00667572
0.00745455
0.00832876
0.00871023
0.00902812
0.0106812
0.0120004
0.0130494
0.0142097
0.0149409
0.0174205
0.0188669
0.0209332
0.0217279
0.0214418
0.0219345
0.0204404
0.0196457
0.0200431
0.0204563
0.018692
0.0165304
0.0154018
0.0148137
0.0134627
0.0137329
0.0128746
0.0115077
0.0122706
0.0126521
0.0108083
0.0106017
0.00993411
0.00940959
0.00990232
0.00869433
0.00894864
0.00858307
0.00804265
0.00912348
0.00829697
0.00867844
0.00797908
0.00801086
0.00681877
0.00745455
0.00737508
0.00737508
0.00716845
0.00699361
0.00678698
0.00729561
0.00742277
0.00724792
0.00726382
0.00700951
0.00686646
0.0070413
0.00742277
0.00689824
0.00688235
0.00705719
0.00720024
0.00642141
0.00642141
0.00713666
0.00739098
0.00646909
0.00677109
0.0064532
0.00654856
0.0061353
0.00596046
0.00623067
0.00624657
0.00640551
0.00669161
0.00589689
0.00640551
0.00632604
0.00658035
0.00667572
0.00747045
0.00665983
0.00756582
0.00686646
0.00694593
0.00669161
0.00689824
0.00747045
0.00793139
0.00797908
0.00813802
0.00782013
0.00810623
0.0085036
0.00750224
0.00748634
0.00766118
0.00786781
0.0078996
0.00831286
0.00742277
0.00740687
0.00769297
0.00775655
0.00866254
0.00810623
0.0078996
0.00807444
0.00894864
0.00786781
0.00823339
0.00886917
0.00786781
0.00958443
0.00939369
0.00883738
0.00990232
0.0102997
0.0101725
0.0113964
0.0129382
0.01448
0.0195503
0.02683
0.040404
0.0589848
0.0896136
0.12989
0.184759
0.272783
0.395075
0.545613
0.723728
0.924269
1.15709
1.47128
1.94076
2.5071
3.08698
3.52915
3.75683
3.77793
3.63765
3.46732
3.30981
3.18483
3.00616
2.79047
2.61421
2.44508
2.30896
2.15866
1.99936
1.84603
1.74327
1.69349
1.69285
1.65304
1.52043
1.36348
1.17734
1.03726
0.953817
0.897328
0.888888
0.920391
0.975084
1.05225
1.16421
1.27441
1.36514
1.40476
1.45016
1.49937
1.55354
1.63803
1.68902
1.73667
1.74098
1.66399
1.4939
1.21794
0.93352
0.690269
0.475709
0.307719
0.178003
0.0963052
0.0478427
0.0257492
0.0149727
0.0114441
0.00926654
0.00801086
0.00729561
0.0073115
0.00685056
0.00681877
0.00619888
0.00576973
0.00518163
0.00513395
0.00505447
0.0043869
0.00371933
0.00343323
0.00271797
0.00270208
0.00214577
0.00184377
0.00185966
0.00179609
0.00103315
0.00120799
0.000603994
0.000524521
0.000667572
0.000238419
0.000301997
0.000222524
0.000127157
0.000127157
7.94729e-05
6.35783e-05
1.58946e-05
1.58946e-05
1.58946e-05
0
0
0
0
0
0
0
0
0
0
0
0
