0.00141462
0.000254313
0.000301997
0.000524521
0.000429153
0.000874201
0.000969569
0.00112851
0.0014782
0.00144641
0.00157356
0.00193914
0.0023524
0.00300407
0.00370344
0.00359217
0.00405312
0.00451406
0.00514984
0.00537237
0.00670751
0.00638962
0.00783602
0.00797908
0.00867844
0.00934601
0.0102043
0.0107765
0.0112216
0.0127474
0.013574
0.0148614
0.0154654
0.0149727
0.0156085
0.0159899
0.0167688
0.0178814
0.0173092
0.0156403
0.0154654
0.0147502
0.0151316
0.0143369
0.0140826
0.012668
0.0135263
0.0119368
0.0116189
0.010856
0.0110149
0.00995
0.0100772
0.00893275
0.00842412
0.0076135
0.00778834
0.0076135
0.00712077
0.00638962
0.00570615
0.00599225
0.00624657
0.00616709
0.00553131
0.00511805
0.005277
0.00452995
0.00508626
0.00480016
0.00500679
0.00510216
0.00514984
0.00424385
0.00484784
0.00425975
0.00418027
0.00448227
0.00397364
0.00418027
0.00416438
0.00481606
0.00443459
0.00403722
0.00419617
0.00473658
0.00413259
0.00383059
0.00460943
0.00435511
0.00398954
0.00435511
0.00397364
0.00389417
0.00391006
0.00429153
0.00406901
0.00432332
0.00435511
0.00445048
0.00397364
0.00416438
0.00451406
0.00448227
0.00460943
0.00459353
0.00535647
0.00441869
0.00522931
0.00508626
0.00470479
0.00583331
0.00530879
0.0055631
0.00578562
0.0058492
0.00561078
0.00642141
0.00650088
0.00634193
0.00686646
0.00685056
0.00721614
0.00656446
0.00742277
0.00723203
0.00667572
0.00683467
0.00734329
0.00759761
0.00715256
0.00785192
0.0079155
0.00837644
0.00834465
0.00802676
0.00863075
0.00786781
0.0084877
0.00921885
0.00913938
0.00888507
0.0090758
0.0100772
0.0105381
0.011603
0.0128905
0.014623
0.0191212
0.02683
0.0409285
0.0658194
0.118446
0.212971
0.35216
0.505733
0.655667
0.79368
0.944519
1.15074
1.46998
1.90217
2.4521
3.0403
3.53694
3.86988
3.94451
3.78129
3.51825
3.23512
3.04605
2.80805
2.58641
2.40178
2.2363
2.14405
2.0824
2.03942
2.01399
1.9879
1.93375
1.88179
1.80821
1.70978
1.6383
1.6147
1.64197
1.65561
1.67289
1.68023
1.57703
1.46599
1.33697
1.25461
1.18345
1.1421
1.08628
1.02469
0.957648
0.90723
0.87498
0.862869
0.864474
0.849756
0.798512
0.766659
0.72457
0.688966
0.641505
0.593901
0.537205
0.465425
0.381406
0.284449
0.220776
0.169627
0.147518
0.124852
0.108624
0.0982443
0.0852585
0.07569
0.071303
0.07267
0.0699679
0.0657717
0.0588894
0.040706
0.0236988
0.0126998
0.00567436
0.00305176
0.00179609
0.00143051
0.0014782
0.00112851
0.000667572
0.000492732
0.000588099
0.000492732
0.00038147
0.000429153
0.000476837
0.000238419
0.000317891
0.000254313
0.000270208
0.00017484
0.00017484
0.000222524
0.000222524
0.000143051
7.94729e-05
9.53674e-05
9.53674e-05
0.000143051
