0.00367165
0.00111262
0.00178019
0.00193914
0.00265439
0.00244776
0.00316302
0.0043869
0.00537237
0.00578562
0.00661214
0.00828107
0.00891685
0.010252
0.0115554
0.0149886
0.0172138
0.0210762
0.0243823
0.0237783
0.0238419
0.0218868
0.0203609
0.0193596
0.0190417
0.016578
0.0145753
0.0121276
0.00972748
0.00883738
0.00816981
0.00831286
0.00785192
0.00788371
0.00685056
0.00640551
0.00567436
0.00532468
0.00535647
0.00489553
0.0046889
0.00451406
0.00478427
0.00553131
0.00478427
0.00472069
0.00430743
0.00400543
0.00375112
0.00394185
0.0040849
0.0043869
0.0041008
0.00425975
0.00368754
0.00389417
0.00378291
0.00394185
0.00308355
0.00405312
0.00313123
0.00346502
0.00344912
0.00343323
0.0035127
0.00340144
0.00316302
0.00324249
0.00314713
0.00308355
0.00343323
0.00335375
0.0032266
0.00349681
0.00362396
0.00357628
0.00343323
0.00336965
0.00311534
0.00348091
0.00371933
0.00348091
0.00343323
0.0032107
0.00378291
0.00344912
0.0032266
0.00360807
0.00365575
0.00335375
0.0040849
0.00362396
0.00360807
0.0046889
0.00411669
0.0044028
0.00422796
0.00411669
0.00441869
0.00414848
0.00435511
0.00416438
0.00460943
0.00514984
0.00546773
0.00519753
0.0049909
0.00502268
0.00589689
0.00553131
0.005277
0.00569026
0.00634193
0.00505447
0.00581741
0.00624657
0.00694593
0.00758171
0.00840823
0.00999769
0.0133514
0.0179768
0.0261784
0.0365098
0.0519276
0.0753562
0.109116
0.163571
0.238069
0.327285
0.420173
0.507784
0.581074
0.630347
0.640917
0.648801
0.652234
0.676552
0.705671
0.743771
0.77006
0.803312
0.833464
0.866254
0.905164
0.944773
0.971746
1.00646
1.05058
1.16121
1.32783
1.56182
1.74336
1.94101
2.21446
2.62577
3.20156
4.0177
4.98567
5.78357
6.06078
5.99818
5.56647
4.69472
3.54451
2.56793
1.88409
1.43258
1.14071
0.963227
0.838741
0.733312
0.645272
0.585524
0.561889
0.555531
0.565322
0.545963
0.517909
0.472212
0.448497
0.434097
0.435257
0.44721
0.473849
0.493177
0.510645
0.522598
0.524282
0.503222
0.474056
0.419315
0.356309
0.311836
0.278759
0.256872
0.251007
0.253391
0.250181
0.24732
0.241152
0.235001
0.245333
0.266425
0.306304
0.331179
0.341352
0.340843
0.349204
0.355117
0.342766
0.316238
0.276518
0.22912
0.184981
0.150172
0.125996
0.116666
0.115267
0.110722
0.106414
0.090917
0.0742594
0.0585715
0.0480016
0.0395139
0.0299454
0.0240644
0.0180086
0.0103951
0.00551542
0.00300407
0.00138283
0.000699361
0.000508626
0.00017484
6.35783e-05
0.000143051
7.94729e-05
3.17891e-05
6.35783e-05
0.000111262
4.76837e-05
7.94729e-05
9.53674e-05
1.58946e-05
6.35783e-05
1.58946e-05
7.94729e-05
7.94729e-05
6.35783e-05
3.17891e-05
3.17891e-05
0
0
0
