0.00309944
0.000301997
0.000286102
0.000301997
0.000222524
0.000429153
0.000508626
0.000429153
0.000524521
0.000476837
0.000413259
0.00055631
0.000667572
0.000715256
0.000524521
0.000890096
0.000778834
0.000810623
0.00127157
0.00122388
0.00135104
0.00106494
0.00138283
0.00166893
0.00189145
0.00198682
0.00220935
0.00241597
0.00254313
0.00267029
0.00346502
0.0032107
0.00343323
0.0037988
0.00405312
0.00422796
0.00457764
0.0052611
0.00507037
0.00522931
0.00505447
0.00483195
0.00594457
0.00518163
0.0046889
0.00551542
0.00546773
0.0055631
0.00481606
0.00534058
0.005277
0.00505447
0.00516574
0.00603994
0.00543594
0.00557899
0.00573794
0.0061512
0.00570615
0.0061353
0.00508626
0.00594457
0.00553131
0.00554721
0.00619888
0.00651677
0.00602404
0.00664393
0.00691414
0.00681877
0.00662804
0.00770887
0.00772476
0.00834465
0.00770887
0.0078996
0.00847181
0.00840823
0.00807444
0.00872612
0.00788371
0.00880559
0.00901222
0.00734329
0.00839233
0.00824928
0.00788371
0.0082016
0.00871023
0.00983874
0.00842412
0.00856717
0.00824928
0.00804265
0.00913938
0.00898043
0.00883738
0.00904401
0.0078996
0.00832876
0.00688235
0.00754992
0.00737508
0.00651677
0.00678698
0.00580152
0.00646909
0.00561078
0.00589689
0.00565847
0.00542005
0.00564257
0.00500679
0.00529289
0.00589689
0.0052611
0.00557899
0.00653267
0.00619888
0.00637372
0.0076135
0.00859896
0.0103474
0.0114918
0.0138919
0.0159899
0.0195185
0.0240803
0.0272751
0.0301043
0.0319322
0.0347137
0.0388622
0.0435034
0.0474135
0.0503063
0.0561555
0.0601927
0.0677745
0.0793457
0.0855287
0.0944932
0.102917
0.109434
0.116094
0.121244
0.129938
0.139173
0.152127
0.155894
0.160472
0.166241
0.174459
0.184329
0.208362
0.229073
0.24937
0.265551
0.267998
0.25897
0.248814
0.250562
0.267299
0.323836
0.402482
0.501871
0.579325
0.627057
0.641584
0.646226
0.668144
0.685294
0.69623
0.706164
0.72252
0.778278
0.822751
0.855414
0.872517
0.885566
0.886106
0.890923
0.909917
0.930103
0.974544
1.01066
0.994015
0.991599
0.958522
0.95129
0.941261
0.937176
0.926844
0.914542
0.880925
0.87676
0.861613
0.827789
0.785637
0.763051
0.780423
0.804599
0.832033
0.827948
0.817108
0.814708
0.82221
0.831906
0.83003
0.80994
0.819333
0.80905
0.801754
0.816059
0.827471
0.807047
0.783809
0.759617
0.730594
0.726525
0.716162
0.728146
0.739241
0.735235
0.718435
0.706053
0.702095
0.706387
0.723743
0.710726
0.684659
0.658941
0.668208
0.709089
0.744915
0.78125
0.81199
0.811815
0.853666
0.937001
0.987768
1.05069
1.0846
1.19441
1.25848
1.32906
1.48373
1.70277
1.85536
1.84512
1.92798
1.95662
2.09066
2.06291
1.95548
10.2513
