0.00629425
0.00143051
0.00184377
0.00212987
0.00273387
0.00295639
0.00289281
0.00308355
0.0038147
0.00405312
0.00457764
0.00507037
0.00511805
0.00569026
0.00570615
0.00632604
0.00637372
0.00705719
0.00867844
0.00836054
0.00933011
0.00917117
0.00913938
0.0104745
0.0103792
0.0112693
0.0123024
0.0117461
0.0129382
0.0132243
0.0141144
0.0154018
0.0165939
0.0170231
0.0196934
0.0193437
0.0202974
0.0219345
0.0218709
0.0221729
0.0227292
0.0230948
0.0238101
0.0225544
0.0219027
0.0228246
0.0231743
0.0231425
0.0239372
0.0238895
0.0241915
0.0234922
0.0227133
0.0223955
0.0197411
0.0178655
0.0156244
0.0153859
0.014019
0.0118256
0.012509
0.0108242
0.0093778
0.00917117
0.00913938
0.00883738
0.00756582
0.00754992
0.00689824
0.00626246
0.0067234
0.00661214
0.00691414
0.00642141
0.00616709
0.00665983
0.00675519
0.00583331
0.00688235
0.00623067
0.00640551
0.00605583
0.00661214
0.00675519
0.00680288
0.00680288
0.00693003
0.00715256
0.00646909
0.00688235
0.0067234
0.0070413
0.00759761
0.00793139
0.00750224
0.0073274
0.00799497
0.00788371
0.00764529
0.00842412
0.00812213
0.00913938
0.00851949
0.00944138
0.00837644
0.00945727
0.00864665
0.00894864
0.0093619
0.00893275
0.00934601
0.00990232
0.00913938
0.00899633
0.00931422
0.00948906
0.00912348
0.00955264
0.00929832
0.00904401
0.00993411
0.00975927
0.0103633
0.00920296
0.00960032
0.00995
0.00940959
0.00934601
0.00947316
0.0096639
0.00988642
0.00972748
0.0106176
0.0104745
0.0101725
0.010554
0.010697
0.0120163
0.0129064
0.0145594
0.0164509
0.0212351
0.0254313
0.0332038
0.0397682
0.045077
0.0512123
0.0591437
0.0708421
0.084877
0.109069
0.13291
0.168435
0.208394
0.261513
0.319449
0.372696
0.436815
0.496642
0.571934
0.63866
0.695213
0.685755
0.647847
0.599464
0.562334
0.544643
0.530561
0.524298
0.520293
0.516987
0.508515
0.500298
0.49154
0.497707
0.505686
0.518211
0.526222
0.52352
0.514476
0.519641
0.520293
0.531117
0.540749
0.539955
0.549968
0.542816
0.535615
0.519021
0.493224
0.494623
0.508944
0.533613
0.552464
0.553385
0.540082
0.538317
0.531864
0.534105
0.512091
0.503047
0.498835
0.479921
0.479078
0.473928
0.475407
0.483147
0.485611
0.497103
0.497246
0.472005
0.44481
0.436322
0.42758
0.428359
0.43211
0.422319
0.435543
0.459671
0.472911
0.472307
0.471878
0.460895
0.456365
0.448068
0.449451
0.446002
0.42971
0.411542
0.421063
0.435956
0.457811
0.474723
0.476837
0.48728
0.501696
0.511742
0.503492
0.503079
0.511249
0.573921
0.599893
0.656096
0.74091
0.841014
0.872056
0.876824
0.936604
1.00725
1.06937
1.18736
1.41654
1.50239
1.53904
1.56708
39.3107
