0.0049909
0.00166893
0.00120799
0.00208219
0.00216166
0.0026226
0.0032266
0.00411669
0.00483195
0.00513395
0.00580152
0.00597636
0.00753403
0.00828107
0.00947316
0.0109831
0.0128587
0.0144164
0.0166098
0.0188986
0.0195503
0.0218074
0.0219345
0.0207106
0.0201543
0.0184695
0.0169436
0.0143528
0.0137011
0.0136534
0.0120481
0.0118256
0.0112057
0.0106017
0.00901222
0.00834465
0.00810623
0.00772476
0.0078996
0.00786781
0.00785192
0.00743866
0.00705719
0.00715256
0.00621478
0.00629425
0.00635783
0.00627836
0.0061353
0.0058492
0.00623067
0.00605583
0.00508626
0.00554721
0.00489553
0.00446637
0.00538826
0.00543594
0.00505447
0.00480016
0.00521342
0.00425975
0.00534058
0.00403722
0.00449816
0.00538826
0.00456174
0.00519753
0.00500679
0.00476837
0.00578562
0.00581741
0.00578562
0.005277
0.00495911
0.00465711
0.00529289
0.00473658
0.0046889
0.0049909
0.00481606
0.00457764
0.00456174
0.00387828
0.00445048
0.00432332
0.00422796
0.00460943
0.00383059
0.0040849
0.00416438
0.00398954
0.00445048
0.00402133
0.00446637
0.00413259
0.00406901
0.00416438
0.00395775
0.00373522
0.00427564
0.0046889
0.00370344
0.00464122
0.00435511
0.00441869
0.00534058
0.00503858
0.00452995
0.00478427
0.00456174
0.00524521
0.00532468
0.00457764
0.00507037
0.00507037
0.00505447
0.00545184
0.00553131
0.00591278
0.00519753
0.00511805
0.00532468
0.00581741
0.00602404
0.00549952
0.00602404
0.00713666
0.00729561
0.00805855
0.00939369
0.011905
0.0165304
0.0194867
0.0264645
0.0319799
0.0405947
0.048399
0.0585079
0.0700951
0.08955
0.114743
0.156069
0.200272
0.267442
0.332959
0.421667
0.493304
0.555913
0.623067
0.685358
0.754992
0.83464
0.927718
1.02792
1.14765
1.28503
1.3708
1.36641
1.29251
1.24439
1.29552
1.41249
1.55106
1.69355
1.79687
1.87068
1.94047
2.00453
2.01515
2.00485
2.04708
2.17277
2.2744
2.33796
2.33542
2.30632
2.27811
2.20944
2.14008
2.09889
2.11315
2.10408
2.06396
2.02228
1.92151
1.82517
1.81581
1.81189
1.75832
1.63164
1.45663
1.35209
1.26848
1.19697
1.13638
1.11367
1.05445
1.0122
1.00762
1.0454
1.06084
1.06271
1.05192
1.01927
1.00263
0.954787
0.89496
0.8008
0.704559
0.63796
0.593917
0.539049
0.449944
0.382932
0.341813
0.339842
0.332785
0.305716
0.263039
0.193516
0.103966
0.0369708
0.0137329
0.00454585
0.00150998
0.000762939
0.00017484
1.58946e-05
3.17891e-05
0
0
0
0
0
0
0
0
0
0
0
0
0
0
0
0
0
0
0
0
0
0
0
0
0
0
