0.0360648
0.00759761
0.00783602
0.00910759
0.00979106
0.0110944
0.013876
0.0163873
0.0217597
0.0285308
0.0334263
0.0383536
0.0435829
0.0424226
0.0425975
0.0388463
0.0371297
0.0342528
0.029707
0.0246366
0.0225544
0.0182311
0.0175953
0.0151952
0.0154495
0.0138919
0.01297
0.0122229
0.0112216
0.0106653
0.00964801
0.00947316
0.00979106
0.00944138
0.00950495
0.00926654
0.00931422
0.0100931
0.00840823
0.0090758
0.00891685
0.00885328
0.0093778
0.00913938
0.00991821
0.00929832
0.00912348
0.00883738
0.0100454
0.00988642
0.0101407
0.0100772
0.00931422
0.0102997
0.00928243
0.0107765
0.0100772
0.00987053
0.010856
0.010252
0.0102043
0.0109037
0.0102679
0.0108083
0.0113169
0.0120799
0.0123819
0.0127316
0.0132402
0.0144482
0.016133
0.0179132
0.0226498
0.027434
0.0339031
0.0419935
0.051562
0.0631015
0.0766754
0.0910441
0.108067
0.133022
0.164334
0.204055
0.25533
0.297674
0.356452
0.402625
0.445795
0.484101
0.505861
0.511058
0.511201
0.508626
0.502157
0.500313
0.494289
0.480763
0.463645
0.451899
0.456127
0.463645
0.48755
0.501013
0.514158
0.527096
0.552909
0.584078
0.629727
0.681369
0.760905
0.864617
0.993427
1.12675
1.24027
1.26867
1.23216
1.13138
1.03566
0.96221
0.910441
0.84513
0.8008
0.772556
0.758759
0.741339
0.727812
0.686073
0.635513
0.580931
0.528526
0.477139
0.458845
0.431013
0.424417
0.414642
0.407871
0.384951
0.364955
0.342814
0.330146
0.332975
0.333039
0.341161
0.358057
0.381104
0.40075
0.413783
0.419648
0.408967
0.391674
0.373077
0.376097
0.404501
0.423797
0.447973
0.463359
0.468604
0.47822
0.509596
0.546217
0.564448
0.567643
0.588353
0.624927
0.680161
0.804122
1.05521
1.51672
2.07276
2.59895
2.84026
2.70553
2.28949
1.88131
1.63836
1.50965
1.43917
1.42156
1.39017
1.3553
1.30142
1.23957
1.14868
1.07311
1.03943
1.00819
0.965675
0.931438
0.90874
0.913302
0.936476
0.980123
1.00012
0.989278
1.00371
0.986147
0.932614
0.878922
0.845257
0.800196
0.761112
0.741339
0.652154
0.502761
0.355864
0.263675
0.197029
0.150712
0.132656
0.134548
0.131702
0.13504
0.140874
0.125567
0.112788
0.0866572
0.0790914
0.0706196
0.0631015
0.0408967
0.0358264
0.0227133
0.0113487
0.00511805
0.00160535
0.000254313
3.17891e-05
0
0
0
0
0
0
0
0
0
0
0
0
0
0
0
0
0
0
0
0
0
0
0
0
0
0
0
0
