0.00462532
0.00247955
0.00335375
0.00449816
0.00564257
0.00699361
0.00844002
0.0110944
0.0132402
0.0169913
0.0209173
0.0278155
0.0330448
0.0392914
0.0410875
0.0380834
0.0314077
0.0265121
0.021712
0.019598
0.0181675
0.0178973
0.0153224
0.0141303
0.0104427
0.00991821
0.00869433
0.00821749
0.00836054
0.00837644
0.00805855
0.00745455
0.00631015
0.00599225
0.00542005
0.00543594
0.00535647
0.00549952
0.00542005
0.00500679
0.00540415
0.00549952
0.00513395
0.00478427
0.0044028
0.00465711
0.0049909
0.00470479
0.00538826
0.00484784
0.00462532
0.00424385
0.00441869
0.00441869
0.00392596
0.00414848
0.00406901
0.00435511
0.00421206
0.00414848
0.00443459
0.00400543
0.00403722
0.00446637
0.00429153
0.00425975
0.00414848
0.00421206
0.004975
0.00451406
0.0043869
0.00435511
0.00422796
0.00416438
0.0043869
0.0044028
0.00427564
0.00557899
0.00507037
0.00489553
0.00513395
0.00481606
0.00487963
0.00475248
0.00500679
0.00569026
0.00513395
0.00537237
0.00589689
0.00521342
0.00554721
0.00537237
0.00596046
0.00618299
0.00543594
0.00634193
0.00607173
0.00603994
0.00665983
0.00640551
0.00705719
0.00610352
0.00681877
0.00694593
0.00693003
0.0067234
0.00729561
0.00796318
0.00802676
0.00810623
0.00810623
0.00915527
0.0100931
0.0106176
0.012509
0.0160217
0.0185331
0.0226816
0.028499
0.0335693
0.0384649
0.0457128
0.0555197
0.071462
0.0838598
0.100342
0.113487
0.130351
0.143464
0.15885
0.177654
0.199699
0.230344
0.284815
0.361888
0.49928
0.730308
1.06955
1.54823
2.16665
2.85595
3.55434
4.1873
4.67278
5.00113
5.15456
5.20271
5.08741
4.77851
4.34432
3.8775
3.56429
3.39829
3.2811
3.15501
3.03788
2.98648
2.98653
2.9259
2.74242
2.45476
2.1856
1.9961
1.81464
1.62037
1.31663
0.979217
0.669972
0.420062
0.236686
0.112788
0.0489235
0.0223478
0.0116189
0.00688235
0.00384649
0.00192324
0.000762939
0.000683467
0.000254313
6.35783e-05
3.17891e-05
3.17891e-05
1.58946e-05
0
0
0
0
0
0
0
0
0
0
0
0
0
0
0
0
0
0
0
0
0
0
0
0
0
0
0
0
0
0
0
0
0
0
0
0
0
0
0
0
0
0
0
0
0
0
0
0
0
0
0
0
0
0
0
0
0
0
0
0
0
0
0
0
0
0
0
0
0
0
0
0
