0.0079155
0.00287692
0.00352859
0.0041008
0.00551542
0.00669161
0.00759761
0.00915527
0.0119527
0.0144482
0.0184695
0.0232697
0.0279744
0.0316302
0.0361284
0.0375112
0.0378291
0.0364304
0.0319163
0.0265439
0.0231584
0.0195662
0.018549
0.0163237
0.0151952
0.0134468
0.0129223
0.0117779
0.0100613
0.00982285
0.0082016
0.00774066
0.00777245
0.00680288
0.00707308
0.00621478
0.00608762
0.00616709
0.00516574
0.00561078
0.00491142
0.00480016
0.00432332
0.00422796
0.00449816
0.00448227
0.00492732
0.00437101
0.00424385
0.00494321
0.00441869
0.00416438
0.00432332
0.00446637
0.00449816
0.00473658
0.00470479
0.00456174
0.00456174
0.00484784
0.00433922
0.00462532
0.00424385
0.00481606
0.00459353
0.00489553
0.00519753
0.00495911
0.00492732
0.00503858
0.00551542
0.00443459
0.00487963
0.00489553
0.00475248
0.00505447
0.00505447
0.00559489
0.00559489
0.00489553
0.00543594
0.00532468
0.00551542
0.0052611
0.0052611
0.00553131
0.00551542
0.00589689
0.00607173
0.00553131
0.00596046
0.00618299
0.00589689
0.00610352
0.00591278
0.00642141
0.00634193
0.00583331
0.00603994
0.00661214
0.00696182
0.00667572
0.00669161
0.0070413
0.00669161
0.00686646
0.00769297
0.00721614
0.00788371
0.00802676
0.00885328
0.00859896
0.00939369
0.00977516
0.0108719
0.0123978
0.0142733
0.0191053
0.0254949
0.0405471
0.0651042
0.10376
0.161489
0.232506
0.318257
0.41496
0.512091
0.616185
0.715748
0.815296
0.905069
1.01569
1.1291
1.23946
1.36669
1.47201
1.56711
1.64849
1.71806
1.79029
1.87764
1.89999
1.90757
1.90042
1.91221
1.96257
2.05251
2.19103
2.32822
2.47661
2.62701
2.72121
2.77014
2.85983
2.94846
3.11507
3.30893
3.32239
3.20358
3.01781
2.80946
2.65109
2.56356
2.47822
2.34741
2.22322
2.11465
1.98778
1.78189
1.57267
1.34568
1.14627
0.963434
0.824626
0.723823
0.641346
0.563717
0.450452
0.367816
0.315952
0.269826
0.220791
0.153923
0.0811895
0.0347137
0.0113964
0.00445048
0.00201861
0.000699361
0.000508626
0.000222524
0.000222524
9.53674e-05
9.53674e-05
3.17891e-05
0
0
0
0
0
0
0
0
0
0
0
0
0
0
0
0
0
0
0
0
0
0
0
0
0
0
0
0
0
0
0
0
0
0
0
0
0
0
0
0
0
0
0
0
0
0
0
0
0
0
0
0
0
0
0
0
0
0
0
0
0
