0.027736
0.00413259
0.00432332
0.004673
0.00460943
0.00546773
0.00516574
0.00513395
0.00565847
0.00551542
0.00605583
0.00632604
0.0070254
0.00794729
0.00855128
0.00964801
0.010856
0.0118732
0.0138124
0.0160376
0.0178655
0.0210762
0.0228246
0.0233332
0.0217756
0.0215054
0.0183423
0.017945
0.0171026
0.0156879
0.0142097
0.0143687
0.0129859
0.010999
0.00899633
0.00853539
0.00802676
0.00740687
0.00775655
0.00707308
0.00664393
0.00632604
0.0058651
0.00529289
0.00514984
0.00529289
0.00478427
0.00443459
0.00460943
0.00448227
0.00495911
0.00427564
0.00460943
0.00419617
0.00429153
0.00449816
0.00398954
0.00430743
0.00457764
0.00363986
0.00346502
0.00338554
0.00356038
0.00325839
0.0037988
0.00373522
0.00397364
0.00368754
0.00368754
0.00352859
0.00427564
0.00403722
0.0035127
0.0035127
0.00352859
0.00360807
0.00360807
0.00397364
0.00356038
0.00392596
0.00386238
0.00391006
0.00433922
0.00421206
0.00425975
0.00371933
0.00376701
0.00398954
0.00419617
0.00489553
0.0043869
0.00457764
0.00437101
0.00500679
0.00476837
0.00475248
0.00546773
0.00532468
0.00538826
0.00508626
0.00581741
0.00495911
0.0052611
0.00578562
0.00588099
0.00575384
0.00616709
0.00670751
0.00624657
0.00646909
0.00662804
0.00640551
0.00650088
0.00627836
0.00675519
0.00637372
0.00688235
0.00737508
0.00770887
0.00713666
0.0073274
0.00727971
0.00750224
0.00777245
0.00826518
0.00853539
0.00824928
0.00837644
0.00969569
0.0093778
0.00961622
0.00987053
0.0104745
0.0120322
0.0137965
0.0191053
0.027895
0.0421524
0.0622908
0.0953039
0.136868
0.19207
0.265853
0.351969
0.46285
0.564273
0.667191
0.742928
0.801023
0.828918
0.843302
0.864744
0.887314
0.911649
0.897646
0.891924
0.915798
0.990852
1.09957
1.22266
1.37585
1.59766
1.86925
2.1767
2.40577
2.60838
2.835
3.06706
3.2427
3.3505
3.40751
3.42833
3.41927
3.45356
3.61923
3.84425
3.95907
3.95614
3.75635
3.39432
2.90303
2.33118
1.8641
1.45696
1.18008
1.00473
0.916179
0.858943
0.836547
0.774399
0.691923
0.66576
0.673564
0.749
0.796477
0.76731
0.693051
0.604232
0.566292
0.515429
0.478299
0.394583
0.307258
0.241629
0.19962
0.171137
0.156116
0.147645
0.133276
0.119479
0.0908057
0.0589848
0.0354449
0.0253359
0.0176907
0.0123024
0.00858307
0.00391006
0.0011603
0.00038147
0.000190735
6.35783e-05
6.35783e-05
4.76837e-05
0
0
1.58946e-05
0
0
0
0
0
0
0
0
0
0
0
0
0
0
0
0
0
0
0
0
0
0
0
0
0
0
0
0
0
