0.0207265
0.00247955
0.00287692
0.00257492
0.00287692
0.00301997
0.00333786
0.00352859
0.00389417
0.00378291
0.00397364
0.00427564
0.00441869
0.00448227
0.00480016
0.00538826
0.0064373
0.00619888
0.00685056
0.00794729
0.0103315
0.0109673
0.012811
0.0145753
0.0175158
0.0191053
0.0216166
0.0242233
0.0220776
0.0228246
0.021251
0.0184377
0.0166893
0.0160694
0.0136693
0.0119845
0.0106653
0.00823339
0.00780423
0.00685056
0.00661214
0.00648499
0.00662804
0.00581741
0.00534058
0.00540415
0.0043869
0.0044028
0.00368754
0.00413259
0.00402133
0.00383059
0.00414848
0.00370344
0.00402133
0.00397364
0.00354449
0.00316302
0.00346502
0.00338554
0.00338554
0.00290871
0.00313123
0.00375112
0.00317891
0.00274976
0.00300407
0.0029405
0.00260671
0.00268618
0.00282923
0.00247955
0.00252724
0.00289281
0.00290871
0.00281334
0.00247955
0.00286102
0.00246366
0.00273387
0.00255903
0.00257492
0.00286102
0.00247955
0.0029246
0.00287692
0.00267029
0.00303586
0.00268618
0.0026385
0.00254313
0.00246366
0.00267029
0.00287692
0.00270208
0.00289281
0.0029405
0.00287692
0.00276566
0.00271797
0.00300407
0.00271797
0.00282923
0.0026385
0.00316302
0.00281334
0.00311534
0.00325839
0.00327428
0.00319481
0.00343323
0.00314713
0.00305176
0.00367165
0.00365575
0.00325839
0.00354449
0.00335375
0.00365575
0.00336965
0.00384649
0.00386238
0.00371933
0.00338554
0.00360807
0.00352859
0.00365575
0.00349681
0.00329018
0.00352859
0.00359217
0.00338554
0.00341733
0.00348091
0.00365575
0.00362396
0.00389417
0.00343323
0.00383059
0.00387828
0.00378291
0.00378291
0.00425975
0.00432332
0.00500679
0.00514984
0.00624657
0.00739098
0.00926654
0.0109514
0.0136534
0.0166098
0.0249227
0.037988
0.0608285
0.0996908
0.145213
0.185903
0.227849
0.252501
0.280555
0.314665
0.343688
0.382408
0.426849
0.466156
0.507148
0.559791
0.613451
0.660912
0.737381
0.877476
1.08541
1.3622
1.61339
1.87049
2.1104
2.37862
2.65133
3.01102
3.36358
3.65984
3.83765
3.80656
3.63638
3.21112
2.80774
2.5418
2.4627
2.48286
2.47038
2.45843
2.49573
2.58441
2.76346
2.90469
2.89817
2.7119
2.44576
2.17199
1.96524
1.78471
1.60592
1.4993
1.41006
1.31426
1.15976
0.958522
0.773462
0.633224
0.546805
0.476074
0.423431
0.402705
0.360521
0.331799
0.284958
0.241121
0.207996
0.21561
0.208537
0.206423
0.214974
0.223176
0.242805
0.203498
0.124979
0.0780582
0.0380039
0.015529
0.00395775
0.000540415
0.000158946
0
0
0
0
0
0
0
0
0
0
0
0
0
0
0
0
0
0
0
0
0
0
0
