0.0306129
0.00387828
0.00514984
0.00454585
0.00492732
0.00530879
0.00599225
0.00677109
0.00720024
0.0085036
0.00925064
0.0108083
0.0113646
0.0139236
0.0159423
0.0167688
0.0179768
0.0193119
0.0192801
0.019598
0.0194709
0.0187556
0.0187874
0.0186125
0.0186761
0.0179768
0.017643
0.0178496
0.0167847
0.0158628
0.0150681
0.0142892
0.0132561
0.0128269
0.0121911
0.0106017
0.00953674
0.00853539
0.00810623
0.00756582
0.00696182
0.00700951
0.00654856
0.00597636
0.00567436
0.00583331
0.0058492
0.00530879
0.00529289
0.00503858
0.00535647
0.00538826
0.00495911
0.00534058
0.00549952
0.00448227
0.00514984
0.00570615
0.00443459
0.00503858
0.00537237
0.00578562
0.00570615
0.00583331
0.00602404
0.00540415
0.00608762
0.00580152
0.00599225
0.00616709
0.00610352
0.00619888
0.00658035
0.00670751
0.00774066
0.00675519
0.00799497
0.00836054
0.00952085
0.0112693
0.0127474
0.014782
0.0159899
0.0181516
0.0197093
0.0209808
0.0245412
0.0254631
0.0272751
0.0293891
0.0323613
0.0347773
0.0382423
0.0411987
0.0490665
0.0515143
0.0617186
0.0717322
0.0787894
0.0858625
0.0921408
0.102552
0.114234
0.131909
0.157928
0.184615
0.224956
0.276963
0.33013
0.406901
0.481526
0.548776
0.602055
0.643984
0.652218
0.649373
0.628471
0.620286
0.629711
0.643094
0.666221
0.723394
0.784334
0.841745
0.906054
0.953054
1.01158
1.07245
1.1464
1.20028
1.23237
1.26824
1.27708
1.28977
1.32205
1.37981
1.42183
1.48474
1.54764
1.62299
1.68767
1.75789
1.82177
1.89808
1.98267
2.07205
2.10304
2.07992
2.04722
1.99653
1.92641
1.88656
1.88813
1.90301
1.87448
1.82107
1.71725
1.59488
1.45246
1.32723
1.25047
1.21988
1.16847
1.08705
0.992489
0.910234
0.832526
0.763686
0.707197
0.659307
0.609605
0.568183
0.546853
0.524537
0.510263
0.514126
0.500615
0.496006
0.488377
0.499487
0.501045
0.529083
0.538222
0.541194
0.534932
0.525411
0.496308
0.47191
0.437959
0.400384
0.379674
0.36095
0.347662
0.336758
0.321563
0.314792
0.299899
0.287946
0.280809
0.272036
0.273546
0.272481
0.271241
0.265646
0.260003
0.252724
0.256443
0.271797
0.292285
0.31112
0.312694
0.307004
0.2882
0.29184
0.306702
0.320212
0.327555
0.32231
0.301043
0.257953
0.228039
0.210778
0.179005
0.146612
0.129779
0.115903
0.104427
0.097243
0.0872612
0.0737667
0.0493526
0.0349204
0.0263373
0.0195185
0.0144323
0.0116666
0.00813802
0.00581741
0.00317891
0.00149409
0.00108083
0.000953674
0.000778834
0.000683467
0.000921885
0.000460943
0.000508626
0.000651677
0.00055631
0.000508626
0.000540415
0.000667572
0.000778834
0.000635783
0.000715256
0.00894864
