0.00794729
0.00166893
0.00192324
0.00187556
0.00270208
0.00227292
0.00273387
0.00325839
0.00340144
0.00441869
0.0052611
0.00583331
0.00775655
0.00886917
0.0106335
0.0119209
0.0146866
0.0165304
0.0176589
0.0204563
0.0224749
0.0237624
0.0250181
0.0246843
0.0246684
0.0239054
0.0212351
0.0204245
0.0180244
0.0168641
0.0155449
0.0137488
0.012811
0.010999
0.0102838
0.00847181
0.00834465
0.00715256
0.00677109
0.00545184
0.00600815
0.00505447
0.00448227
0.00456174
0.00414848
0.00387828
0.00387828
0.00413259
0.00336965
0.00435511
0.00349681
0.00338554
0.0032107
0.00368754
0.00333786
0.00333786
0.00297228
0.00298818
0.00309944
0.00309944
0.00297228
0.00306765
0.00338554
0.00289281
0.0032107
0.00267029
0.00303586
0.0029246
0.00303586
0.00340144
0.00336965
0.00352859
0.00373522
0.00362396
0.00336965
0.00376701
0.00367165
0.00406901
0.00403722
0.00395775
0.0040849
0.00454585
0.00395775
0.0037988
0.00424385
0.00446637
0.00464122
0.00443459
0.00510216
0.00475248
0.00472069
0.00540415
0.00511805
0.00535647
0.00607173
0.00662804
0.00758171
0.00988642
0.011905
0.0147343
0.0177066
0.0209173
0.0250498
0.0305971
0.0357787
0.0390053
0.0406424
0.0436942
0.0457287
0.0475725
0.050211
0.0520706
0.0557105
0.0608603
0.064977
0.0710011
0.0769297
0.0847658
0.099055
0.114075
0.128682
0.134643
0.140572
0.149632
0.15591
0.165351
0.186443
0.214402
0.259686
0.312742
0.368532
0.428549
0.493399
0.568835
0.657368
0.755294
0.867383
0.998735
1.15302
1.32739
1.48849
1.61621
1.76929
1.9155
2.06776
2.15352
2.19731
2.21461
2.20599
2.25358
2.33529
2.42414
2.56569
2.67739
2.73633
2.68958
2.56022
2.36956
2.21384
2.09525
1.97552
1.88459
1.76667
1.65911
1.57887
1.52399
1.47255
1.40095
1.30283
1.23383
1.18211
1.11917
1.05824
1.01781
0.987959
0.974019
0.949939
0.934394
0.940259
0.945218
0.927766
0.901413
0.885169
0.85268
0.773255
0.698137
0.645018
0.585731
0.528256
0.464646
0.433683
0.408888
0.389433
0.361951
0.334708
0.293843
0.26021
0.243568
0.242154
0.243441
0.259765
0.266425
0.275008
0.297244
0.347726
0.405852
0.455507
0.511885
0.599957
0.675186
0.743135
0.776752
0.709852
0.572491
0.428168
0.263627
0.116173
0.0427087
0.017786
0.00809034
0.00454585
0.0026385
0.0014623
0.00114441
0.000810623
0.000667572
0.000397364
0.000524521
0.00055631
0.000333786
0.000317891
0.000238419
7.94729e-05
6.35783e-05
7.94729e-05
6.35783e-05
1.58946e-05
7.94729e-05
3.17891e-05
1.58946e-05
1.58946e-05
0
1.58946e-05
0
0
0
0
0
0
0
0
0
0
0
0
0
