0.0196457
0.00247955
0.00220935
0.00238419
0.00220935
0.0032107
0.0035127
0.00491142
0.00700951
0.00975927
0.0133197
0.0192006
0.0233332
0.0270844
0.0305494
0.0347932
0.0348727
0.0327587
0.028642
0.0270049
0.0223637
0.0210444
0.0195503
0.0192324
0.0188828
0.0191371
0.0189622
0.0180562
0.0184854
0.0181675
0.0168165
0.0160058
0.0144323
0.013876
0.0129223
0.0128587
0.0114123
0.00990232
0.00950495
0.00925064
0.00890096
0.00888507
0.00836054
0.00812213
0.00785192
0.00699361
0.00688235
0.00599225
0.00634193
0.00567436
0.00594457
0.00691414
0.00597636
0.00618299
0.00638962
0.005277
0.00602404
0.0061353
0.00545184
0.00600815
0.00564257
0.00581741
0.00569026
0.0055631
0.00549952
0.00559489
0.00551542
0.00632604
0.00534058
0.00619888
0.00561078
0.00623067
0.00607173
0.00634193
0.00599225
0.00600815
0.00605583
0.00610352
0.00678698
0.00727971
0.00858307
0.010999
0.0160376
0.0239213
0.0377019
0.0579834
0.0834942
0.111691
0.142479
0.170644
0.198952
0.224463
0.255315
0.288391
0.312455
0.335232
0.34976
0.361188
0.36993
0.358899
0.349633
0.333802
0.319433
0.306225
0.298659
0.294526
0.30694
0.324678
0.35189
0.400432
0.459655
0.53943
0.615994
0.671069
0.71222
0.749477
0.78462
0.804122
0.8231
0.820398
0.816981
0.82291
0.839122
0.847356
0.877333
0.899537
0.92721
0.953325
0.980743
1.02725
1.12675
1.24901
1.35589
1.44372
1.49318
1.51895
1.5547
1.59837
1.69953
1.79866
1.88328
1.92459
1.92645
1.85143
1.6837
1.46645
1.30793
1.2157
1.14131
1.11055
1.06683
1.08051
1.14195
1.21992
1.28183
1.32839
1.32306
1.28779
1.26918
1.25877
1.28298
1.336
1.39314
1.39454
1.3883
1.32826
1.29046
1.23464
1.16126
1.10838
1.0812
1.03587
1.03847
1.08105
1.16328
1.29131
1.39157
1.44258
1.37111
1.23959
1.03002
0.793235
0.598001
0.459703
0.383504
0.333722
0.309642
0.298834
0.289297
0.282749
0.265137
0.243489
0.23675
0.233905
0.229232
0.218805
0.210524
0.208346
0.210365
0.206327
0.195185
0.181437
0.188398
0.197172
0.178798
0.137361
0.0994682
0.0649611
0.0492414
0.0371138
0.0272274
0.0196298
0.0140349
0.0100136
0.00518163
0.00238419
0.00152588
0.00111262
0.000810623
0.000651677
0.000460943
0.000476837
0.00055631
0.000524521
0.000413259
0.000349681
0.000222524
0.000222524
0.000286102
0.000222524
0.000222524
0.000158946
7.94729e-05
3.17891e-05
6.35783e-05
3.17891e-05
4.76837e-05
3.17891e-05
0
0
0
0
0
0
0
0
0
0
0
0
0
0
0
0
0
0
