0.00988642
0.00192324
0.00247955
0.00267029
0.0032107
0.00402133
0.00406901
0.00462532
0.00484784
0.00513395
0.00572205
0.00629425
0.00756582
0.00875791
0.0101725
0.0116507
0.0131448
0.0148932
0.0179609
0.021553
0.0220617
0.0243505
0.0241756
0.0228564
0.0216484
0.0191371
0.0175635
0.0168641
0.0159105
0.016133
0.0136852
0.0127792
0.0100136
0.0103792
0.00977516
0.00964801
0.00844002
0.00904401
0.00794729
0.0073274
0.00675519
0.00659625
0.00591278
0.0058651
0.00543594
0.00596046
0.0055631
0.00549952
0.00542005
0.00549952
0.0052611
0.00538826
0.0046889
0.00464122
0.00441869
0.00483195
0.00470479
0.00510216
0.00505447
0.00405312
0.00443459
0.00435511
0.00443459
0.00451406
0.00383059
0.00386238
0.0038147
0.00413259
0.0040849
0.00433922
0.0038147
0.00421206
0.00483195
0.004673
0.00419617
0.00389417
0.00470479
0.00427564
0.00416438
0.00433922
0.00460943
0.0043869
0.00449816
0.00437101
0.00437101
0.00451406
0.005277
0.00448227
0.00519753
0.00542005
0.00521342
0.00542005
0.00602404
0.00554721
0.0061353
0.00551542
0.0064373
0.00594457
0.00667572
0.00677109
0.00634193
0.00658035
0.00697772
0.00747045
0.00735919
0.00689824
0.00712077
0.00769297
0.00780423
0.00742277
0.00726382
0.00858307
0.00847181
0.00912348
0.00917117
0.00974337
0.00963211
0.0106494
0.00956853
0.0100613
0.00999769
0.0107606
0.010252
0.0115236
0.0123501
0.0148773
0.0177542
0.0231743
0.032568
0.045077
0.060908
0.0867685
0.130304
0.193612
0.274992
0.370979
0.475597
0.56982
0.645288
0.724188
0.818157
0.947793
1.08738
1.22865
1.37903
1.55064
1.79896
2.1592
2.6703
3.24205
3.8438
4.58635
5.31613
5.62302
5.4921
5.36286
5.32611
5.40762
5.4438
5.40075
5.14235
4.93846
4.57303
4.09498
3.30032
2.20671
1.2579
0.622892
0.270637
0.109593
0.0486533
0.0231902
0.013574
0.00902812
0.00623067
0.00473658
0.00454585
0.00464122
0.00391006
0.00357628
0.0035127
0.00376701
0.00327428
0.0032266
0.00279744
0.00274976
0.0023365
0.00208219
0.00189145
0.00163714
0.00131925
0.00103315
0.000874201
0.000667572
0.000492732
0.000317891
0.000413259
0.000190735
6.35783e-05
0.000127157
4.76837e-05
1.58946e-05
0
3.17891e-05
1.58946e-05
3.17891e-05
0
0
0
0
0
0
0
0
0
0
0
0
0
0
0
0
0
0
0
0
0
0
0
0
0
0
0
0
0
0
0
0
0
0
0
0
0
0
0
0
0
0
0
0
0
0
0
0
0
0
