0.0109673
0.00193914
0.0023524
0.00232061
0.00265439
0.00271797
0.00289281
0.00343323
0.00309944
0.00313123
0.00303586
0.00368754
0.00357628
0.00418027
0.00414848
0.00511805
0.00603994
0.00654856
0.00658035
0.00723203
0.00869433
0.00874201
0.0102043
0.0106335
0.0109514
0.0125249
0.0130812
0.0134945
0.0127633
0.0137329
0.014019
0.014925
0.0142256
0.0142097
0.0144164
0.0136058
0.0129382
0.0125885
0.0111262
0.0104586
0.0100454
0.00871023
0.00842412
0.0078996
0.00777245
0.00681877
0.00680288
0.00669161
0.00575384
0.00567436
0.00561078
0.00524521
0.00457764
0.00445048
0.00480016
0.00443459
0.00464122
0.00422796
0.00416438
0.00435511
0.00378291
0.00383059
0.00384649
0.00405312
0.00332197
0.00389417
0.0035127
0.00325839
0.00349681
0.00327428
0.00341733
0.00341733
0.00338554
0.00319481
0.00278155
0.00311534
0.0029246
0.00314713
0.00340144
0.00301997
0.00317891
0.00319481
0.00343323
0.00362396
0.00386238
0.00314713
0.00344912
0.00340144
0.00354449
0.00395775
0.00383059
0.00359217
0.0035127
0.00371933
0.00343323
0.00387828
0.00365575
0.0040849
0.00419617
0.00394185
0.00354449
0.00418027
0.00398954
0.00437101
0.00376701
0.00383059
0.00406901
0.00400543
0.00397364
0.00435511
0.00451406
0.00464122
0.00422796
0.00452995
0.00451406
0.00424385
0.00414848
0.00429153
0.00483195
0.00424385
0.00437101
0.00459353
0.00454585
0.00480016
0.00430743
0.00489553
0.00532468
0.00618299
0.00699361
0.0081857
0.0101407
0.0136375
0.0197252
0.0289281
0.0441233
0.0637372
0.0881672
0.117095
0.152715
0.19714
0.248337
0.311025
0.384283
0.465234
0.514221
0.518672
0.514253
0.552718
0.631444
0.715017
0.813691
0.904258
0.988785
1.03178
1.04092
1.01736
0.986894
0.966978
0.923189
0.867399
0.875235
0.895675
0.93797
0.950925
0.963068
0.934664
0.901175
0.888395
0.899156
0.954215
1.01231
1.03674
1.07381
1.09908
1.13057
1.15461
1.13688
1.1085
1.12416
1.13688
1.18078
1.2307
1.33006
1.42425
1.50512
1.54897
1.594
1.63891
1.64337
1.61338
1.58877
1.57496
1.58121
1.5844
1.68182
1.93667
2.27496
2.54525
2.68915
2.63003
2.46854
2.27973
2.04711
1.78485
1.66028
1.67011
1.78687
1.93871
2.01626
1.86105
1.63999
1.29525
0.998052
0.799211
0.711648
0.658639
0.614103
0.548013
0.47938
0.410779
0.322517
0.26598
0.242631
0.253646
0.204929
0.0979741
0.0398477
0.0112057
0.00422796
0.00282923
0.00217756
0.00178019
0.00125567
0.00109673
0.00093778
0.000635783
0.000460943
0.000492732
0.000317891
0.000317891
0.000111262
6.35783e-05
6.35783e-05
3.17891e-05
0
0
0
0
0
0
0
0
0
0
0
0
