0.00295639
0.00120799
0.00198682
0.0026226
0.00332197
0.00406901
0.00524521
0.00751813
0.00913938
0.0113646
0.015227
0.0193914
0.0222047
0.0263691
0.0284831
0.0284195
0.0310421
0.029246
0.0277042
0.025622
0.0237942
0.0229994
0.0209173
0.0199
0.0176112
0.0147025
0.0130335
0.011603
0.0112216
0.0107765
0.00961622
0.0073115
0.00770887
0.00762939
0.00743866
0.00720024
0.00691414
0.0067393
0.00599225
0.00591278
0.0061512
0.00543594
0.00575384
0.00559489
0.00514984
0.00542005
0.00537237
0.00567436
0.00503858
0.00505447
0.00549952
0.00522931
0.00522931
0.005277
0.00489553
0.00470479
0.00489553
0.00489553
0.00494321
0.00514984
0.00495911
0.00472069
0.00495911
0.00472069
0.0044028
0.00465711
0.00462532
0.00464122
0.00487963
0.00441869
0.00452995
0.00478427
0.00462532
0.00451406
0.00492732
0.00489553
0.00459353
0.00456174
0.00521342
0.00478427
0.00475248
0.00521342
0.00553131
0.00545184
0.00554721
0.00529289
0.00545184
0.00548363
0.00580152
0.00638962
0.00650088
0.00685056
0.00713666
0.00727971
0.00802676
0.00958443
0.0102202
0.0125408
0.0177542
0.0247478
0.0379562
0.0638326
0.104586
0.155115
0.203959
0.248082
0.275787
0.301123
0.332181
0.379658
0.453456
0.573524
0.734456
0.887553
1.01862
1.06983
1.04822
0.996637
0.952228
0.905577
0.875076
0.846434
0.817394
0.788705
0.76321
0.766659
0.822051
0.861661
0.8684
0.86751
0.84939
0.832971
0.818872
0.817744
0.813293
0.831175
0.82825
0.814517
0.788657
0.758266
0.726191
0.698249
0.68113
0.689634
0.688759
0.710201
0.737317
0.761032
0.809097
0.868177
0.927607
0.973288
1.01789
1.08611
1.1975
1.30264
1.35117
1.28689
1.14148
1.00641
0.936333
0.907501
0.895675
0.87978
0.901063
0.934172
0.983556
1.01803
1.02948
1.02857
1.02447
1.0148
1.00764
1.01876
1.05255
1.05809
1.02871
0.983334
0.936747
0.9106
0.917466
0.934664
0.93441
0.899553
0.858212
0.806522
0.749747
0.72608
0.708564
0.715335
0.697549
0.658417
0.617568
0.604963
0.582123
0.556262
0.54636
0.528351
0.496006
0.469669
0.425069
0.398954
0.373522
0.36869
0.359138
0.342687
0.310723
0.301679
0.314601
0.31182
0.30934
0.321468
0.357723
0.402832
0.467237
0.51837
0.553465
0.596364
0.655508
0.724459
0.806046
0.892401
0.968409
1.00896
1.04073
1.10671
1.18613
1.18394
0.990597
0.734075
0.501998
0.366783
0.245571
0.154829
0.0660419
0.0257969
0.00747045
0.0011603
0.000127157
1.58946e-05
0
0
0
0
0
0
0
0
0
0
0
0
0
0
0
0
