0.00514984
0.0011603
0.00093778
0.00131925
0.00149409
0.00123978
0.00181198
0.00182788
0.00206629
0.00206629
0.00225703
0.00259082
0.00247955
0.00295639
0.00314713
0.00340144
0.00325839
0.00370344
0.00386238
0.00413259
0.00419617
0.00522931
0.00511805
0.00607173
0.00742277
0.00824928
0.00886917
0.00944138
0.00958443
0.0099659
0.00921885
0.00933011
0.00998179
0.0104586
0.0113169
0.0115712
0.0115554
0.0113487
0.0114759
0.0119686
0.0126998
0.0123342
0.0119209
0.0106017
0.0100772
0.00839233
0.0084877
0.00863075
0.00788371
0.00793139
0.00708898
0.00677109
0.00610352
0.00616709
0.00494321
0.00532468
0.00446637
0.00481606
0.00462532
0.00448227
0.00425975
0.00406901
0.0040849
0.00400543
0.00376701
0.00411669
0.00301997
0.00378291
0.00373522
0.00336965
0.00352859
0.00300407
0.00298818
0.00300407
0.0032266
0.00290871
0.00309944
0.00308355
0.00332197
0.0037988
0.00354449
0.00367165
0.00437101
0.00473658
0.00669161
0.00745455
0.0104268
0.0132561
0.0178655
0.0204881
0.023667
0.0237147
0.025479
0.0259558
0.0284513
0.0299613
0.0335534
0.0334899
0.0386556
0.0439326
0.0520229
0.0627359
0.0788371
0.0967026
0.123072
0.148837
0.171963
0.191371
0.205851
0.219806
0.234477
0.239213
0.255378
0.270414
0.293287
0.323121
0.365067
0.410684
0.440693
0.470018
0.477966
0.470527
0.456301
0.44082
0.42607
0.425116
0.423511
0.424369
0.428629
0.447734
0.462739
0.484117
0.505352
0.527016
0.557613
0.589593
0.635751
0.670878
0.702429
0.733487
0.771888
0.826073
0.893227
0.965071
1.02084
1.08199
1.12532
1.19009
1.25186
1.33856
1.38222
1.3899
1.37293
1.33087
1.30873
1.2945
1.289
1.23401
1.16984
1.11591
1.14787
1.26847
1.43161
1.58703
1.68597
1.7139
1.65749
1.56166
1.47923
1.37307
1.30251
1.24861
1.19363
1.17259
1.1699
1.20138
1.22377
1.23402
1.25283
1.30666
1.34606
1.35231
1.29066
1.22447
1.1951
1.17075
1.1517
1.10547
1.04384
1.00365
0.972223
0.973781
0.988261
0.975243
0.928466
0.873693
0.786606
0.673612
0.577943
0.525173
0.487439
0.47075
0.469542
0.491365
0.520198
0.553958
0.597668
0.637325
0.67331
0.662867
0.632238
0.618172
0.628487
0.657908
0.692002
0.67428
0.584491
0.483386
0.418234
0.360568
0.306066
0.270812
0.241709
0.20647
0.178003
0.142336
0.102854
0.0808239
0.0667572
0.0660737
0.0625134
0.0632286
0.0594775
0.0569344
0.0511964
0.0541846
0.0543118
0.043424
0.0231107
0.0112375
0.00402133
0.0017643
0.00149409
0.00130335
0.00120799
0.00106494
0.00106494
0.000969569
0.000762939
0.000890096
0.000635783
0.000524521
0.000619888
0.000524521
0.000492732
0.00282923
