0.0339985
0.00295639
0.00271797
0.00303586
0.00313123
0.00316302
0.0032266
0.00290871
0.00375112
0.00418027
0.00465711
0.004673
0.00503858
0.00486374
0.00565847
0.00726382
0.00855128
0.00967979
0.0100295
0.0110308
0.0117461
0.015831
0.0182311
0.0191847
0.0194391
0.0222047
0.0237783
0.0259399
0.0275612
0.0286102
0.0305494
0.0330448
0.0312328
0.0287851
0.0266711
0.0241915
0.0224431
0.0198841
0.0183264
0.0206788
0.0176748
0.0173887
0.0167052
0.0163237
0.0149568
0.0144005
0.0127792
0.0131766
0.0118732
0.0127792
0.011603
0.0104586
0.00953674
0.0090758
0.00874201
0.00872612
0.00861486
0.0073274
0.00745455
0.00718435
0.00705719
0.00721614
0.00665983
0.00685056
0.00618299
0.0073115
0.00693003
0.00700951
0.00716845
0.00588099
0.00610352
0.00659625
0.00611941
0.00653267
0.00640551
0.00626246
0.00646909
0.00654856
0.00651677
0.00631015
0.00627836
0.00662804
0.00599225
0.00597636
0.00570615
0.00642141
0.0067393
0.00712077
0.00634193
0.0061353
0.00632604
0.00646909
0.00653267
0.00656446
0.00686646
0.00624657
0.0064373
0.00724792
0.00691414
0.0067234
0.00782013
0.0073115
0.0073115
0.0078996
0.00735919
0.00863075
0.00874201
0.00816981
0.00913938
0.0103633
0.011762
0.0132084
0.0148773
0.0167052
0.0184854
0.0229836
0.0281334
0.0307878
0.0348886
0.0381629
0.0421842
0.0461578
0.0498295
0.0562191
0.0593821
0.0661691
0.0670592
0.0735919
0.0768503
0.0791073
0.0851313
0.093174
0.110245
0.124598
0.15138
0.187174
0.228628
0.282065
0.331116
0.352907
0.368102
0.400607
0.456762
0.510931
0.561047
0.58864
0.595649
0.591405
0.574748
0.583776
0.603898
0.618394
0.627931
0.647465
0.640027
0.63769
0.632572
0.64292
0.626262
0.595093
0.559314
0.553751
0.585985
0.628074
0.690238
0.741243
0.784445
0.805664
0.81865
0.862519
0.905704
0.920343
0.929324
0.943279
0.958316
0.962385
0.980552
0.978772
0.968297
0.980775
1.01875
1.08898
1.1456
1.19185
1.18068
1.16758
1.1476
1.11658
1.08366
1.04779
0.985161
0.916131
0.858323
0.784953
0.715574
0.640535
0.596189
0.579913
0.576226
0.590897
0.617361
0.650104
0.671132
0.707626
0.735029
0.748777
0.771825
0.78702
0.806522
0.805696
0.786575
0.77165
0.758441
0.779565
0.817951
0.875012
0.914224
0.980838
1.03801
1.14762
1.27479
1.37369
1.48643
1.55646
1.69911
1.7712
1.92353
2.08003
2.24638
2.64131
2.73929
2.69384
2.48634
2.07911
1.65679
1.20799
0.873693
0.604486
0.377194
0.287342
0.159661
0.0597477
0.0203768
0.00726382
0.00500679
0.00325839
0.00344912
0.00289281
0.00244776
0.00251134
0.00225703
0.00195503
0.00160535
0.00225703
0.0017484
0.0219186
