0.00303586
0.00144641
0.00192324
0.00257492
0.00314713
0.00416438
0.00470479
0.00635783
0.0076135
0.00888507
0.0130018
0.014623
0.0177542
0.0201702
0.0209808
0.0224272
0.0234763
0.0234286
0.0216643
0.0191689
0.0171185
0.0144323
0.0138442
0.0118732
0.0112851
0.0113964
0.0103474
0.00855128
0.00797908
0.00748634
0.00683467
0.00662804
0.0061512
0.0061512
0.00603994
0.00611941
0.00565847
0.00503858
0.00494321
0.00460943
0.00454585
0.0043869
0.00476837
0.0044028
0.00483195
0.00435511
0.00403722
0.00446637
0.00443459
0.00435511
0.00391006
0.00411669
0.00413259
0.0040849
0.00424385
0.00419617
0.00429153
0.00344912
0.00367165
0.00416438
0.00386238
0.00427564
0.00406901
0.00419617
0.00437101
0.00395775
0.00429153
0.00389417
0.00414848
0.00421206
0.00452995
0.00457764
0.00476837
0.00449816
0.00561078
0.004975
0.00445048
0.00507037
0.00481606
0.00548363
0.004975
0.00505447
0.00491142
0.00551542
0.00540415
0.00480016
0.00519753
0.005277
0.00549952
0.00545184
0.00581741
0.00545184
0.00592868
0.0061512
0.00664393
0.00650088
0.00661214
0.00678698
0.00756582
0.00823339
0.00815392
0.00899633
0.00995
0.01297
0.0140667
0.0190894
0.0244776
0.0344753
0.0473658
0.0740369
0.113519
0.170946
0.269143
0.418806
0.632334
0.92508
1.30417
1.69978
2.06633
2.30099
2.4203
2.4854
2.51939
2.53782
2.62113
2.82397
3.22631
3.69509
4.18342
4.5632
5.03249
5.77113
6.8464
7.90038
8.40991
7.98284
6.52118
4.52034
2.65155
1.33808
0.574191
0.235748
0.107654
0.057141
0.0350634
0.0232379
0.0148137
0.0107765
0.00664393
0.005277
0.00384649
0.00336965
0.00301997
0.00236829
0.0017484
0.0011762
0.000953674
0.000762939
0.000429153
0.000333786
0.00017484
0.000222524
0.000111262
7.94729e-05
6.35783e-05
1.58946e-05
4.76837e-05
0
0
0
0
0
0
0
0
0
0
0
0
0
0
0
0
0
0
0
0
0
0
0
0
0
0
0
0
0
0
0
0
0
0
0
0
0
0
0
0
0
0
0
0
0
0
0
0
0
0
0
0
0
0
0
0
0
0
0
0
0
0
0
0
0
0
0
0
0
0
0
0
0
0
0
0
0
0
0
0
0
0
0
0
0
0
0
0
0
