0
0
0
0
0
3.17891e-05
9.53674e-05
0.000397364
0.000921885
0.00192324
0.00360807
0.00678698
0.0113169
0.0153065
0.0198046
0.0238736
0.0264009
0.0282923
0.0283082
0.0305176
0.0298341
0.0275294
0.0244459
0.0215848
0.018994
0.0183105
0.0175317
0.0159105
0.0164827
0.0148137
0.0146866
0.0142892
0.0138283
0.0124137
0.0113328
0.0107447
0.0113964
0.00999769
0.00940959
0.0103951
0.00963211
0.00925064
0.00861486
0.00855128
0.0081857
0.00786781
0.00875791
0.00807444
0.00836054
0.00815392
0.0073115
0.00726382
0.00788371
0.00745455
0.00694593
0.00751813
0.00739098
0.00780423
0.00697772
0.00751813
0.0073274
0.00661214
0.00713666
0.00664393
0.00696182
0.00689824
0.00665983
0.00656446
0.00616709
0.0064373
0.00627836
0.00662804
0.00637372
0.00640551
0.00681877
0.00653267
0.00710487
0.00619888
0.00596046
0.00640551
0.00605583
0.00603994
0.0061353
0.00588099
0.00591278
0.00662804
0.00610352
0.00589689
0.0064532
0.00658035
0.00632604
0.00694593
0.00600815
0.00683467
0.00670751
0.00607173
0.00635783
0.00654856
0.00597636
0.00688235
0.00661214
0.00600815
0.00705719
0.00683467
0.00739098
0.0073274
0.00683467
0.00665983
0.00777245
0.00778834
0.00831286
0.00844002
0.00801086
0.00926654
0.00956853
0.0120163
0.0138124
0.0157992
0.0181993
0.0226657
0.0275453
0.0363509
0.0447909
0.053676
0.0632286
0.0756741
0.0884533
0.107972
0.136773
0.181564
0.248798
0.331243
0.419521
0.492986
0.560983
0.615978
0.669432
0.717481
0.771205
0.827456
0.876776
0.929785
0.961844
0.973876
0.967439
0.921281
0.882403
0.816774
0.783078
0.757074
0.743039
0.742277
0.7538
0.74989
0.77486
0.794713
0.811084
0.806936
0.803502
0.800769
0.81803
0.842651
0.863345
0.886488
0.930913
0.988181
1.03922
1.09166
1.10486
1.12521
1.12343
1.10593
1.13327
1.1686
1.24745
1.30429
1.30719
1.27053
1.23533
1.20093
1.14207
1.09523
1.0579
1.07346
1.12616
1.20969
1.31
1.42336
1.53805
1.60888
1.64769
1.66699
1.67123
1.65613
1.6473
1.64372
1.63331
1.61241
1.56156
1.53435
1.55592
1.64528
1.77484
1.9129
1.9711
1.86232
1.6837
1.5282
1.36299
1.24812
1.13805
1.03491
0.929483
0.825946
0.724061
0.633128
0.55658
0.489267
0.437212
0.393311
0.352192
0.29014
0.238784
0.18638
0.129557
0.0875314
0.0504176
0.0269572
0.0131289
0.00651677
0.00308355
0.00131925
0.000794729
0.000333786
0.00017484
0.000111262
4.76837e-05
3.17891e-05
0
0
0
0
0
0
0
0
0
0
0
0
0
0
0
0
0
0
