0.0198682
0.00281334
0.00314713
0.0035127
0.0032107
0.00427564
0.00376701
0.00414848
0.00446637
0.00540415
0.00534058
0.00589689
0.0067234
0.00750224
0.0082016
0.00993411
0.0114123
0.0122706
0.0130494
0.0149886
0.0157197
0.0171343
0.0168482
0.0176748
0.0181357
0.0196298
0.0190735
0.0194073
0.0190258
0.0201543
0.0189622
0.0197411
0.0183741
0.0181516
0.0167847
0.0169436
0.0165304
0.014178
0.0139236
0.0122706
0.0122388
0.0115554
0.0110467
0.0105222
0.0096639
0.00888507
0.00915527
0.00772476
0.00743866
0.0076135
0.0067393
0.00611941
0.00602404
0.00578562
0.00602404
0.00570615
0.00572205
0.00513395
0.00551542
0.00480016
0.00548363
0.00518163
0.00473658
0.0049909
0.00470479
0.00464122
0.00494321
0.00448227
0.00459353
0.00429153
0.00446637
0.00443459
0.00464122
0.00489553
0.004975
0.00464122
0.00449816
0.00464122
0.00451406
0.00476837
0.00514984
0.00503858
0.00503858
0.005277
0.00535647
0.00537237
0.00530879
0.00553131
0.0055631
0.00607173
0.00610352
0.00605583
0.0058492
0.00653267
0.00648499
0.00686646
0.00637372
0.00689824
0.00694593
0.00720024
0.0076135
0.00735919
0.00777245
0.00716845
0.00805855
0.00847181
0.00756582
0.00893275
0.00794729
0.00863075
0.0087738
0.00901222
0.00834465
0.010252
0.00969569
0.0099659
0.00953674
0.0100136
0.00983874
0.0101089
0.0108242
0.0100772
0.010856
0.0110467
0.0117143
0.0129223
0.0151634
0.0180721
0.0220299
0.0300407
0.0436783
0.0623385
0.087897
0.121895
0.163015
0.21108
0.273132
0.355164
0.4529
0.565275
0.694768
0.853825
1.02499
1.23022
1.45319
1.687
1.88592
2.02943
2.13097
2.14407
2.11919
2.02374
1.93656
1.83997
1.80014
1.75568
1.7721
1.81166
1.85916
1.91633
1.97595
2.0347
2.07534
2.04479
1.93903
1.84979
1.82215
1.83075
1.83768
1.81944
1.79615
1.78124
1.72599
1.6384
1.57434
1.49787
1.44204
1.38415
1.34614
1.2832
1.22005
1.09763
0.979487
0.910743
0.895198
0.89922
0.928418
0.933711
0.959969
0.986671
0.99117
0.936651
0.856161
0.790278
0.75984
0.728973
0.708342
0.671466
0.622988
0.566657
0.504144
0.475264
0.442044
0.420062
0.408268
0.421238
0.437689
0.464137
0.501982
0.531658
0.555229
0.555611
0.546598
0.538222
0.4896
0.428454
0.380723
0.340525
0.31058
0.282558
0.251881
0.220744
0.205644
0.186221
0.152858
0.113408
0.0726382
0.0433922
0.0217597
0.00982285
0.00557899
0.00371933
0.00316302
0.00227292
0.00240008
0.00227292
0.00201861
0.0023524
0.00208219
0.00185966
0.00179609
0.00158946
0.00179609
0.00131925
0.00133514
0.00123978
0.000905991
0.000953674
0.000842412
0.000683467
0.000762939
0.000603994
0.000476837
0.000460943
0.000445048
0.00267029
