0.0185172
0.00232061
0.00212987
0.00257492
0.00222524
0.0029246
0.00311534
0.00301997
0.00395775
0.00373522
0.00419617
0.00445048
0.00395775
0.00452995
0.00481606
0.00510216
0.00542005
0.00562668
0.00621478
0.00634193
0.00635783
0.00656446
0.0078996
0.00727971
0.00766118
0.00847181
0.00882149
0.00904401
0.00913938
0.0108083
0.0109037
0.0119368
0.01146
0.0128269
0.0124454
0.0124454
0.0129541
0.0128746
0.0125885
0.0127316
0.0127633
0.011762
0.0105699
0.0107606
0.0105858
0.0114441
0.0111898
0.0107447
0.0103951
0.0105222
0.0102202
0.00942548
0.00960032
0.00921885
0.00933011
0.00831286
0.00823339
0.00807444
0.00751813
0.00804265
0.00766118
0.00665983
0.0070413
0.00675519
0.00635783
0.00592868
0.00589689
0.00567436
0.00594457
0.00538826
0.00546773
0.00529289
0.005277
0.00484784
0.00524521
0.00529289
0.00540415
0.00478427
0.00481606
0.005277
0.00414848
0.00418027
0.00476837
0.00413259
0.00465711
0.00472069
0.00433922
0.00373522
0.00456174
0.00403722
0.00398954
0.00394185
0.00398954
0.00448227
0.00365575
0.00429153
0.00448227
0.00437101
0.00400543
0.00451406
0.00402133
0.00368754
0.00421206
0.00419617
0.00413259
0.00427564
0.00392596
0.00346502
0.00429153
0.00448227
0.00462532
0.00446637
0.00427564
0.00433922
0.00448227
0.00425975
0.00416438
0.00470479
0.00457764
0.00437101
0.00502268
0.00483195
0.00576973
0.00650088
0.00813802
0.0103951
0.0152906
0.0246684
0.0403245
0.0753244
0.132545
0.224431
0.369088
0.553449
0.780551
1.00109
1.21137
1.40649
1.54994
1.64638
1.69369
1.71032
1.75419
1.81998
1.89797
1.97442
2.01497
2.02799
2.00841
1.93907
1.84582
1.72178
1.58572
1.48323
1.39082
1.32565
1.27716
1.27945
1.3265
1.35363
1.35504
1.31869
1.22096
1.08577
0.925954
0.799815
0.723648
0.67873
0.65395
0.639613
0.613737
0.57435
0.524426
0.486644
0.446288
0.408125
0.38236
0.352796
0.33536
0.315062
0.310357
0.311422
0.318432
0.342687
0.379737
0.424846
0.455332
0.469987
0.461547
0.450198
0.430775
0.416835
0.4035
0.402768
0.403468
0.401258
0.398032
0.393963
0.385253
0.381581
0.370868
0.370042
0.371377
0.384808
0.402387
0.436433
0.484753
0.529861
0.562461
0.601927
0.632842
0.662168
0.675297
0.730689
0.773811
0.81207
0.82221
0.817474
0.826502
0.870736
0.921408
0.989374
1.04191
1.00679
1.01841
1.04739
1.14452
1.17358
1.14649
1.01163
0.91993
0.914303
0.870466
0.781234
0.707308
0.735331
0.768296
0.756693
0.719277
0.674582
0.659561
0.657193
0.651391
0.63146
0.531594
0.45236
0.352399
0.233046
0.134468
0.0611146
0.0192006
0.00642141
0.00484784
0.00391006
0.00359217
0.0400384
