0.0217915
0.005277
0.00675519
0.00782013
0.00863075
0.00923475
0.0104904
0.012509
0.0136852
0.0183105
0.0209173
0.0261625
0.0287692
0.0344753
0.034682
0.0346184
0.0370979
0.0352224
0.0322501
0.0275771
0.0233809
0.0212193
0.0201543
0.0187715
0.0188033
0.017341
0.0174205
0.0165145
0.0162443
0.0151157
0.0136534
0.0134786
0.0127951
0.01297
0.012509
0.0117938
0.0113169
0.0103951
0.010697
0.00958443
0.00891685
0.0084877
0.00893275
0.00844002
0.00804265
0.0076135
0.00739098
0.00727971
0.00759761
0.00610352
0.00680288
0.0070413
0.0070413
0.00685056
0.00681877
0.00670751
0.00724792
0.00683467
0.00667572
0.00675519
0.00678698
0.00726382
0.00675519
0.00720024
0.00718435
0.00750224
0.00807444
0.00747045
0.00777245
0.00769297
0.00720024
0.00899633
0.0087738
0.00821749
0.00767708
0.00796318
0.00840823
0.00837644
0.00780423
0.0093619
0.00824928
0.00910759
0.0090917
0.00899633
0.00961622
0.00928243
0.0090758
0.0100772
0.0105063
0.0120163
0.0131766
0.0147343
0.0190099
0.0248909
0.0347137
0.044775
0.0633717
0.0873884
0.11274
0.148185
0.17616
0.213989
0.248035
0.271463
0.294479
0.31511
0.336234
0.353098
0.371218
0.388225
0.410128
0.439231
0.457207
0.500329
0.540781
0.583919
0.639009
0.700108
0.771443
0.854476
0.940339
1.06719
1.21587
1.35043
1.40964
1.37423
1.27904
1.17146
1.06533
1.00317
0.990613
0.993204
1.00838
1.02997
1.05411
1.08725
1.16266
1.24923
1.32786
1.37731
1.39174
1.40738
1.38038
1.36361
1.32588
1.32019
1.31262
1.31645
1.30529
1.26413
1.22086
1.19502
1.15264
1.11872
1.0968
1.06812
1.00342
0.946124
0.94223
0.969521
1.02385
1.07153
1.14408
1.1785
1.16202
1.1415
1.12893
1.12588
1.13071
1.14465
1.14778
1.14215
1.11791
1.08202
1.03086
0.959698
0.903432
0.862503
0.869195
0.900253
0.955534
0.987403
0.967995
0.929101
0.869004
0.801881
0.762558
0.746059
0.723251
0.700808
0.6862
0.665108
0.651836
0.650501
0.61609
0.582361
0.535774
0.505161
0.472307
0.475311
0.48178
0.481494
0.484578
0.483576
0.491158
0.509755
0.490459
0.451549
0.410016
0.395282
0.376987
0.327444
0.253439
0.182883
0.152763
0.129096
0.111802
0.0943661
0.0776927
0.0625928
0.0557899
0.0483036
0.0373046
0.0232697
0.0119368
0.004673
0.00122388
0.00038147
9.53674e-05
1.58946e-05
0
0
0
0
0
0
0
0
0
0
0
0
0
0
0
0
0
0
0
0
0
0
0
0
0
0
