0.0104109
0.00122388
0.0011603
0.00120799
0.0014782
0.00112851
0.00143051
0.00138283
0.00155767
0.00130335
0.00197093
0.00216166
0.00232061
0.0023365
0.00319481
0.00314713
0.00403722
0.00391006
0.00494321
0.00518163
0.00591278
0.00685056
0.00707308
0.00694593
0.00801086
0.00805855
0.00875791
0.00923475
0.00934601
0.00974337
0.00967979
0.0107288
0.0104586
0.0109831
0.0116348
0.0113805
0.0119368
0.0128269
0.01297
0.0119527
0.012366
0.0127157
0.0142256
0.0127157
0.0133514
0.0134786
0.0141144
0.0145435
0.0144641
0.0158787
0.0151793
0.0153224
0.0154654
0.0151952
0.0148614
0.0152747
0.0142733
0.0137329
0.0129382
0.0121117
0.0124931
0.0121752
0.0110944
0.0119527
0.0116984
0.0113487
0.0103474
0.00983874
0.00947316
0.00939369
0.00920296
0.00867844
0.00883738
0.00785192
0.00851949
0.00812213
0.00739098
0.00720024
0.00697772
0.00720024
0.00756582
0.0067393
0.00681877
0.00720024
0.00678698
0.00624657
0.00659625
0.0064373
0.00724792
0.00654856
0.00597636
0.00681877
0.00700951
0.00693003
0.00712077
0.00693003
0.00688235
0.00718435
0.00715256
0.00834465
0.00853539
0.0100295
0.0112375
0.0124613
0.0151952
0.0157833
0.0193914
0.0234763
0.0311057
0.04131
0.0549952
0.0750065
0.103903
0.142813
0.193151
0.254965
0.316016
0.38387
0.431395
0.482496
0.506926
0.535854
0.561476
0.587066
0.608826
0.631444
0.650136
0.664568
0.661278
0.638819
0.616646
0.581725
0.549968
0.536855
0.544373
0.552066
0.569471
0.605202
0.642586
0.688887
0.742483
0.775989
0.796239
0.817251
0.816536
0.805283
0.811783
0.818523
0.836531
0.85872
0.877937
0.876983
0.867049
0.853093
0.846783
0.871738
0.876522
0.87417
0.836054
0.791502
0.779184
0.778786
0.787417
0.796556
0.790946
0.742308
0.708882
0.695992
0.686248
0.696071
0.722075
0.756105
0.788498
0.83367
0.893291
0.955009
1.02065
1.09423
1.14713
1.18631
1.21986
1.23585
1.22201
1.22948
1.27994
1.33788
1.38585
1.41431
1.41578
1.40347
1.39152
1.36779
1.27443
1.16549
1.05398
0.938431
0.873741
0.819683
0.774352
0.767628
0.762351
0.754515
0.755835
0.757027
0.775639
0.777578
0.805267
0.787369
0.763083
0.719134
0.678062
0.644573
0.607888
0.595649
0.584888
0.574223
0.552034
0.519387
0.491587
0.474755
0.461149
0.461992
0.474882
0.47156
0.491222
0.511773
0.517432
0.515874
0.522312
0.524251
0.525904
0.511376
0.48852
0.486279
0.469224
0.462373
0.483418
0.511185
0.491397
0.474119
0.462103
0.446192
0.409285
0.395823
0.348314
0.31352
0.29556
0.292301
0.272512
0.228469
0.185315
0.147009
0.118589
0.0956853
0.0804583
0.167958
