0.0110944
0.00185966
0.00189145
0.00209808
0.00173251
0.00200272
0.00203451
0.00216166
0.00230471
0.00222524
0.00227292
0.00232061
0.00278155
0.00305176
0.00340144
0.00406901
0.00454585
0.00508626
0.00631015
0.00712077
0.00864665
0.0096639
0.0115554
0.0123978
0.0128428
0.0138601
0.0142892
0.0134309
0.0135104
0.0143528
0.013574
0.012668
0.0113964
0.011158
0.00991821
0.00929832
0.0084877
0.00780423
0.00812213
0.00802676
0.00726382
0.00727971
0.00646909
0.00573794
0.00589689
0.00627836
0.00573794
0.00557899
0.00561078
0.00557899
0.00475248
0.00514984
0.00464122
0.00491142
0.00545184
0.00460943
0.0044028
0.00486374
0.004673
0.00473658
0.00480016
0.00394185
0.00341733
0.0041008
0.00373522
0.00359217
0.00387828
0.0037988
0.00349681
0.00376701
0.00392596
0.00370344
0.00397364
0.00354449
0.00359217
0.00354449
0.00332197
0.00354449
0.00356038
0.00365575
0.00356038
0.00335375
0.00354449
0.00330607
0.00346502
0.00376701
0.00392596
0.00363986
0.00325839
0.00344912
0.00363986
0.00406901
0.00356038
0.00371933
0.00421206
0.00397364
0.00421206
0.00451406
0.00378291
0.00416438
0.00456174
0.00549952
0.005277
0.00581741
0.00616709
0.00681877
0.00665983
0.00812213
0.00845591
0.0101725
0.0117779
0.0150045
0.0198364
0.0276566
0.0465711
0.0881195
0.180864
0.345373
0.576735
0.833972
1.03308
1.1316
1.15555
1.10521
1.10488
1.14435
1.20875
1.26878
1.30223
1.324
1.35811
1.3543
1.31971
1.26166
1.2325
1.24124
1.29135
1.30486
1.31744
1.32984
1.35686
1.40626
1.40457
1.32605
1.26255
1.20338
1.18227
1.16698
1.18731
1.18464
1.15366
1.12023
1.08309
1.06266
1.04345
1.04497
1.04896
1.03615
1.03347
1.04313
1.03869
1.05378
1.08759
1.13188
1.19448
1.25079
1.32567
1.40815
1.46672
1.48735
1.48609
1.48358
1.51499
1.54057
1.54769
1.4938
1.42261
1.34624
1.28574
1.22819
1.17958
1.13006
1.04362
0.968138
0.904083
0.831445
0.759602
0.709136
0.668208
0.654173
0.636212
0.614516
0.577402
0.540034
0.506353
0.487598
0.451056
0.404787
0.358184
0.326872
0.298007
0.279109
0.258986
0.244141
0.221729
0.203896
0.189225
0.178623
0.170978
0.155894
0.139523
0.12606
0.116332
0.109243
0.106001
0.100724
0.0987212
0.0974814
0.0966549
0.0972271
0.102234
0.100358
0.104761
0.105874
0.111262
0.108322
0.114743
0.121085
0.131146
0.144053
0.158008
0.181659
0.208553
0.231123
0.242774
0.254567
0.251373
0.237672
0.22227
0.210841
0.185776
0.171121
0.170437
0.175778
0.181119
0.176795
0.170199
0.154988
0.137393
0.111103
0.0953356
0.0711918
0.0544866
0.0299454
0.0154177
0.0134627
