0.0104586
0.00271797
0.00308355
0.00346502
0.00327428
0.00343323
0.00335375
0.00389417
0.00400543
0.00395775
0.00418027
0.0043869
0.00473658
0.00519753
0.00554721
0.00648499
0.00762939
0.00855128
0.0101248
0.0116348
0.0139395
0.0140349
0.0132402
0.0141462
0.0124137
0.0123024
0.012509
0.0117302
0.0116507
0.0122388
0.0113646
0.0108401
0.00998179
0.00926654
0.00948906
0.00940959
0.00858307
0.00812213
0.00783602
0.00828107
0.00723203
0.00656446
0.00686646
0.0067234
0.00629425
0.00559489
0.00508626
0.00575384
0.00569026
0.005277
0.00513395
0.00464122
0.00472069
0.0044028
0.00486374
0.00451406
0.00421206
0.00398954
0.00424385
0.00422796
0.00405312
0.00414848
0.00375112
0.00359217
0.00403722
0.00371933
0.00340144
0.00373522
0.00325839
0.00360807
0.00368754
0.00357628
0.0035127
0.00316302
0.00365575
0.00325839
0.00352859
0.00314713
0.00340144
0.00314713
0.00395775
0.00343323
0.00360807
0.00317891
0.00386238
0.00367165
0.00348091
0.00356038
0.0038147
0.00359217
0.00343323
0.00371933
0.00356038
0.00370344
0.00359217
0.00376701
0.00330607
0.00360807
0.00389417
0.00325839
0.0037988
0.00330607
0.00387828
0.00395775
0.00405312
0.00383059
0.00384649
0.00397364
0.00437101
0.00391006
0.00389417
0.00443459
0.00433922
0.00489553
0.00465711
0.00510216
0.00521342
0.00492732
0.00534058
0.00581741
0.00537237
0.00575384
0.00567436
0.00656446
0.00646909
0.00618299
0.00631015
0.00667572
0.00665983
0.00751813
0.00689824
0.00742277
0.00832876
0.00751813
0.00945727
0.0102679
0.0110626
0.0135263
0.0170867
0.0237624
0.0402451
0.0673135
0.117747
0.197315
0.288264
0.373046
0.468365
0.554323
0.611385
0.635481
0.617075
0.57435
0.52379
0.494862
0.481717
0.49208
0.521819
0.560125
0.560602
0.551939
0.52851
0.520674
0.530291
0.555611
0.593837
0.649214
0.70281
0.744486
0.772746
0.795301
0.856066
0.913413
0.969648
0.996923
0.989755
0.96132
0.931199
0.900809
0.869258
0.858323
0.857544
0.867494
0.849962
0.801913
0.735076
0.665426
0.634734
0.612752
0.608842
0.615072
0.613658
0.62871
0.648403
0.658178
0.682433
0.704336
0.753498
0.781139
0.815535
0.831254
0.854731
0.877937
0.891336
0.889508
0.894149
0.90874
0.894324
0.874567
0.836134
0.817521
0.797288
0.780344
0.772731
0.764958
0.769281
0.77192
0.766818
0.762113
0.768089
0.776958
0.780662
0.787735
0.82051
0.82558
0.853809
0.907898
0.961733
1.02472
1.10971
1.19451
1.29666
1.39473
1.44024
1.51833
1.54829
1.54465
1.58847
1.57413
1.58086
1.55411
1.50379
1.48854
1.34873
1.23207
1.09673
0.987562
0.924667
0.89488
0.881624
0.804933
0.737524
0.666237
0.629203
0.611893
0.382805
5.44705
