0.000778834
0.000254313
0.000286102
0.00038147
0.000333786
0.000572205
0.000794729
0.000651677
0.000874201
0.00112851
0.00133514
0.00127157
0.00173251
0.00185966
0.00182788
0.00238419
0.0023365
0.0023365
0.00300407
0.00335375
0.00346502
0.00341733
0.00368754
0.00429153
0.00413259
0.00483195
0.00500679
0.00518163
0.005277
0.00540415
0.00629425
0.00720024
0.0076135
0.00745455
0.00867844
0.0103474
0.0105222
0.0114282
0.0123024
0.0133355
0.0140826
0.0147502
0.0164191
0.0172297
0.0190576
0.018088
0.0181198
0.0177066
0.0177383
0.0169754
0.0173569
0.016276
0.0149886
0.0128269
0.0120481
0.0116189
0.0113487
0.0100772
0.00904401
0.00910759
0.00813802
0.00696182
0.00669161
0.00677109
0.00653267
0.00611941
0.00591278
0.0061353
0.0052611
0.00545184
0.005277
0.00516574
0.00521342
0.00484784
0.00495911
0.00422796
0.00492732
0.00452995
0.00445048
0.00406901
0.00424385
0.00432332
0.00406901
0.00419617
0.00362396
0.00416438
0.00433922
0.00424385
0.00375112
0.00397364
0.00387828
0.0041008
0.00340144
0.00389417
0.00370344
0.00378291
0.00346502
0.00370344
0.00389417
0.00346502
0.00386238
0.00368754
0.00343323
0.00346502
0.00348091
0.00378291
0.00362396
0.00387828
0.00357628
0.00389417
0.00400543
0.00378291
0.00352859
0.00394185
0.0037988
0.0043869
0.00395775
0.00418027
0.00456174
0.00421206
0.00429153
0.00464122
0.00545184
0.00451406
0.00437101
0.00464122
0.005277
0.00459353
0.00542005
0.00540415
0.00537237
0.00581741
0.00554721
0.00602404
0.00559489
0.0064373
0.00610352
0.00578562
0.00634193
0.00658035
0.0064373
0.00611941
0.00635783
0.00638962
0.00659625
0.00594457
0.00592868
0.00634193
0.00581741
0.00542005
0.00545184
0.0064532
0.00754992
0.00769297
0.00915527
0.0103633
0.0132879
0.0160058
0.0190417
0.023222
0.0288645
0.0354767
0.0396252
0.0470797
0.0492255
0.0563463
0.0626564
0.0767231
0.0903924
0.107511
0.125376
0.136964
0.145435
0.151157
0.149314
0.155926
0.163253
0.177622
0.190274
0.203196
0.215371
0.220537
0.217597
0.224066
0.218248
0.226482
0.236591
0.246461
0.251532
0.258478
0.269731
0.267839
0.254472
0.259813
0.287708
0.315762
0.370725
0.41372
0.438817
0.452662
0.472482
0.482496
0.498041
0.49483
0.499725
0.498629
0.512791
0.511996
0.51411
0.527191
0.541719
0.525792
0.533231
0.533247
0.528908
0.537761
0.540733
0.535218
0.546551
0.557359
0.55809
0.570552
0.585667
0.611003
0.636419
0.64702
0.671244
0.721375
0.753323
0.756661
0.774002
0.792742
0.834195
0.893529
0.973447
1.02881
1.1205
1.22601
1.33697
1.42253
1.52114
1.49075
1.45243
1.41412
1.31949
1.33597
1.33745
1.40778
1.41931
1.4698
1.49363
1.46039
1.35573
1.41136
1.61557
42.3322
