0.00960032
0.00402133
0.0046889
0.00603994
0.00710487
0.0090758
0.0120958
0.0154177
0.0200431
0.0255744
0.0339508
0.0392755
0.0454585
0.0449975
0.0377655
0.0290712
0.0229359
0.0178655
0.0151157
0.0131925
0.0126839
0.0129064
0.0118097
0.0105699
0.00894864
0.00774066
0.00769297
0.00667572
0.00699361
0.00686646
0.00637372
0.00637372
0.0061512
0.00540415
0.00534058
0.00503858
0.00508626
0.00489553
0.00478427
0.00484784
0.00507037
0.00480016
0.00484784
0.00473658
0.00475248
0.00478427
0.00465711
0.00495911
0.00470479
0.00465711
0.00507037
0.00437101
0.00449816
0.00433922
0.00476837
0.00454585
0.00443459
0.00507037
0.00476837
0.00510216
0.00518163
0.00561078
0.005277
0.00583331
0.00546773
0.00575384
0.0058651
0.00603994
0.0064373
0.00605583
0.00610352
0.00700951
0.00665983
0.00715256
0.00715256
0.00693003
0.00723203
0.00747045
0.00734329
0.00829697
0.00766118
0.00839233
0.00891685
0.00913938
0.00858307
0.00950495
0.00899633
0.0101725
0.0111739
0.0122706
0.0138124
0.0161807
0.0184218
0.0223478
0.0270049
0.0329177
0.0403086
0.0473181
0.0538667
0.066185
0.0737349
0.0840346
0.0916958
0.10403
0.115983
0.131369
0.151539
0.174061
0.193659
0.220299
0.250769
0.285053
0.328652
0.365607
0.415548
0.465584
0.507196
0.550954
0.608937
0.685263
0.775607
0.878302
0.974909
1.06053
1.11717
1.15994
1.17375
1.19138
1.24135
1.28096
1.33375
1.40152
1.41347
1.46008
1.52949
1.62331
1.71097
1.78231
1.84043
1.88238
1.91512
1.95092
2.01968
2.08515
2.16688
2.23012
2.25714
2.28662
2.27057
2.23263
2.13976
1.975
1.79731
1.6712
1.61942
1.55816
1.43167
1.26793
1.15968
1.15956
1.2424
1.38243
1.51558
1.6027
1.69484
1.77034
1.8219
1.88637
1.94367
1.9852
2.00248
1.88419
1.67494
1.44628
1.2379
1.06119
0.905307
0.732867
0.545963
0.341352
0.161584
0.0656764
0.0267824
0.0119368
0.00465711
0.00206629
0.00111262
0.000445048
0.000158946
0.000111262
3.17891e-05
3.17891e-05
0
0
0
0
0
0
0
0
0
0
0
0
0
0
0
0
0
0
0
0
0
0
0
0
0
0
0
0
0
0
0
0
0
0
0
0
0
0
0
0
0
0
0
0
0
0
0
0
0
0
0
0
0
0
0
0
0
0
0
0
0
0
0
0
