0.00190735
0.00108083
0.00141462
0.00173251
0.0023524
0.00246366
0.00286102
0.00330607
0.00362396
0.00416438
0.00580152
0.00799497
0.0105222
0.0135422
0.0159423
0.0178337
0.0196457
0.0205199
0.0206153
0.0218868
0.022014
0.0215213
0.0206788
0.0174522
0.0137488
0.0118256
0.0124931
0.0100454
0.0103792
0.00977516
0.00982285
0.0090917
0.00762939
0.00693003
0.00632604
0.00640551
0.00651677
0.00561078
0.00578562
0.00578562
0.00626246
0.00597636
0.00588099
0.00567436
0.00524521
0.00545184
0.00508626
0.00519753
0.00580152
0.00592868
0.00658035
0.00602404
0.00597636
0.00624657
0.00592868
0.00535647
0.00605583
0.00597636
0.00607173
0.0058651
0.00549952
0.00538826
0.00588099
0.0046889
0.00500679
0.00503858
0.00476837
0.00470479
0.0046889
0.00422796
0.00459353
0.0046889
0.00433922
0.00476837
0.00456174
0.00510216
0.00433922
0.00449816
0.00443459
0.00481606
0.00432332
0.00395775
0.00443459
0.00411669
0.00476837
0.00472069
0.0043869
0.00433922
0.00437101
0.00411669
0.00454585
0.00430743
0.00432332
0.00460943
0.00491142
0.00472069
0.00480016
0.00457764
0.00487963
0.00452995
0.00562668
0.00460943
0.00470479
0.0052611
0.00513395
0.00626246
0.00656446
0.00720024
0.00917117
0.0106176
0.0139395
0.0185172
0.0251611
0.0347932
0.0511805
0.0719229
0.0986258
0.125281
0.149918
0.175031
0.191879
0.196028
0.20415
0.199763
0.198205
0.206137
0.21162
0.218026
0.228278
0.231759
0.235685
0.235415
0.247892
0.253773
0.270081
0.288502
0.31449
0.353114
0.405121
0.473817
0.557788
0.64098
0.735124
0.812562
0.85295
0.888888
0.922251
0.959746
0.98691
0.996399
1.0286
1.0386
1.06897
1.12411
1.22644
1.39036
1.62834
1.91762
2.25546
2.63805
3.06681
3.43124
3.67451
3.81389
3.81503
3.71707
3.57631
3.50998
3.49876
3.56916
3.58179
3.64971
3.81487
3.9351
3.93898
3.72391
3.2776
2.67903
1.96953
1.30091
0.795905
0.477823
0.288677
0.177368
0.114918
0.0844161
0.0623862
0.0427882
0.0234604
0.0121435
0.00564257
0.00251134
0.00100136
0.000905991
0.00038147
0.000270208
0.00017484
0.000111262
7.94729e-05
1.58946e-05
0
1.58946e-05
0
0
0
0
0
0
0
0
0
0
0
0
0
0
0
0
0
0
0
0
0
0
0
0
0
0
0
0
0
0
0
0
0
0
0
0
0
0
0
0
0
0
0
0
0
0
0
0
0
0
0
0
0
0
