0.0237465
0.00634193
0.00742277
0.00866254
0.00993411
0.0126998
0.0154972
0.0176112
0.0232061
0.0264804
0.0319799
0.034825
0.0355721
0.0380834
0.0352542
0.0294209
0.022014
0.0175635
0.0160217
0.0133514
0.0132084
0.0127951
0.0116507
0.0118891
0.00971158
0.00821749
0.00785192
0.00745455
0.00680288
0.00685056
0.00710487
0.00754992
0.00680288
0.00705719
0.00602404
0.00591278
0.00553131
0.00529289
0.00589689
0.00596046
0.00580152
0.00564257
0.00629425
0.00522931
0.00610352
0.00540415
0.00542005
0.00599225
0.00572205
0.0058651
0.00573794
0.00605583
0.00602404
0.00581741
0.00605583
0.00610352
0.00658035
0.00631015
0.00632604
0.00592868
0.00651677
0.00678698
0.00634193
0.00700951
0.00740687
0.00770887
0.00758171
0.00766118
0.00810623
0.00805855
0.00933011
0.00810623
0.00891685
0.00812213
0.00929832
0.0093619
0.00974337
0.0101884
0.0106812
0.0112534
0.0117938
0.0142415
0.0161648
0.0194709
0.0220458
0.0265916
0.0316302
0.0353177
0.0382741
0.0425021
0.0448227
0.0508467
0.054884
0.0605583
0.067393
0.0751654
0.0881354
0.107511
0.136805
0.172377
0.223112
0.281604
0.364717
0.462914
0.575034
0.710169
0.86786
1.01498
1.15012
1.26131
1.32845
1.37219
1.39023
1.38699
1.37413
1.33893
1.28031
1.19548
1.09545
0.993824
0.913382
0.854127
0.817474
0.822608
0.837358
0.83197
0.805902
0.766039
0.712776
0.726636
0.767485
0.857258
0.948826
1.09771
1.27916
1.49681
1.71482
2.00818
2.36716
2.78556
3.13751
3.1795
2.96005
2.62257
2.20626
1.84312
1.61393
1.50243
1.4414
1.38679
1.29898
1.20947
1.14902
1.07981
1.02968
1.01283
1.01358
1.01571
1.02784
1.02156
1.03472
1.07528
1.12604
1.12688
1.03852
0.927639
0.82469
0.761461
0.721327
0.701841
0.689061
0.682227
0.695276
0.725031
0.74029
0.747697
0.736141
0.739177
0.76108
0.77014
0.759776
0.685994
0.578276
0.472387
0.387541
0.339254
0.329002
0.321595
0.309642
0.287501
0.249847
0.226672
0.196807
0.163953
0.119178
0.0733852
0.0329653
0.0134309
0.00553131
0.00168482
0.00100136
0.000238419
0.000222524
0.000111262
0
0
0
0
0
0
0
0
0
0
0
0
0
0
0
0
0
0
0
0
0
0
0
0
0
0
0
0
0
0
0
0
0
0
0
0
0
0
0
0
0
0
0
0
0
0
0
0
0
0
0
0
