0.00286102
0.00073115
0.00111262
0.00119209
0.0014623
0.00122388
0.00138283
0.00178019
0.0017643
0.00230471
0.00222524
0.00243187
0.00219345
0.0023365
0.00309944
0.00300407
0.00333786
0.00344912
0.00357628
0.00487963
0.00522931
0.00576973
0.00735919
0.00824928
0.0108401
0.0120799
0.0142733
0.0147343
0.0158151
0.0159582
0.015672
0.0157038
0.0156403
0.0147502
0.0140826
0.0128428
0.012668
0.010856
0.0118732
0.0112216
0.0103792
0.00974337
0.00923475
0.00880559
0.00880559
0.00802676
0.00745455
0.0064373
0.00659625
0.00605583
0.00605583
0.00597636
0.00567436
0.00561078
0.00561078
0.00511805
0.00521342
0.00478427
0.00446637
0.00483195
0.00446637
0.00451406
0.00449816
0.00384649
0.00435511
0.0038147
0.00387828
0.00411669
0.00371933
0.00375112
0.00341733
0.00375112
0.00344912
0.00367165
0.00308355
0.0035127
0.00406901
0.00305176
0.00365575
0.00341733
0.00340144
0.00330607
0.00311534
0.00367165
0.00335375
0.00313123
0.00325839
0.00311534
0.00327428
0.00365575
0.00308355
0.00330607
0.00327428
0.00360807
0.00279744
0.00356038
0.00317891
0.00365575
0.00357628
0.00354449
0.00332197
0.00340144
0.0038147
0.00346502
0.00384649
0.00376701
0.00411669
0.00376701
0.00425975
0.00483195
0.00445048
0.00425975
0.00484784
0.00480016
0.00480016
0.0052611
0.00473658
0.00511805
0.00502268
0.00524521
0.00532468
0.00522931
0.00588099
0.00537237
0.00534058
0.00567436
0.00611941
0.00610352
0.00591278
0.0070413
0.00705719
0.00816981
0.0101407
0.0126839
0.0182629
0.0271797
0.0410557
0.0655492
0.0985622
0.140889
0.190544
0.249116
0.311057
0.34914
0.376781
0.392103
0.410382
0.418075
0.412401
0.390943
0.381056
0.398238
0.441949
0.506496
0.607173
0.732374
0.839599
0.933981
1.02045
1.1391
1.24035
1.33527
1.50062
1.74902
2.07933
2.4182
2.67506
2.77122
2.79935
2.7729
2.73617
2.68955
2.6449
2.59441
2.57052
2.55308
2.52426
2.446
2.31268
2.19053
2.05096
1.919
1.81524
1.75392
1.67004
1.60438
1.55182
1.56984
1.63379
1.75056
1.86241
1.87818
1.83503
1.72068
1.57922
1.49425
1.47171
1.48128
1.46639
1.38679
1.27861
1.13799
0.980457
0.818714
0.678364
0.573238
0.491889
0.430218
0.377162
0.330369
0.284735
0.232538
0.182422
0.133499
0.107543
0.078392
0.052007
0.0295162
0.0155449
0.00929832
0.00576973
0.00363986
0.00298818
0.00225703
0.00219345
0.00216166
0.00170072
0.0017643
0.0017484
0.00168482
0.00106494
0.00106494
0.00103315
0.00073115
0.000699361
0.000524521
0.000365575
0.000445048
0.000222524
0.000222524
0.000238419
0.000190735
0.000143051
4.76837e-05
9.53674e-05
7.94729e-05
6.35783e-05
1.58946e-05
1.58946e-05
0
1.58946e-05
0
0
0
0
0
