0.0156879
0.00278155
0.00313123
0.00336965
0.00365575
0.0046889
0.00494321
0.00589689
0.00642141
0.00788371
0.00958443
0.0110785
0.0130971
0.0148137
0.0168959
0.0193437
0.0206312
0.0237624
0.0243187
0.0204563
0.0171185
0.0148455
0.0135263
0.0123342
0.0111262
0.0114759
0.00993411
0.00837644
0.00678698
0.00658035
0.0064532
0.00618299
0.00597636
0.00597636
0.00580152
0.00532468
0.0052611
0.0044028
0.00454585
0.00435511
0.00386238
0.00386238
0.00384649
0.00422796
0.00456174
0.00413259
0.0040849
0.0041008
0.00386238
0.00371933
0.0035127
0.00317891
0.00338554
0.00338554
0.00330607
0.00391006
0.00373522
0.00348091
0.00287692
0.00335375
0.00333786
0.00362396
0.00317891
0.00289281
0.00319481
0.00336965
0.00284513
0.00365575
0.00336965
0.00329018
0.00341733
0.00300407
0.00309944
0.00324249
0.00362396
0.00370344
0.00370344
0.00340144
0.00329018
0.00403722
0.00341733
0.00376701
0.00362396
0.00424385
0.00419617
0.00371933
0.00403722
0.00452995
0.00419617
0.00378291
0.00483195
0.00432332
0.00422796
0.00481606
0.00486374
0.00503858
0.00507037
0.00548363
0.00529289
0.0052611
0.00553131
0.00522931
0.00573794
0.00529289
0.00603994
0.00635783
0.00662804
0.00669161
0.0064373
0.00735919
0.00829697
0.00920296
0.00902812
0.0115077
0.0115236
0.0130335
0.0152747
0.0172933
0.0210603
0.0244617
0.0296593
0.0340939
0.041914
0.0482559
0.0607649
0.0766277
0.102345
0.129557
0.165749
0.197919
0.238005
0.294367
0.400575
0.583553
0.779486
0.963402
1.12368
1.27266
1.43601
1.61557
1.75819
1.88168
1.97042
2.02483
2.02381
1.9917
1.95966
1.93645
1.92854
1.87211
1.84029
1.82838
1.83554
1.89004
1.95832
1.98156
1.97083
1.93466
1.92267
1.9122
1.87414
1.84884
1.86288
1.88991
1.95975
2.01035
2.05901
2.14728
2.28198
2.47959
2.69186
2.95698
3.1813
3.21701
3.0718
2.83955
2.55322
2.22683
1.87861
1.51151
1.13196
0.808271
0.585206
0.41666
0.3064
0.242742
0.204992
0.177685
0.154638
0.13415
0.118192
0.108671
0.0869115
0.0651201
0.0363986
0.0176589
0.00890096
0.00319481
0.00136693
0.000635783
0.000333786
0.000143051
4.76837e-05
3.17891e-05
0
0
0
0
0
0
0
0
0
0
0
0
0
0
0
0
0
0
0
0
0
0
0
0
0
0
0
0
0
0
0
0
0
0
0
0
0
0
0
0
0
0
0
0
0
0
0
0
0
0
0
0
