0.0125567
0.00330607
0.00371933
0.00452995
0.00481606
0.00476837
0.00524521
0.00616709
0.00726382
0.00815392
0.0085036
0.00963211
0.0125408
0.0136216
0.0158628
0.0180403
0.0209173
0.0212669
0.0217438
0.0201702
0.0189304
0.0176271
0.0157356
0.016737
0.0154177
0.0132243
0.0133991
0.0129064
0.0114759
0.0111421
0.00972748
0.00898043
0.00904401
0.0085036
0.00855128
0.00762939
0.00720024
0.00696182
0.00658035
0.00637372
0.00635783
0.00554721
0.00578562
0.00557899
0.00521342
0.00596046
0.00508626
0.00542005
0.00567436
0.00500679
0.00522931
0.00483195
0.0049909
0.00459353
0.00459353
0.00513395
0.00487963
0.00435511
0.00448227
0.0041008
0.00446637
0.00395775
0.00432332
0.00418027
0.00457764
0.00437101
0.00348091
0.00462532
0.00405312
0.00456174
0.00427564
0.00432332
0.00413259
0.00419617
0.00424385
0.00424385
0.00446637
0.00483195
0.0043869
0.00411669
0.00460943
0.00430743
0.00459353
0.0044028
0.00413259
0.00472069
0.00394185
0.00500679
0.00489553
0.00507037
0.00508626
0.005277
0.00581741
0.0061353
0.00677109
0.00882149
0.00991821
0.0136852
0.0177224
0.0256062
0.0355562
0.0481606
0.0617186
0.0816186
0.100613
0.114918
0.129223
0.146198
0.155083
0.161235
0.177987
0.194629
0.212161
0.238164
0.266902
0.311168
0.365384
0.448132
0.592279
0.764004
0.984478
1.24365
1.48778
1.72418
1.87666
1.94739
1.96762
1.95481
1.91956
1.84752
1.79213
1.78677
1.85269
1.91471
2.0171
2.11868
2.23521
2.32078
2.3917
2.4419
2.45059
2.43376
2.35256
2.273
2.16049
2.03106
1.90938
1.85571
1.81049
1.73286
1.64021
1.5018
1.37308
1.30757
1.2778
1.28053
1.28981
1.25348
1.18729
1.10949
1.04952
1.04229
1.05882
1.09549
1.1127
1.10013
1.04548
0.987371
0.9576
0.967518
0.982745
0.986528
0.988324
0.996256
0.997512
0.98443
0.931231
0.884469
0.831429
0.773191
0.706625
0.592264
0.469621
0.350809
0.240231
0.161457
0.0997543
0.0610511
0.0364463
0.0245889
0.0157356
0.00743866
0.00375112
0.00192324
0.00150998
0.00120799
0.000953674
0.000651677
0.000492732
0.000349681
0.000254313
0.000111262
9.53674e-05
3.17891e-05
3.17891e-05
1.58946e-05
1.58946e-05
1.58946e-05
0
0
0
1.58946e-05
0
0
0
0
0
0
0
0
0
0
0
0
0
0
0
0
0
0
0
0
0
0
0
0
0
0
0
0
0
0
0
0
0
0
0
0
0
0
0
0
0
0
0
0
