0.00397364
0.00187556
0.0023365
0.00298818
0.00386238
0.00472069
0.0058651
0.0070413
0.00977516
0.0133355
0.0189622
0.0247796
0.0295957
0.0301043
0.0268936
0.0221888
0.0218074
0.0200907
0.0184059
0.0178814
0.0195503
0.0191212
0.0175317
0.0163873
0.0135422
0.0119527
0.00980695
0.00915527
0.00882149
0.00786781
0.00847181
0.00772476
0.00658035
0.00559489
0.00575384
0.00524521
0.00503858
0.00489553
0.00514984
0.00516574
0.00480016
0.00487963
0.00489553
0.0046889
0.00508626
0.00462532
0.00400543
0.00421206
0.00387828
0.00414848
0.0044028
0.00402133
0.00387828
0.00392596
0.00344912
0.00359217
0.0037988
0.00398954
0.00335375
0.00386238
0.00373522
0.00384649
0.00383059
0.00394185
0.00343323
0.00349681
0.00389417
0.00336965
0.00354449
0.0038147
0.00341733
0.0040849
0.00314713
0.00365575
0.00359217
0.00362396
0.00329018
0.00341733
0.00363986
0.00375112
0.00360807
0.00356038
0.00352859
0.00333786
0.00406901
0.00349681
0.00392596
0.00370344
0.00403722
0.00387828
0.00411669
0.00362396
0.00389417
0.00419617
0.00400543
0.00411669
0.00430743
0.00392596
0.004975
0.00445048
0.0041008
0.00413259
0.004673
0.004673
0.00476837
0.0046889
0.00481606
0.00505447
0.00511805
0.00519753
0.00521342
0.00491142
0.0052611
0.00578562
0.00602404
0.00581741
0.00597636
0.00580152
0.00626246
0.00677109
0.00607173
0.00637372
0.00696182
0.0073274
0.0070413
0.00816981
0.00864665
0.0104586
0.0125408
0.0165621
0.0249227
0.0369549
0.0585079
0.0848452
0.119368
0.157531
0.198253
0.248671
0.303173
0.371424
0.436322
0.513268
0.635306
0.77885
0.955486
1.15816
1.39076
1.61235
1.82603
1.99356
2.10037
2.19773
2.31136
2.43675
2.54982
2.64805
2.72398
2.80892
2.92349
3.15553
3.46195
3.81783
4.14844
4.3729
4.46266
4.38439
4.22637
3.90622
3.46785
2.92312
2.45601
2.10412
1.86871
1.66149
1.46155
1.27091
1.10628
0.971429
0.871929
0.799354
0.72883
0.680208
0.631841
0.600799
0.570631
0.524569
0.471544
0.413974
0.354338
0.308879
0.276788
0.248639
0.21375
0.172758
0.13361
0.0996431
0.0706355
0.0439326
0.0229836
0.0104586
0.00505447
0.00157356
0.000715256
0.000445048
0.000238419
1.58946e-05
4.76837e-05
3.17891e-05
0
0
0
0
0
0
0
0
0
0
0
0
0
0
0
0
0
0
0
0
0
0
0
0
0
0
0
0
0
0
0
0
0
0
0
0
0
0
0
0
0
0
0
0
0
0
0
0
