0.0164986
0.00279744
0.00267029
0.00383059
0.00319481
0.00451406
0.00432332
0.00511805
0.00580152
0.00740687
0.0101566
0.0108878
0.014321
0.0152111
0.0163237
0.0185808
0.0191689
0.0201861
0.0190576
0.0195503
0.0185649
0.0171185
0.0160217
0.016133
0.0142574
0.0137965
0.012811
0.0125408
0.0104586
0.00982285
0.00960032
0.00905991
0.00809034
0.00707308
0.00780423
0.00737508
0.00707308
0.00689824
0.00648499
0.00570615
0.00575384
0.0055631
0.00489553
0.00478427
0.00519753
0.00456174
0.005277
0.00473658
0.00480016
0.00489553
0.00446637
0.00424385
0.00435511
0.00445048
0.00414848
0.00476837
0.00360807
0.00451406
0.00418027
0.00452995
0.00441869
0.00371933
0.0041008
0.0037988
0.00402133
0.00422796
0.00356038
0.00437101
0.00356038
0.00416438
0.00462532
0.0043869
0.00371933
0.00459353
0.00433922
0.00435511
0.00486374
0.00454585
0.00510216
0.00457764
0.00478427
0.00540415
0.00534058
0.00514984
0.00448227
0.00502268
0.00507037
0.00561078
0.00561078
0.00569026
0.00559489
0.00570615
0.00665983
0.00686646
0.00769297
0.00809034
0.00893275
0.0110626
0.0123978
0.0148614
0.0182152
0.0210762
0.0243028
0.0272433
0.0346343
0.0412941
0.0521819
0.0659943
0.0846227
0.108957
0.151316
0.212447
0.308116
0.433493
0.58465
0.737158
0.867128
0.952148
0.969712
0.951433
0.916656
0.897185
0.890287
0.901763
0.947173
1.01816
1.09007
1.16995
1.24989
1.37148
1.54355
1.86243
2.29891
2.75977
3.18171
3.47037
3.62523
3.58574
3.51748
3.39222
3.25678
3.09199
2.88633
2.65263
2.46835
2.31921
2.19178
2.10134
2.00491
1.91027
1.77945
1.72912
1.74417
1.77468
1.77627
1.72695
1.65712
1.5324
1.3981
1.28185
1.19232
1.11534
1.0204
0.898107
0.792805
0.68051
0.562016
0.481017
0.435829
0.44686
0.48267
0.522312
0.548236
0.558869
0.523297
0.441726
0.326649
0.22796
0.15041
0.0887553
0.050052
0.0353018
0.0205676
0.0116348
0.00534058
0.0026226
0.00127157
0.000778834
0.000492732
0.000222524
0.000254313
0.000111262
9.53674e-05
9.53674e-05
3.17891e-05
6.35783e-05
3.17891e-05
0
0
0
0
0
0
0
0
0
0
0
0
0
0
0
0
0
0
0
0
0
0
0
0
0
0
0
0
0
0
0
0
0
0
0
0
0
0
0
0
0
0
0
0
0
0
0
0
0
0
0
0
0
0
0
0
0
0
0
