0.00214577
0.000603994
0.00112851
0.000858307
0.000969569
0.00108083
0.00139872
0.00150998
0.0014782
0.00211398
0.0017484
0.00249545
0.00238419
0.00281334
0.00274976
0.00298818
0.00363986
0.00387828
0.00456174
0.00483195
0.00554721
0.00576973
0.00688235
0.00737508
0.00912348
0.0107447
0.0117302
0.0126044
0.0139078
0.0148773
0.0154813
0.015974
0.0155926
0.015227
0.0143051
0.0133355
0.0135581
0.0127792
0.0118732
0.0116507
0.0115236
0.0106653
0.010554
0.0106653
0.00964801
0.00974337
0.00993411
0.0101089
0.0104427
0.0101566
0.00847181
0.00824928
0.00813802
0.00796318
0.00688235
0.00745455
0.00661214
0.00631015
0.00546773
0.00570615
0.00502268
0.00489553
0.00502268
0.00451406
0.00460943
0.00454585
0.00411669
0.00405312
0.00389417
0.0038147
0.00363986
0.00375112
0.00411669
0.00344912
0.00356038
0.00398954
0.0035127
0.00338554
0.00336965
0.00332197
0.00306765
0.00325839
0.00368754
0.00336965
0.00336965
0.00330607
0.00303586
0.00311534
0.00324249
0.00325839
0.00356038
0.00335375
0.0032266
0.00295639
0.00324249
0.00356038
0.00309944
0.00329018
0.00330607
0.00330607
0.00319481
0.00335375
0.00327428
0.00316302
0.00352859
0.00362396
0.00336965
0.00333786
0.00384649
0.00406901
0.00376701
0.0038147
0.00394185
0.00365575
0.00360807
0.0040849
0.00403722
0.00406901
0.00413259
0.00454585
0.00391006
0.00443459
0.00451406
0.00425975
0.00459353
0.00475248
0.00443459
0.00486374
0.00456174
0.00478427
0.00484784
0.00473658
0.00569026
0.00548363
0.00626246
0.00635783
0.00629425
0.00689824
0.00831286
0.00913938
0.0119845
0.0145753
0.0180403
0.0257333
0.0335375
0.0450452
0.06121
0.0818094
0.105031
0.135183
0.174936
0.225433
0.296656
0.397571
0.53614
0.702286
0.866318
1.03876
1.25655
1.5646
1.96705
2.45431
2.92656
3.27306
3.46023
3.45778
3.35054
3.22766
3.12428
3.09798
3.00617
2.82076
2.55535
2.33639
2.16702
2.03179
1.92733
1.84596
1.77237
1.72946
1.67586
1.6099
1.55886
1.5076
1.49101
1.47416
1.46729
1.48004
1.46492
1.44895
1.39132
1.348
1.29987
1.30032
1.298
1.25529
1.20414
1.12454
1.06382
0.994047
0.934251
0.886567
0.855017
0.797192
0.748269
0.708055
0.681178
0.6399
0.611242
0.575733
0.518751
0.480048
0.445477
0.422573
0.397905
0.369263
0.334628
0.289806
0.245428
0.214275
0.171614
0.125758
0.0724475
0.0381629
0.018692
0.00931422
0.00573794
0.00419617
0.00314713
0.00295639
0.00274976
0.00268618
0.00214577
0.00219345
0.00203451
0.00195503
0.00152588
0.00131925
0.00103315
0.00109673
0.000747045
0.000778834
0.000794729
0.000460943
0.000270208
0.000301997
0.000238419
0.000143051
0.000127157
6.35783e-05
9.53674e-05
1.58946e-05
3.17891e-05
1.58946e-05
0
3.17891e-05
