0.0129223
0.00157356
0.00171661
0.00208219
0.00198682
0.00198682
0.00238419
0.00225703
0.00287692
0.00273387
0.00349681
0.00383059
0.00437101
0.00448227
0.00634193
0.00607173
0.0078996
0.00754992
0.0084877
0.00904401
0.0105699
0.00931422
0.0093778
0.00960032
0.00902812
0.00836054
0.00905991
0.0087897
0.00899633
0.00896454
0.00891685
0.00899633
0.00944138
0.0101089
0.0100772
0.00923475
0.00980695
0.00971158
0.00942548
0.00982285
0.00944138
0.00899633
0.00934601
0.0087897
0.00812213
0.00794729
0.0082016
0.00832876
0.00718435
0.0073274
0.0073115
0.00786781
0.00696182
0.0070254
0.00689824
0.00696182
0.00683467
0.00718435
0.0073274
0.00675519
0.00669161
0.00605583
0.00632604
0.00659625
0.00600815
0.0055631
0.00510216
0.00491142
0.00472069
0.0046889
0.00454585
0.00414848
0.00405312
0.00425975
0.00419617
0.00402133
0.00418027
0.00354449
0.00391006
0.00346502
0.00371933
0.00378291
0.00357628
0.00338554
0.0037988
0.00359217
0.00349681
0.00333786
0.00327428
0.00298818
0.00336965
0.00359217
0.00319481
0.00332197
0.00303586
0.00327428
0.00362396
0.00327428
0.00349681
0.00300407
0.00325839
0.00365575
0.00329018
0.00341733
0.00333786
0.00329018
0.00305176
0.00354449
0.00346502
0.00324249
0.00340144
0.00330607
0.00367165
0.00365575
0.00395775
0.0038147
0.00384649
0.00425975
0.00421206
0.00457764
0.0052611
0.00570615
0.00823339
0.0107288
0.0160376
0.025479
0.04433
0.0713984
0.120974
0.199763
0.310659
0.450404
0.608412
0.774956
0.903098
0.996272
1.05456
1.08627
1.06726
1.01129
0.930293
0.843318
0.773827
0.709931
0.657717
0.614452
0.573095
0.537888
0.509675
0.479237
0.46622
0.454728
0.453711
0.455332
0.457303
0.470114
0.483338
0.482464
0.465218
0.443411
0.416072
0.390132
0.360934
0.335884
0.324567
0.312026
0.301997
0.286484
0.279013
0.266854
0.248337
0.237497
0.230201
0.224288
0.223573
0.225417
0.240882
0.251722
0.269334
0.291077
0.313616
0.329065
0.344388
0.35491
0.367101
0.369596
0.378561
0.386079
0.395568
0.422955
0.461006
0.519848
0.580009
0.64985
0.717131
0.797224
0.853904
0.907453
0.989183
1.1073
1.23426
1.28791
1.31551
1.33924
1.37769
1.44671
1.513
1.57124
1.58936
1.60685
1.55377
1.52839
1.55358
1.57695
1.57137
1.51622
1.44698
1.37676
1.38291
1.49873
1.65267
1.8592
2.01893
2.03145
1.9973
1.82271
1.74057
1.78375
1.82899
1.82735
1.7927
1.73704
1.58383
1.45359
1.23631
1.2221
1.26769
1.15606
0.876156
0.66754
0.472641
0.356372
0.250705
0.171582
0.104189
0.0453313
0.0147343
0.00729561
0.00367165
0.00335375
0.00276566
0.00298818
0.00271797
0.00255903
0.00208219
0.0463486
