0.0518958
0.00370344
0.00332197
0.0038147
0.00376701
0.00363986
0.00397364
0.00365575
0.0038147
0.00424385
0.00446637
0.00435511
0.00452995
0.00507037
0.00542005
0.00551542
0.00569026
0.00611941
0.00683467
0.00785192
0.0087738
0.00983874
0.00956853
0.0119845
0.0119368
0.0127792
0.0128905
0.0163237
0.0168165
0.0181675
0.0183105
0.0196775
0.0205517
0.021251
0.0212193
0.0228882
0.0226021
0.0216802
0.0204245
0.0200589
0.0196775
0.0188986
0.0184218
0.0175635
0.0161648
0.0156879
0.0149568
0.0140508
0.0138124
0.0137806
0.0125567
0.0124931
0.0106017
0.0101725
0.0100613
0.00836054
0.00837644
0.00886917
0.00826518
0.00785192
0.0070254
0.00670751
0.00724792
0.00588099
0.00686646
0.00627836
0.00578562
0.00632604
0.00534058
0.00564257
0.00510216
0.00578562
0.00516574
0.00507037
0.00530879
0.00554721
0.00483195
0.00508626
0.00424385
0.00508626
0.00454585
0.00487963
0.004673
0.00507037
0.00432332
0.00480016
0.00487963
0.00487963
0.00473658
0.00476837
0.00472069
0.00503858
0.0049909
0.00513395
0.00494321
0.0046889
0.00505447
0.00524521
0.005277
0.005277
0.00510216
0.00549952
0.00603994
0.00554721
0.00583331
0.00559489
0.00583331
0.00619888
0.00608762
0.00638962
0.00599225
0.00654856
0.00650088
0.00677109
0.00691414
0.00669161
0.0064373
0.00669161
0.00696182
0.0067393
0.00651677
0.00721614
0.00720024
0.00735919
0.00750224
0.0064532
0.00801086
0.00750224
0.00734329
0.00685056
0.00734329
0.00758171
0.00721614
0.00735919
0.00767708
0.00762939
0.00788371
0.00747045
0.00726382
0.00753403
0.00739098
0.00766118
0.00796318
0.00777245
0.00802676
0.00831286
0.00747045
0.00804265
0.0087738
0.00882149
0.00933011
0.0100772
0.00918706
0.0105063
0.0106176
0.0127157
0.0131766
0.0159105
0.0184059
0.0197252
0.0206629
0.0242551
0.0272274
0.0325362
0.0396887
0.0486056
0.0621001
0.0786781
0.0929515
0.108449
0.12331
0.138283
0.165335
0.197792
0.238593
0.274054
0.299438
0.32773
0.362285
0.398668
0.443284
0.497818
0.53738
0.573969
0.60962
0.639534
0.654236
0.642856
0.648197
0.677522
0.718244
0.766341
0.83882
0.876554
0.904751
0.910489
0.893974
0.895309
0.900745
0.908645
0.920026
0.952323
0.988515
1.02676
1.08374
1.14648
1.24599
1.36167
1.3796
1.3488
1.32871
1.3356
1.32988
1.35643
1.41644
1.47581
1.5014
1.4942
1.47583
1.48098
1.48109
1.51434
1.57377
1.63391
1.77174
1.92312
2.05434
2.1841
2.38059
2.60989
2.78206
2.86001
2.90917
2.95965
2.80585
2.55771
2.47064
2.21388
2.12558
2.09009
1.85704
1.51221
1.15925
1.06152
0.937939
0.811974
0.65217
0.553449
0.49216
0.412591
0.335089
0.217295
0.138489
0.07809
0.0458399
0.151777
