0.0122865
0.00303586
0.00287692
0.00314713
0.00391006
0.00427564
0.00511805
0.00597636
0.00713666
0.00985463
0.0122865
0.0153701
0.0185649
0.0216325
0.0242074
0.0247478
0.0273546
0.0277678
0.0277678
0.0271002
0.0238895
0.0239531
0.0226339
0.0219822
0.0225067
0.0204722
0.0205199
0.0196457
0.0207106
0.0200431
0.0200431
0.0199
0.0182629
0.0196934
0.0175953
0.0171185
0.017182
0.0166893
0.0164986
0.0147661
0.0134627
0.012668
0.0115554
0.00977516
0.00888507
0.00809034
0.00737508
0.0073274
0.0070413
0.00699361
0.0067234
0.00618299
0.00656446
0.00653267
0.00611941
0.00602404
0.00621478
0.00654856
0.00608762
0.00632604
0.00626246
0.00664393
0.00677109
0.00697772
0.0070254
0.00729561
0.0073274
0.00712077
0.00713666
0.00727971
0.00716845
0.0076135
0.00778834
0.00788371
0.00775655
0.00824928
0.00888507
0.00734329
0.00783602
0.00823339
0.0084877
0.00864665
0.00805855
0.00851949
0.00875791
0.00807444
0.0082016
0.00872612
0.00975927
0.00874201
0.00945727
0.00953674
0.00904401
0.00944138
0.00991821
0.00961622
0.00991821
0.0108719
0.0118097
0.0125249
0.0140031
0.0176748
0.0218868
0.02834
0.0375748
0.0517368
0.0672976
0.0908693
0.116094
0.14561
0.169945
0.192738
0.208139
0.216897
0.228294
0.241756
0.256507
0.288868
0.322501
0.347392
0.369946
0.387748
0.403833
0.415007
0.409269
0.405629
0.38956
0.390371
0.394758
0.424131
0.451279
0.510279
0.588878
0.693591
0.80514
0.898314
0.96283
0.97154
0.97084
0.973988
0.979503
1.00551
1.03215
1.06708
1.05982
1.05956
1.05324
1.0637
1.1066
1.12406
1.14829
1.15992
1.18424
1.21633
1.23876
1.21713
1.21365
1.21145
1.22948
1.29787
1.37076
1.3979
1.4394
1.48716
1.51221
1.52928
1.54411
1.50901
1.44978
1.38844
1.359
1.29402
1.21574
1.12243
1.02394
0.96763
0.935014
0.930198
0.917053
0.933647
0.971794
0.985448
0.958713
0.927623
0.895596
0.850741
0.802342
0.807126
0.824102
0.857989
0.916576
0.982984
1.08658
1.22177
1.36374
1.48338
1.5364
1.52426
1.43758
1.35619
1.26994
1.16355
1.0352
0.911681
0.804059
0.742865
0.682926
0.609144
0.529178
0.470908
0.425084
0.403118
0.396236
0.386031
0.373332
0.375144
0.379737
0.369914
0.374905
0.373141
0.352208
0.313473
0.283957
0.252438
0.244188
0.224495
0.175476
0.114918
0.0568231
0.0300566
0.0183741
0.012064
0.00500679
0.00131925
0.000254313
7.94729e-05
0
0
0
0
0
0
0
0
0
0
0
0
0
0
0
0
0
0
0
0
