0.0423749
0.00230471
0.00276566
0.00273387
0.00278155
0.00317891
0.00279744
0.00284513
0.00340144
0.0032107
0.0038147
0.00336965
0.00376701
0.00363986
0.00386238
0.00392596
0.00457764
0.00402133
0.00457764
0.00484784
0.00491142
0.00462532
0.00540415
0.00564257
0.00530879
0.00559489
0.00562668
0.00637372
0.00623067
0.00653267
0.00656446
0.0073274
0.0073274
0.00844002
0.0084877
0.00912348
0.0102043
0.0113328
0.0121752
0.0122706
0.0132084
0.0135581
0.0136216
0.0154654
0.0153859
0.016133
0.0164986
0.0150363
0.0147661
0.0139236
0.013717
0.0129541
0.013876
0.0118574
0.0112693
0.010697
0.0110467
0.0104904
0.00987053
0.00883738
0.00886917
0.0093619
0.00829697
0.00799497
0.00778834
0.00758171
0.00720024
0.0070254
0.00737508
0.00631015
0.00554721
0.00631015
0.00535647
0.00553131
0.00554721
0.00564257
0.00513395
0.00516574
0.00516574
0.00522931
0.00481606
0.00534058
0.00448227
0.0044028
0.00456174
0.004673
0.00395775
0.00464122
0.00465711
0.00397364
0.00422796
0.00460943
0.00430743
0.00465711
0.00416438
0.0044028
0.00414848
0.00435511
0.00406901
0.00430743
0.00454585
0.0049909
0.00424385
0.00395775
0.00473658
0.00454585
0.00419617
0.00421206
0.00459353
0.00462532
0.00400543
0.00476837
0.00427564
0.00435511
0.004673
0.00535647
0.00416438
0.00480016
0.00475248
0.00489553
0.00487963
0.00465711
0.00478427
0.004975
0.004975
0.00565847
0.00508626
0.00565847
0.00532468
0.00610352
0.00561078
0.00607173
0.00562668
0.00603994
0.00542005
0.00600815
0.00642141
0.00646909
0.00667572
0.00611941
0.00619888
0.00658035
0.00669161
0.00669161
0.0070413
0.00710487
0.00713666
0.00708898
0.00756582
0.00750224
0.00764529
0.00747045
0.00727971
0.00774066
0.00754992
0.00734329
0.00809034
0.00796318
0.00839233
0.00828107
0.00890096
0.00861486
0.00958443
0.00942548
0.00898043
0.00948906
0.0101248
0.010856
0.0113169
0.0120163
0.0136375
0.0171343
0.0217915
0.0275612
0.036176
0.039657
0.0408649
0.0433763
0.0477314
0.0546614
0.0658512
0.0772953
0.0960827
0.124041
0.153208
0.170676
0.174999
0.177034
0.188621
0.192165
0.187476
0.185537
0.181309
0.182613
0.19083
0.201098
0.211175
0.225194
0.248639
0.287247
0.337807
0.405661
0.47636
0.538826
0.594139
0.682942
0.750796
0.811927
0.821686
0.813405
0.77637
0.747395
0.759522
0.776593
0.805839
0.841602
0.889349
0.932233
0.979439
1.00581
1.02226
1.05607
1.11597
1.17776
1.24253
1.32565
1.38125
1.42072
1.53675
1.70455
1.75484
1.85315
1.98
2.11256
2.04093
2.13523
2.11139
1.98205
1.94022
1.88785
1.87653
1.94049
1.9587
2.0425
2.0339
2.02026
2.01832
2.05228
2.07987
1.97504
1.8458
1.61586
1.43437
1.26211
1.02619
20.233
