0.0084877
0.00108083
0.00130335
0.00139872
0.00157356
0.0017643
0.00149409
0.00150998
0.00198682
0.00187556
0.00182788
0.00220935
0.00187556
0.00192324
0.00225703
0.00247955
0.00276566
0.00281334
0.0026226
0.00289281
0.00332197
0.00419617
0.00510216
0.00623067
0.00815392
0.0087738
0.0111103
0.0118891
0.0141462
0.0153383
0.0168482
0.0163714
0.0182152
0.0196457
0.0192801
0.0191212
0.019153
0.0187397
0.0199954
0.0223796
0.0243505
0.026385
0.0308355
0.0335217
0.0319004
0.0319163
0.02985
0.0287374
0.0259876
0.0238101
0.0219663
0.0192006
0.0173251
0.015672
0.0152588
0.0145276
0.0135581
0.0114441
0.0106017
0.0103633
0.00928243
0.00896454
0.00793139
0.00867844
0.00750224
0.00723203
0.00724792
0.00635783
0.00658035
0.00621478
0.00573794
0.00596046
0.0061353
0.00565847
0.00532468
0.00559489
0.00535647
0.00535647
0.00532468
0.00530879
0.00559489
0.00507037
0.00510216
0.00524521
0.00519753
0.00514984
0.00483195
0.00540415
0.00551542
0.00538826
0.00535647
0.00581741
0.00492732
0.00572205
0.00514984
0.00494321
0.00530879
0.00570615
0.00565847
0.00551542
0.00559489
0.00616709
0.00565847
0.00561078
0.00575384
0.00605583
0.00580152
0.00602404
0.00610352
0.00670751
0.0055631
0.00658035
0.00640551
0.00608762
0.00623067
0.00621478
0.0070413
0.00697772
0.00700951
0.00683467
0.0073274
0.00783602
0.00754992
0.00724792
0.00810623
0.00805855
0.00785192
0.00844002
0.00845591
0.00794729
0.0087738
0.00913938
0.00821749
0.00864665
0.00828107
0.00832876
0.00824928
0.00859896
0.00918706
0.00880559
0.00859896
0.00888507
0.00902812
0.00880559
0.0090917
0.00934601
0.00896454
0.00893275
0.00883738
0.00971158
0.010252
0.00972748
0.0110149
0.00972748
0.010697
0.0105858
0.0107924
0.0117779
0.0121276
0.012811
0.0151793
0.017182
0.0212987
0.0292142
0.0448704
0.0682831
0.106494
0.15227
0.195932
0.225115
0.238911
0.245667
0.251579
0.258668
0.256491
0.257381
0.261688
0.284195
0.312122
0.351715
0.400194
0.45708
0.495561
0.516828
0.528844
0.551271
0.609287
0.674709
0.739749
0.784985
0.817347
0.840362
0.868909
0.908613
0.954707
0.991758
1.03981
1.07183
1.07458
1.03025
0.957266
0.922871
0.928863
0.944757
0.927655
0.92179
0.921504
0.894133
0.829554
0.744104
0.675821
0.65794
0.654221
0.665331
0.664043
0.667191
0.652011
0.668414
0.678047
0.710154
0.741673
0.801198
0.870355
0.919882
0.989501
1.02317
1.01956
1.00382
1.01937
1.03749
1.03556
1.02983
1.02968
1.07263
1.06549
1.12481
1.14517
1.15709
1.20937
1.35363
1.46166
1.52268
1.602
1.72566
1.68583
1.51896
1.3456
1.25179
1.22689
1.19491
1.22178
1.1631
1.20702
1.21878
1.24447
22.6341
