0.000111262
0.000206629
0.000460943
0.00112851
0.00282923
0.00451406
0.00821749
0.0125408
0.0167052
0.0205517
0.0271797
0.0308355
0.034984
0.038592
0.0394026
0.0371615
0.0355244
0.0318368
0.0286102
0.0269731
0.0223478
0.0191689
0.0174205
0.0146548
0.0116984
0.0105699
0.0099659
0.00898043
0.00869433
0.00880559
0.00815392
0.00836054
0.00734329
0.00751813
0.0070254
0.00648499
0.00597636
0.00648499
0.00610352
0.00686646
0.00627836
0.00605583
0.00631015
0.00567436
0.00567436
0.00575384
0.00521342
0.00534058
0.00588099
0.00554721
0.00529289
0.00532468
0.005277
0.00553131
0.00524521
0.00599225
0.00546773
0.00519753
0.00495911
0.00553131
0.0052611
0.00575384
0.00508626
0.00554721
0.00535647
0.00583331
0.00618299
0.00564257
0.00562668
0.00551542
0.00632604
0.00607173
0.00629425
0.00632604
0.00680288
0.0070413
0.00664393
0.00686646
0.00747045
0.00693003
0.00729561
0.00729561
0.00713666
0.00836054
0.0079155
0.00829697
0.0087897
0.00913938
0.00871023
0.0087738
0.00975927
0.0106176
0.0100931
0.0104586
0.0112693
0.0102043
0.0118256
0.0118097
0.0119527
0.0135104
0.0130653
0.0140667
0.0140349
0.0154813
0.0169118
0.0191212
0.0213146
0.0254949
0.0331561
0.041755
0.0611941
0.0937462
0.136868
0.200478
0.294097
0.409698
0.562064
0.732915
0.925541
1.09917
1.2537
1.37668
1.50677
1.64237
1.82226
2.05671
2.30916
2.54002
2.71449
2.79338
2.73487
2.62903
2.53561
2.49141
2.47555
2.47698
2.48941
2.47618
2.4178
2.34222
2.2614
2.16519
2.1056
2.07899
2.14955
2.25248
2.2679
2.21621
2.11883
1.98774
1.91576
1.90706
1.9033
1.83407
1.78771
1.74802
1.7036
1.63846
1.58467
1.53197
1.52122
1.47463
1.32907
1.1226
0.906436
0.75202
0.660865
0.567547
0.470718
0.36974
0.284926
0.211255
0.145149
0.0919978
0.049305
0.0235875
0.00952085
0.00405312
0.0017643
0.000826518
0.000572205
0.00038147
0.000111262
3.17891e-05
1.58946e-05
1.58946e-05
0
0
0
0
0
0
0
0
0
0
0
0
0
0
0
0
0
0
0
0
0
0
0
0
0
0
0
0
0
0
0
0
0
0
0
0
0
0
0
0
0
0
0
0
0
0
0
0
0
0
0
0
0
0
0
0
0
0
0
0
0
0
0
0
0
0
0
0
0
0
