0.0219027
0.00427564
0.00487963
0.00557899
0.00646909
0.0079155
0.0087897
0.00988642
0.0122229
0.0126044
0.0130494
0.0140031
0.0153065
0.0147343
0.016133
0.0163078
0.0165304
0.0170549
0.0179132
0.0185966
0.0197252
0.020202
0.0186443
0.0175317
0.0175635
0.0170549
0.0147025
0.0145594
0.0123819
0.0114441
0.010697
0.0103633
0.00939369
0.00829697
0.00780423
0.00753403
0.00724792
0.00678698
0.00718435
0.00686646
0.00691414
0.0064373
0.00632604
0.00640551
0.00661214
0.00665983
0.0058651
0.00486374
0.00478427
0.00507037
0.00514984
0.0052611
0.00437101
0.00429153
0.00465711
0.00457764
0.00419617
0.00422796
0.00402133
0.0035127
0.00370344
0.00363986
0.00354449
0.00371933
0.00378291
0.00363986
0.00362396
0.00363986
0.0038147
0.00373522
0.00360807
0.00340144
0.00354449
0.00338554
0.00371933
0.00344912
0.00309944
0.00338554
0.00344912
0.00370344
0.00394185
0.0029405
0.00348091
0.00340144
0.00306765
0.00344912
0.0038147
0.00332197
0.00341733
0.0037988
0.00371933
0.00344912
0.00336965
0.00338554
0.0038147
0.00370344
0.00371933
0.00344912
0.00394185
0.00481606
0.00465711
0.004673
0.00503858
0.00619888
0.00723203
0.00821749
0.0106176
0.0166257
0.0227133
0.035874
0.0615279
0.108941
0.176462
0.26048
0.354958
0.446526
0.550381
0.684834
0.844924
1.04607
1.29336
1.56349
1.83504
1.98657
1.97449
1.82182
1.63631
1.42118
1.27424
1.21179
1.17855
1.14476
1.13034
1.09302
1.08722
1.15643
1.2581
1.37746
1.45496
1.51889
1.50919
1.44204
1.27134
1.12923
1.01145
0.926733
0.879955
0.848389
0.808446
0.781568
0.748603
0.72875
0.71675
0.701968
0.677919
0.65918
0.656954
0.669829
0.667651
0.682799
0.717672
0.733693
0.740226
0.734949
0.718625
0.712363
0.711393
0.721264
0.751559
0.81199
0.887251
0.967073
1.05796
1.15663
1.20975
1.2341
1.29838
1.44548
1.67564
1.93284
2.20428
2.48211
2.60984
2.54153
2.4608
2.41286
2.34148
2.19191
2.01681
1.88106
1.67311
1.41451
1.04721
0.600863
0.282319
0.131035
0.0608762
0.0288645
0.0144958
0.00880559
0.00500679
0.00325839
0.00249545
0.00232061
0.0020504
0.00158946
0.00178019
0.00150998
0.00127157
0.00150998
0.00131925
0.00138283
0.0014623
0.0011603
0.00101725
0.0011603
0.00093778
0.000747045
0.000588099
0.000413259
0.000476837
0.000413259
0.000254313
0.00017484
0.000127157
0.000143051
4.76837e-05
9.53674e-05
0
1.58946e-05
3.17891e-05
0
0
0
0
0
0
0
0
0
0
0
0
0
0
0
0
0
0
0
0
0
0
0
0
0
