0.0115871
0.00162125
0.00203451
0.00217756
0.00232061
0.00265439
0.00257492
0.00249545
0.00284513
0.00267029
0.0029405
0.00348091
0.00333786
0.00354449
0.00443459
0.00538826
0.00573794
0.00640551
0.00794729
0.0087738
0.0102679
0.0121752
0.0134468
0.0152429
0.0143687
0.0134627
0.0127792
0.0120958
0.0107924
0.0109514
0.0109196
0.00933011
0.00829697
0.00710487
0.00605583
0.00502268
0.00521342
0.0055631
0.00513395
0.00476837
0.00451406
0.00398954
0.00376701
0.00356038
0.00319481
0.00362396
0.00333786
0.00354449
0.0029246
0.00368754
0.00344912
0.00303586
0.0029405
0.00308355
0.0029246
0.00309944
0.00289281
0.00319481
0.0032266
0.00340144
0.00327428
0.00287692
0.00317891
0.00298818
0.00313123
0.00279744
0.00290871
0.00268618
0.00308355
0.00281334
0.00244776
0.00265439
0.00267029
0.00268618
0.00259082
0.00243187
0.00278155
0.00268618
0.00220935
0.0023524
0.00282923
0.00241597
0.0023365
0.00246366
0.00212987
0.00228882
0.00284513
0.00278155
0.00219345
0.0026226
0.0023365
0.00257492
0.00247955
0.00225703
0.0023524
0.00227292
0.00240008
0.00244776
0.00228882
0.00211398
0.00238419
0.0029405
0.00270208
0.00281334
0.00281334
0.00284513
0.00265439
0.00298818
0.00329018
0.00297228
0.0032107
0.0032266
0.00343323
0.00371933
0.00392596
0.00352859
0.00367165
0.00398954
0.00394185
0.00400543
0.00406901
0.00492732
0.00500679
0.00665983
0.00785192
0.0101248
0.014178
0.0210126
0.0337124
0.0554244
0.092713
0.153589
0.230726
0.303618
0.369978
0.399892
0.406663
0.413227
0.429455
0.466681
0.519753
0.581439
0.635274
0.677856
0.713746
0.757488
0.814724
0.893052
0.962416
1.01643
1.08611
1.19036
1.30798
1.46565
1.57665
1.69725
1.84067
2.04585
2.27909
2.52849
2.59655
2.62202
2.58352
2.5071
2.47931
2.50642
2.52798
2.55421
2.58307
2.70456
2.94906
3.24955
3.56105
3.74163
3.81775
3.89126
4.02857
3.93689
3.63415
3.24221
2.82367
2.48828
1.98464
1.28125
0.660308
0.282288
0.110992
0.0464122
0.0208537
0.0106812
0.00637372
0.00425975
0.00317891
0.00297228
0.00238419
0.00222524
0.00236829
0.00230471
0.00209808
0.00198682
0.0014623
0.00138283
0.00157356
0.00123978
0.00122388
0.000603994
0.000778834
0.000365575
0.000349681
0.000238419
0.000158946
6.35783e-05
4.76837e-05
7.94729e-05
9.53674e-05
0
1.58946e-05
0
1.58946e-05
1.58946e-05
0
0
0
0
0
0
0
0
0
0
0
0
0
0
0
0
0
0
0
0
0
0
0
0
0
0
0
0
0
0
0
0
0
0
0
0
