0.0182629
0.00383059
0.00484784
0.00561078
0.00591278
0.00665983
0.00726382
0.00836054
0.00980695
0.0111421
0.0123501
0.0153065
0.0166098
0.0200907
0.0210285
0.0223478
0.0244935
0.025177
0.0264486
0.0240167
0.0216166
0.0204881
0.0182629
0.0172138
0.0164509
0.0152429
0.0123819
0.0126044
0.0110308
0.00977516
0.00875791
0.00766118
0.00678698
0.00685056
0.00683467
0.00602404
0.00603994
0.00588099
0.00524521
0.00510216
0.00430743
0.00475248
0.0044028
0.00398954
0.00445048
0.00398954
0.00441869
0.00425975
0.00376701
0.00416438
0.00378291
0.00348091
0.00325839
0.00325839
0.0037988
0.0035127
0.00375112
0.00413259
0.00383059
0.00281334
0.00297228
0.00332197
0.00335375
0.00297228
0.00343323
0.00333786
0.00314713
0.00335375
0.00333786
0.00329018
0.00335375
0.00348091
0.00289281
0.00335375
0.00344912
0.00349681
0.00352859
0.00316302
0.00319481
0.00317891
0.00356038
0.00373522
0.00325839
0.0035127
0.00383059
0.00376701
0.00338554
0.00346502
0.00332197
0.00368754
0.00360807
0.00360807
0.00325839
0.00360807
0.00333786
0.0029405
0.00376701
0.00387828
0.00352859
0.00332197
0.0041008
0.00324249
0.00348091
0.00383059
0.00354449
0.00344912
0.00346502
0.00346502
0.00327428
0.00375112
0.00363986
0.00413259
0.00422796
0.00406901
0.00422796
0.00418027
0.00454585
0.00460943
0.00452995
0.0049909
0.00476837
0.00521342
0.00516574
0.00516574
0.00570615
0.00588099
0.00658035
0.00699361
0.00920296
0.0112375
0.013717
0.018692
0.0250816
0.0344594
0.0440121
0.059557
0.0791232
0.103855
0.133928
0.180276
0.235796
0.310389
0.403229
0.502968
0.623751
0.739845
0.862217
0.999244
1.14056
1.34343
1.56989
1.81117
2.08071
2.46979
2.9775
3.49127
3.95573
4.42427
4.88566
5.3672
5.67991
5.72486
5.58217
5.25454
4.59094
3.96037
3.41886
2.95933
2.5226
2.19615
1.9139
1.73175
1.60708
1.4734
1.34859
1.22612
1.08102
0.918436
0.75585
0.641839
0.590881
0.582425
0.541258
0.460084
0.357453
0.281461
0.244872
0.210492
0.168546
0.117493
0.0603994
0.024128
0.00883738
0.00405312
0.00168482
0.000826518
0.00055631
0.00038147
0.000238419
9.53674e-05
6.35783e-05
4.76837e-05
4.76837e-05
1.58946e-05
0
0
0
0
0
0
1.58946e-05
0
0
0
0
0
0
0
0
0
0
0
0
0
0
0
0
0
0
0
0
0
0
0
0
0
0
0
0
0
0
0
0
0
0
0
0
0
0
0
0
0
0
0
0
0
