0.0266393
0.00424385
0.00472069
0.00486374
0.0055631
0.00624657
0.00616709
0.00650088
0.00678698
0.00837644
0.00928243
0.0100454
0.0116825
0.0125567
0.0136216
0.0169754
0.0180403
0.0187874
0.0200589
0.0206629
0.0204563
0.0183582
0.0169754
0.0157992
0.0136058
0.0127951
0.0118732
0.0118891
0.0106176
0.00928243
0.00858307
0.00750224
0.00751813
0.00686646
0.0067234
0.00611941
0.00637372
0.00576973
0.00592868
0.005277
0.00449816
0.00464122
0.0044028
0.00427564
0.00475248
0.0041008
0.0041008
0.00427564
0.00452995
0.0044028
0.00421206
0.00360807
0.00325839
0.00336965
0.00365575
0.00354449
0.00383059
0.00368754
0.00343323
0.00360807
0.00324249
0.00336965
0.00317891
0.00306765
0.0032107
0.00344912
0.00324249
0.00370344
0.00341733
0.00329018
0.00356038
0.00298818
0.00336965
0.00335375
0.00311534
0.00383059
0.00336965
0.00343323
0.00349681
0.00375112
0.00327428
0.00376701
0.00359217
0.0035127
0.00389417
0.00405312
0.00383059
0.00425975
0.00472069
0.00495911
0.00624657
0.00747045
0.00945727
0.0115871
0.0154336
0.0230312
0.0378132
0.0538349
0.0812054
0.113185
0.157674
0.205882
0.259463
0.32115
0.376701
0.437689
0.495195
0.548601
0.592534
0.639884
0.679255
0.706609
0.720421
0.725349
0.731325
0.747697
0.769679
0.813214
0.847197
0.88377
0.892782
0.916211
0.971047
1.05646
1.1838
1.36318
1.48819
1.55096
1.51046
1.4013
1.30132
1.21037
1.17059
1.16189
1.20069
1.28209
1.39877
1.54233
1.70598
1.86234
1.96842
1.99439
1.9702
1.87416
1.75405
1.60413
1.48182
1.39298
1.34185
1.32195
1.33079
1.39993
1.47858
1.57525
1.68996
1.85623
2.02758
2.12687
2.12582
2.0232
1.92949
1.87031
1.94728
2.11242
2.26103
2.28546
2.21885
2.11356
1.96457
1.79442
1.59343
1.39289
1.16455
0.861327
0.575797
0.347646
0.192499
0.0960827
0.0464598
0.0231425
0.0134468
0.00788371
0.0058651
0.00451406
0.00349681
0.00311534
0.00244776
0.00230471
0.00214577
0.00197093
0.00135104
0.00138283
0.000953674
0.000794729
0.000635783
0.000492732
0.000286102
0.000254313
9.53674e-05
0.000111262
6.35783e-05
0
3.17891e-05
0
1.58946e-05
1.58946e-05
0
1.58946e-05
0
0
0
0
0
0
0
0
0
0
0
0
0
0
0
0
0
0
0
0
0
0
0
0
0
0
0
0
0
0
0
0
0
0
0
0
0
0
0
0
0
0
0
0
0
0
0
0
