0.03438
0.00549952
0.00707308
0.00716845
0.00759761
0.00933011
0.0105381
0.0131448
0.0154972
0.0185331
0.0218709
0.0252247
0.0281493
0.0308037
0.03287
0.0340462
0.0323455
0.0289917
0.0272274
0.0225544
0.0186602
0.0170549
0.0149091
0.0127792
0.0123819
0.0114282
0.00999769
0.00886917
0.00794729
0.0073274
0.00670751
0.00654856
0.00712077
0.00642141
0.00589689
0.00562668
0.00503858
0.00495911
0.00476837
0.00478427
0.00473658
0.00441869
0.00464122
0.00481606
0.00464122
0.00454585
0.0041008
0.00405312
0.00435511
0.00448227
0.00419617
0.00448227
0.00460943
0.00427564
0.00403722
0.00403722
0.00378291
0.0044028
0.00394185
0.00387828
0.00384649
0.00389417
0.00405312
0.0040849
0.00429153
0.00371933
0.00406901
0.00422796
0.00398954
0.00441869
0.0038147
0.00373522
0.00451406
0.0044028
0.00414848
0.00464122
0.0041008
0.00395775
0.00445048
0.00445048
0.0044028
0.00391006
0.0040849
0.00402133
0.00406901
0.00429153
0.00435511
0.00462532
0.00489553
0.00430743
0.00505447
0.004975
0.00472069
0.0049909
0.00562668
0.00592868
0.00705719
0.00866254
0.0103474
0.0133832
0.0151793
0.0198046
0.024271
0.0298182
0.0350475
0.0401179
0.0492573
0.0625451
0.0798702
0.105127
0.142097
0.192308
0.259161
0.330337
0.401799
0.466124
0.517241
0.566721
0.615199
0.645177
0.655746
0.658862
0.680129
0.740925
0.839933
0.989342
1.17938
1.426
1.71143
2.01685
2.3575
2.75869
3.15757
3.53856
3.73909
3.86915
3.97811
4.02374
3.83677
3.47281
3.07479
2.73739
2.54656
2.4384
2.37406
2.37867
2.35319
2.29864
2.10373
1.83361
1.56417
1.33969
1.19956
1.14393
1.13408
1.14077
1.13015
1.10583
1.02906
0.959539
0.889683
0.866779
0.846004
0.830905
0.779533
0.742769
0.737985
0.786193
0.786527
0.749826
0.701062
0.688918
0.674264
0.604105
0.507959
0.427151
0.365575
0.328414
0.276391
0.187715
0.108576
0.0597159
0.031201
0.0124931
0.00522931
0.0029246
0.00227292
0.00200272
0.00150998
0.00149409
0.000969569
0.00122388
0.000921885
0.000667572
0.000683467
0.000508626
0.000349681
0.000270208
0.00017484
0.00017484
4.76837e-05
7.94729e-05
3.17891e-05
4.76837e-05
0
0
1.58946e-05
0
0
0
0
0
0
0
0
0
0
0
0
0
0
0
0
0
0
0
0
0
0
0
0
0
0
0
0
0
0
0
0
0
0
0
0
0
0
0
0
0
0
0
0
0
0
0
0
0
