0.0408332
0.00759761
0.00780423
0.00851949
0.00995
0.0111739
0.0131766
0.0175317
0.0213782
0.025781
0.0305017
0.0330925
0.0362078
0.0359376
0.0374635
0.0326633
0.0300725
0.0261943
0.0218074
0.0178496
0.0138919
0.0130018
0.0123024
0.0109355
0.0108401
0.0096639
0.00866254
0.00831286
0.00721614
0.00648499
0.00624657
0.00656446
0.00610352
0.00651677
0.00597636
0.00561078
0.00572205
0.00511805
0.00537237
0.00484784
0.00505447
0.00522931
0.00495911
0.00518163
0.00502268
0.00462532
0.00473658
0.00432332
0.00454585
0.00462532
0.00437101
0.00441869
0.00427564
0.004975
0.00465711
0.00487963
0.00491142
0.0044028
0.00405312
0.0046889
0.00429153
0.00424385
0.00427564
0.00448227
0.00480016
0.00449816
0.004975
0.00457764
0.00483195
0.00508626
0.00492732
0.0049909
0.00508626
0.00548363
0.005277
0.00534058
0.00529289
0.00554721
0.00548363
0.00573794
0.00545184
0.00648499
0.00683467
0.00707308
0.00831286
0.00893275
0.0096639
0.0114441
0.0131289
0.0138601
0.0154654
0.0187556
0.0210762
0.0238736
0.0279427
0.0329653
0.041914
0.0518322
0.0603676
0.071605
0.0821908
0.102011
0.125058
0.155036
0.196584
0.239404
0.287962
0.343307
0.397237
0.444206
0.498962
0.564861
0.63494
0.711203
0.810893
0.935125
1.09096
1.28247
1.47694
1.64258
1.79938
1.94519
2.06114
2.09848
2.06992
2.0407
2.04961
2.06629
2.15077
2.23784
2.38547
2.52666
2.65783
2.71028
2.74866
2.81663
2.92107
3.06609
3.28743
3.41706
3.49649
3.56919
3.62571
3.614
3.57459
3.41158
3.12939
2.83341
2.54256
2.29961
1.97727
1.52577
0.963895
0.516033
0.26021
0.12935
0.0635147
0.0317574
0.01839
0.012207
0.00793139
0.00607173
0.00437101
0.00383059
0.00341733
0.0032266
0.00282923
0.00247955
0.00290871
0.00251134
0.00214577
0.00197093
0.00160535
0.00144641
0.00123978
0.00104904
0.000762939
0.000476837
0.000429153
0.000127157
0.000206629
0.00017484
0.000158946
3.17891e-05
3.17891e-05
3.17891e-05
4.76837e-05
1.58946e-05
1.58946e-05
0
0
0
0
0
0
0
0
0
0
0
0
0
0
0
0
0
0
0
0
0
0
0
0
0
0
0
0
0
0
0
0
0
0
0
0
0
0
0
0
0
0
0
0
0
0
0
0
0
0
0
0
0
0
0
0
0
0
0
0
0
0
0
0
0
0
0
