0.0305017
0.0055631
0.00600815
0.00683467
0.00853539
0.00972748
0.0134468
0.0153065
0.0195662
0.0251929
0.0299295
0.0312964
0.0343164
0.0345389
0.0339826
0.0311057
0.0286102
0.0248273
0.0208855
0.0179609
0.0155608
0.0144482
0.0133514
0.0126362
0.0113487
0.0103156
0.00899633
0.00837644
0.00815392
0.00774066
0.00729561
0.00734329
0.00667572
0.00699361
0.00642141
0.00588099
0.00638962
0.00583331
0.00596046
0.00546773
0.005277
0.00570615
0.00580152
0.00565847
0.00554721
0.00521342
0.00559489
0.00491142
0.00559489
0.00538826
0.00513395
0.00564257
0.00575384
0.00542005
0.00573794
0.00529289
0.00543594
0.00529289
0.00505447
0.00507037
0.00510216
0.00607173
0.00554721
0.00576973
0.00602404
0.00572205
0.00621478
0.00575384
0.00662804
0.0061512
0.00629425
0.00670751
0.00804265
0.00767708
0.00801086
0.0106335
0.0105699
0.0124613
0.0142892
0.0179132
0.0221093
0.026083
0.0313918
0.0363509
0.0419299
0.0500361
0.0544071
0.064977
0.0729402
0.0841141
0.0990232
0.122754
0.148789
0.179577
0.210349
0.23632
0.263214
0.292587
0.327492
0.371472
0.431538
0.484657
0.532357
0.575527
0.609382
0.632668
0.646242
0.642761
0.644016
0.638405
0.636832
0.633796
0.641378
0.652059
0.693687
0.738319
0.776418
0.80719
0.833861
0.827408
0.809209
0.775019
0.739336
0.698725
0.680049
0.687027
0.671323
0.664091
0.657368
0.652011
0.655556
0.672023
0.706212
0.752846
0.808954
0.83526
0.887871
0.894038
0.882673
0.853125
0.83305
0.846688
0.89043
0.967407
1.087
1.22617
1.40314
1.56873
1.6151
1.50123
1.35214
1.27629
1.24863
1.27209
1.33589
1.41741
1.53395
1.65078
1.73821
1.84061
2.00016
2.29378
2.59674
2.80031
2.82111
2.66647
2.51891
2.41556
2.39234
2.38523
2.38291
2.29942
2.11015
1.81713
1.49452
1.26163
1.08832
0.968059
0.851154
0.690174
0.505956
0.353686
0.251182
0.183328
0.136264
0.102266
0.077486
0.0600179
0.048844
0.0433922
0.0384649
0.032568
0.020647
0.0102997
0.00367165
0.00136693
0.000540415
0.000222524
9.53674e-05
6.35783e-05
1.58946e-05
1.58946e-05
1.58946e-05
0
0
0
0
0
0
0
0
0
0
0
0
0
0
0
0
0
0
0
0
0
0
0
0
0
0
0
0
0
0
0
0
0
0
0
0
0
0
0
0
0
0
0
0
0
0
0
0
0
0
0
0
0
