0.00371933
0.0017643
0.00282923
0.00348091
0.00537237
0.00693003
0.0104745
0.0131448
0.0180562
0.0220617
0.0261943
0.0299136
0.033172
0.033474
0.0329018
0.0309944
0.0278155
0.024573
0.0207901
0.016578
0.0156244
0.0147502
0.0127316
0.013272
0.0117461
0.0104745
0.00983874
0.00853539
0.00799497
0.00823339
0.00793139
0.00751813
0.00796318
0.00742277
0.00705719
0.00683467
0.00637372
0.00653267
0.00580152
0.00632604
0.00592868
0.0061512
0.00549952
0.00589689
0.00573794
0.00588099
0.00591278
0.00554721
0.00529289
0.00603994
0.00551542
0.00589689
0.00570615
0.00580152
0.00559489
0.00494321
0.0049909
0.00521342
0.00510216
0.00589689
0.0052611
0.005277
0.00535647
0.00473658
0.004975
0.00553131
0.00570615
0.00530879
0.00607173
0.00542005
0.00569026
0.00607173
0.00573794
0.00546773
0.00562668
0.00637372
0.0064373
0.00629425
0.0064373
0.00635783
0.00637372
0.0070254
0.00662804
0.00724792
0.00707308
0.00782013
0.00816981
0.00901222
0.00982285
0.0116507
0.0133038
0.0171185
0.0210126
0.0287692
0.0360489
0.0446002
0.0532945
0.0640074
0.0745138
0.0865936
0.100152
0.113853
0.12687
0.15014
0.169436
0.210381
0.251691
0.307989
0.376447
0.437323
0.506258
0.57327
0.633955
0.707992
0.762781
0.821829
0.865539
0.906944
0.944074
0.995715
1.02771
1.05182
1.04343
1.00096
0.930834
0.853459
0.779835
0.698551
0.646019
0.621112
0.614357
0.60269
0.598494
0.597572
0.601196
0.607936
0.654777
0.723124
0.806157
0.895182
0.962798
1.0029
1.06351
1.11078
1.13284
1.09638
1.04736
1.01776
1.02555
1.03285
1.02336
1.01798
1.01085
1.00373
0.990597
1.02669
1.05747
1.0908
1.11225
1.13258
1.15412
1.21293
1.25551
1.29053
1.29964
1.27082
1.2506
1.18777
1.10553
1.03747
0.986878
0.957759
0.918976
0.85036
0.7593
0.671673
0.603851
0.567595
0.573667
0.584777
0.604788
0.616852
0.619602
0.63502
0.659927
0.688076
0.714397
0.755914
0.814438
0.876077
0.921329
0.945505
0.944026
0.955232
0.990184
1.02928
1.04
1.02728
0.998799
0.968059
0.942914
0.897058
0.849946
0.803804
0.757662
0.721931
0.693003
0.646194
0.591342
0.559314
0.55817
0.570758
0.609318
0.669432
0.663694
0.674295
0.661167
0.611973
0.562811
0.477616
0.395155
0.362015
0.345008
0.310278
0.256681
0.19625
0.159343
0.151825
0.134277
0.115315
0.0796954
0.0384649
0.0144005
0.00306765
0.000365575
6.35783e-05
0
0
0
0
0
0
0
0
0
0
0
0
0
0
0
0
0
0
0
0
