3.17891e-05
0.000143051
0.000365575
0.000794729
0.00170072
0.00354449
0.0067234
0.0106812
0.0155926
0.0262896
0.0367959
0.0381311
0.034523
0.0320594
0.0281811
0.0272751
0.0244459
0.0219822
0.0230153
0.0203451
0.0154654
0.0128269
0.0119368
0.0101248
0.00988642
0.00977516
0.00964801
0.00940959
0.00920296
0.00826518
0.00675519
0.00631015
0.00635783
0.00581741
0.00621478
0.00610352
0.00557899
0.00589689
0.0064373
0.00626246
0.00508626
0.00543594
0.004975
0.00478427
0.00518163
0.00518163
0.00549952
0.00507037
0.00507037
0.00489553
0.00429153
0.00451406
0.0043869
0.00443459
0.00473658
0.00489553
0.00503858
0.00530879
0.00483195
0.00508626
0.00427564
0.00441869
0.00435511
0.00427564
0.00484784
0.00481606
0.00508626
0.00530879
0.00508626
0.00484784
0.00483195
0.00483195
0.0049909
0.00529289
0.00505447
0.00491142
0.00478427
0.00543594
0.00529289
0.00543594
0.00545184
0.00480016
0.00529289
0.00500679
0.00534058
0.00549952
0.00569026
0.00530879
0.00591278
0.00602404
0.00602404
0.00616709
0.00623067
0.0058492
0.00542005
0.00592868
0.00596046
0.00623067
0.00662804
0.0061353
0.00685056
0.00669161
0.00734329
0.00778834
0.00863075
0.00967979
0.0119209
0.0147343
0.0188033
0.0234922
0.0281652
0.0339349
0.0439326
0.0490983
0.0568549
0.0626405
0.0701904
0.0740051
0.0816027
0.093778
0.111643
0.140556
0.179227
0.230058
0.303602
0.394964
0.497373
0.631984
0.786829
0.964149
1.15851
1.29965
1.41527
1.50971
1.56631
1.63271
1.68257
1.73815
1.79006
1.87378
1.92808
1.94537
1.95379
1.91142
1.87662
1.8216
1.78905
1.75918
1.75327
1.74874
1.73721
1.7111
1.68246
1.59005
1.49148
1.40572
1.33111
1.25534
1.18143
1.15852
1.18952
1.23865
1.28088
1.30138
1.25957
1.14616
0.986115
0.812658
0.694609
0.645002
0.643444
0.665696
0.677601
0.68388
0.693576
0.707531
0.720882
0.741037
0.7593
0.784874
0.822496
0.867653
0.928529
0.963926
0.992552
0.988134
0.977977
1.00826
1.05025
1.10774
1.16957
1.18408
1.15876
1.13103
1.07439
0.995096
0.876363
0.773923
0.702429
0.65136
0.620619
0.605361
0.594664
0.569073
0.533899
0.48418
0.421111
0.368182
0.333118
0.313568
0.31449
0.328684
0.343672
0.347646
0.326014
0.321643
0.313743
0.301011
0.246779
0.192992
0.149107
0.109196
0.0725587
0.0569979
0.0552495
0.0477314
0.0381152
0.0233968
0.0139395
0.00942548
0.00437101
0.000921885
0.000158946
4.76837e-05
1.58946e-05
0
0
0
0
0
0
0
0
0
0
0
0
0
0
0
0
0
0
0
0
0
