0.0648657
0.00721614
0.00767708
0.00875791
0.00828107
0.00913938
0.00955264
0.0110308
0.0119368
0.0134945
0.0153383
0.0171026
0.0187715
0.0229677
0.0231266
0.0279427
0.0299295
0.0334581
0.0362078
0.0355879
0.0320911
0.0281175
0.0248591
0.0212351
0.0204245
0.0185013
0.0175158
0.0163396
0.0141303
0.0127474
0.0108401
0.0104109
0.00948906
0.00952085
0.0093619
0.00925064
0.00874201
0.00831286
0.0070254
0.00648499
0.00693003
0.00661214
0.00603994
0.00621478
0.0064532
0.00589689
0.0067234
0.00640551
0.00559489
0.00648499
0.00530879
0.00570615
0.00521342
0.00553131
0.00514984
0.00554721
0.00562668
0.00511805
0.00572205
0.00521342
0.00602404
0.00580152
0.00505447
0.00483195
0.00476837
0.00565847
0.00542005
0.00564257
0.00594457
0.00575384
0.00535647
0.0061353
0.00602404
0.00600815
0.00661214
0.00597636
0.00600815
0.00678698
0.00594457
0.00646909
0.0067234
0.00723203
0.00683467
0.00651677
0.00664393
0.00758171
0.0067234
0.00696182
0.00721614
0.00777245
0.0079155
0.0076135
0.00767708
0.00839233
0.00802676
0.00867844
0.00920296
0.00893275
0.0090758
0.00902812
0.00837644
0.00883738
0.00998179
0.00972748
0.00948906
0.00891685
0.010252
0.00961622
0.00940959
0.00982285
0.0100613
0.0105063
0.0104586
0.0101566
0.0105381
0.0106494
0.0107447
0.011301
0.0115871
0.01146
0.0120004
0.0127633
0.013876
0.0163555
0.0185172
0.0252247
0.0340939
0.0467936
0.0608762
0.0794888
0.103203
0.135374
0.180467
0.249863
0.352192
0.477393
0.615136
0.752068
0.890557
1.04388
1.20751
1.38693
1.58213
1.77027
1.86389
1.89136
1.89061
1.91369
2.0301
2.21734
2.48733
2.80385
3.0986
3.30483
3.41045
3.34382
3.13967
2.95393
2.76368
2.65271
2.66404
2.859
3.0375
3.14215
3.06854
2.80495
2.45252
2.06011
1.66066
1.33044
1.09917
0.978136
0.958522
1.04802
1.18074
1.29247
1.29712
1.20403
1.07465
0.968599
0.874408
0.821161
0.774876
0.73514
0.691764
0.670513
0.676139
0.687631
0.673548
0.650708
0.587718
0.476344
0.35766
0.246477
0.168562
0.130733
0.104523
0.0860055
0.0740051
0.0622272
0.0426769
0.0303109
0.0210444
0.0137965
0.00823339
0.00465711
0.00289281
0.00214577
0.00136693
0.00136693
0.00120799
0.00130335
0.000905991
0.000810623
0.000619888
0.000778834
0.000699361
0.000524521
0.000508626
0.000397364
0.000397364
0.000206629
0.000206629
9.53674e-05
0.000143051
7.94729e-05
3.17891e-05
1.58946e-05
1.58946e-05
3.17891e-05
1.58946e-05
1.58946e-05
0
0
0
0
0
0
0
0
0
0
0
0
0
0
0
0
0
0
0
0
0
0
0
0
