0
0
0
0
0
0
0
3.17891e-05
1.58946e-05
0
1.58946e-05
1.58946e-05
0.000111262
0.000222524
0.000508626
0.000699361
0.00141462
0.00225703
0.00313123
0.00398954
0.00538826
0.00670751
0.00764529
0.00926654
0.0108242
0.0114918
0.0119209
0.0134945
0.0148773
0.0161012
0.0155767
0.0148932
0.0140349
0.0138442
0.0124613
0.0112375
0.0100136
0.00939369
0.00867844
0.00851949
0.00721614
0.00750224
0.00716845
0.00718435
0.00697772
0.00691414
0.00659625
0.00678698
0.00715256
0.00693003
0.00699361
0.00712077
0.00727971
0.00664393
0.00688235
0.00638962
0.00646909
0.00712077
0.00661214
0.00583331
0.00635783
0.00640551
0.00588099
0.00530879
0.00610352
0.00522931
0.00514984
0.00519753
0.00519753
0.00483195
0.00495911
0.00464122
0.00437101
0.00481606
0.00422796
0.00445048
0.00427564
0.00397364
0.00476837
0.00473658
0.00429153
0.00430743
0.00470479
0.004673
0.00424385
0.00481606
0.00446637
0.00454585
0.00387828
0.00437101
0.00449816
0.0041008
0.00470479
0.0044028
0.00460943
0.00460943
0.00419617
0.00425975
0.00433922
0.00395775
0.0046889
0.00487963
0.00532468
0.00551542
0.0052611
0.0055631
0.0052611
0.00486374
0.00629425
0.00592868
0.00640551
0.00688235
0.00651677
0.00713666
0.00664393
0.00713666
0.00756582
0.0078996
0.00842412
0.00871023
0.00905991
0.0103156
0.0110626
0.0123501
0.0137647
0.0147343
0.0178814
0.0201384
0.0227292
0.0246684
0.0271638
0.0317415
0.0370026
0.0405153
0.048097
0.057141
0.0651836
0.079298
0.0923951
0.107988
0.133149
0.168419
0.214529
0.276279
0.35429
0.453965
0.583204
0.741371
0.914129
1.10752
1.32526
1.56072
1.86276
2.21175
2.66525
3.17187
3.60963
3.83638
3.76468
3.53821
3.33614
3.18673
3.14026
3.12627
3.06463
2.91473
2.67967
2.46456
2.27764
2.09672
1.92423
1.78328
1.661
1.53829
1.43147
1.33793
1.28942
1.29031
1.22218
1.09722
0.979884
0.956758
0.941404
0.924969
0.903479
0.894626
0.938908
1.00691
1.09777
1.2688
1.49709
1.71749
1.7347
1.50488
1.23717
1.05468
0.909011
0.74962
0.605122
0.47334
0.367991
0.28588
0.227118
0.194025
0.175889
0.167561
0.145181
0.102186
0.0617504
0.0383059
0.024128
0.0125567
0.00524521
0.00208219
0.00100136
0.000524521
0.00017484
0.000127157
6.35783e-05
1.58946e-05
0
0
0
0
0
0
0
0
0
0
0
0
0
0
0
0
0
0
0
0
0
0
0
0
0
0
0
0
0
0
0
0
0
0
0
0
