0.0222047
0.00187556
0.00182788
0.00200272
0.00192324
0.00203451
0.00227292
0.0023365
0.0029246
0.0032107
0.00373522
0.00475248
0.00516574
0.00570615
0.00691414
0.00713666
0.00764529
0.00812213
0.00923475
0.0090758
0.00847181
0.00956853
0.0102997
0.0114441
0.0110785
0.0116984
0.011762
0.010999
0.0111898
0.011158
0.0110467
0.0110467
0.0106812
0.0102361
0.0100613
0.00942548
0.00840823
0.00788371
0.00754992
0.00767708
0.00678698
0.00677109
0.00648499
0.00621478
0.00575384
0.00514984
0.00502268
0.00475248
0.00437101
0.00429153
0.00430743
0.00429153
0.00452995
0.00427564
0.00432332
0.00433922
0.0037988
0.00402133
0.00403722
0.00344912
0.00413259
0.00340144
0.00367165
0.00370344
0.00305176
0.00354449
0.00313123
0.00340144
0.00313123
0.00301997
0.00313123
0.00313123
0.00324249
0.0029405
0.00311534
0.00333786
0.00313123
0.00309944
0.00346502
0.00305176
0.00362396
0.00344912
0.00402133
0.00511805
0.00546773
0.00694593
0.00947316
0.0123978
0.018549
0.0283718
0.0505129
0.0879288
0.164223
0.296481
0.506401
0.783904
1.0941
1.35428
1.52942
1.58366
1.60411
1.59632
1.55373
1.47411
1.37033
1.27829
1.19478
1.16108
1.14493
1.15232
1.15131
1.14237
1.12855
1.12866
1.14241
1.15816
1.19859
1.20969
1.17318
1.0959
1.06193
1.04923
1.04866
1.0571
1.04551
1.01838
0.954405
0.855811
0.77157
0.709693
0.667715
0.639947
0.622702
0.59336
0.577513
0.563351
0.545661
0.532262
0.515525
0.497452
0.47377
0.459242
0.450611
0.44144
0.428597
0.417042
0.412591
0.409889
0.413481
0.439978
0.470781
0.469716
0.454473
0.430584
0.414944
0.405598
0.402943
0.392214
0.386318
0.398684
0.412305
0.424163
0.420141
0.407902
0.391134
0.379356
0.399081
0.451088
0.54237
0.652583
0.785589
0.899665
0.99268
1.06614
1.11542
1.16906
1.24408
1.30596
1.40656
1.53672
1.69193
1.81012
1.83535
1.77638
1.72664
1.71189
1.65653
1.47861
1.31683
1.16232
1.03482
0.952212
0.927035
0.89016
0.824086
0.743071
0.668303
0.588465
0.510947
0.444508
0.404787
0.383615
0.378434
0.357358
0.306447
0.262849
0.236193
0.221427
0.186125
0.145976
0.111357
0.0884533
0.0599861
0.0413895
0.0275612
0.0199318
0.0123342
0.00707308
0.00421206
0.00197093
0.00111262
0.000667572
0.000540415
0.00055631
0.00038147
0.000492732
0.000445048
0.000333786
0.000365575
0.000397364
0.000270208
0.000286102
0.000270208
0.000397364
0.000286102
0.00017484
0.000206629
0.000206629
9.53674e-05
7.94729e-05
4.76837e-05
6.35783e-05
7.94729e-05
1.58946e-05
3.17891e-05
3.17891e-05
1.58946e-05
0
0
0
1.58946e-05
0
0
0
0
0
