0.0014623
0.000270208
0.000286102
0.000317891
0.000508626
0.000365575
0.00038147
0.000619888
0.000492732
0.000397364
0.000301997
0.000588099
0.000492732
0.000588099
0.000365575
0.000460943
0.000524521
0.000619888
0.000683467
0.000715256
0.000588099
0.000715256
0.000699361
0.000762939
0.000540415
0.000905991
0.000762939
0.00109673
0.000747045
0.000842412
0.000874201
0.000985463
0.000921885
0.000921885
0.000810623
0.00108083
0.00141462
0.000890096
0.00144641
0.00125567
0.00119209
0.00111262
0.00119209
0.00128746
0.00125567
0.0011603
0.00162125
0.00150998
0.00166893
0.00158946
0.00195503
0.00173251
0.00212987
0.00201861
0.00230471
0.00247955
0.00287692
0.00335375
0.00356038
0.00360807
0.00392596
0.00398954
0.00384649
0.00419617
0.00427564
0.00443459
0.00460943
0.00422796
0.00411669
0.00454585
0.00421206
0.00446637
0.00384649
0.00472069
0.00402133
0.00489553
0.00424385
0.00481606
0.00435511
0.00427564
0.00460943
0.00391006
0.00476837
0.00445048
0.0040849
0.00395775
0.00413259
0.00427564
0.00451406
0.00452995
0.00445048
0.00419617
0.00403722
0.00425975
0.00395775
0.00421206
0.00414848
0.00400543
0.0044028
0.00452995
0.00452995
0.00448227
0.00452995
0.00422796
0.00416438
0.00418027
0.0043869
0.00394185
0.00441869
0.00418027
0.00500679
0.00425975
0.00435511
0.00489553
0.00503858
0.00451406
0.00452995
0.00425975
0.00503858
0.00486374
0.00473658
0.00503858
0.00449816
0.00462532
0.00492732
0.004673
0.00484784
0.00511805
0.004673
0.00425975
0.00446637
0.00446637
0.00476837
0.00454585
0.00487963
0.00402133
0.00457764
0.0044028
0.00414848
0.00398954
0.00402133
0.00429153
0.00430743
0.0037988
0.00448227
0.00389417
0.00395775
0.00389417
0.00405312
0.0041008
0.00414848
0.00416438
0.00395775
0.00419617
0.00406901
0.00392596
0.00418027
0.0040849
0.00405312
0.00430743
0.00406901
0.00456174
0.00445048
0.00516574
0.00530879
0.00653267
0.00813802
0.0111262
0.0163396
0.0184218
0.0202974
0.0229677
0.0251293
0.029405
0.0329336
0.0354767
0.037384
0.0382582
0.0397523
0.0448227
0.0518799
0.0532945
0.0580788
0.0609557
0.0623544
0.0612736
0.0616391
0.0613213
0.0652154
0.0631332
0.0638167
0.0674566
0.0727018
0.0769456
0.0775178
0.0829379
0.0836372
0.0849724
0.0854174
0.0989119
0.114632
0.128984
0.147247
0.167513
0.191085
0.221252
0.248686
0.269794
0.285467
0.308307
0.322247
0.344578
0.370455
0.378895
0.39533
0.417995
0.448084
0.466808
0.481717
0.475804
0.468175
0.466251
0.470511
0.475963
0.487979
0.506719
0.538524
0.596205
0.677427
0.809352
1.00253
1.22902
1.42749
1.56749
1.76044
2.12572
2.59943
2.92614
3.01514
2.82389
2.90151
3.01391
3.03354
3.38008
3.59763
3.62034
3.43669
3.34633
3.42542
3.44653
3.26459
2.85947
2.5767
2.38625
2.31986
18.9247
