0.00357628
0.00197093
0.00268618
0.00435511
0.00551542
0.00785192
0.0117938
0.0148296
0.0206788
0.024875
0.0289599
0.0299454
0.0301361
0.030009
0.0285784
0.0260353
0.0226498
0.018994
0.0153542
0.013272
0.0124296
0.010856
0.0104268
0.0110626
0.00990232
0.00872612
0.0078996
0.00748634
0.00648499
0.00688235
0.00683467
0.00686646
0.00646909
0.00726382
0.00599225
0.00553131
0.00559489
0.00513395
0.00470479
0.00521342
0.00543594
0.00503858
0.00545184
0.00516574
0.00535647
0.00514984
0.00513395
0.00494321
0.0049909
0.00545184
0.0058651
0.00505447
0.00435511
0.00522931
0.00553131
0.00491142
0.00561078
0.00538826
0.00549952
0.00605583
0.00594457
0.00561078
0.00600815
0.00634193
0.00627836
0.00608762
0.00677109
0.00710487
0.00718435
0.0073115
0.00743866
0.00756582
0.00751813
0.00777245
0.00856717
0.00670751
0.00826518
0.00810623
0.00867844
0.00918706
0.0090917
0.00912348
0.00942548
0.00967979
0.010697
0.0112216
0.0131289
0.0162284
0.02141
0.0290712
0.04673
0.0762145
0.125217
0.197458
0.297689
0.415818
0.531864
0.670513
0.819906
0.959063
1.09167
1.23444
1.42732
1.7073
2.08127
2.44341
2.73444
2.89137
2.85856
2.68183
2.42038
2.18886
1.98347
1.79477
1.6074
1.43453
1.32292
1.25333
1.15557
1.05076
0.96434
0.899808
0.868686
0.803121
0.752004
0.721947
0.70618
0.706212
0.697581
0.675774
0.678444
0.702922
0.719436
0.732088
0.725937
0.731579
0.735617
0.766881
0.818729
0.883023
0.963004
1.0107
1.03683
1.00225
0.942596
0.872501
0.798734
0.745853
0.67358
0.628312
0.627931
0.638978
0.654157
0.675503
0.712713
0.731818
0.749906
0.732517
0.694482
0.644652
0.619745
0.593249
0.572761
0.535917
0.506783
0.46107
0.438436
0.431776
0.448529
0.45627
0.447273
0.426563
0.417741
0.430997
0.45085
0.464328
0.465886
0.459258
0.470845
0.465107
0.448799
0.428327
0.416295
0.400575
0.380961
0.377766
0.395362
0.426785
0.475486
0.489362
0.458781
0.414276
0.378323
0.359329
0.376606
0.391277
0.407505
0.430806
0.456031
0.509357
0.581678
0.668685
0.756772
0.820827
0.845273
0.789388
0.726891
0.655174
0.579675
0.472848
0.369565
0.297515
0.241121
0.20105
0.18967
0.172265
0.139364
0.109053
0.0867844
0.0596682
0.0237306
0.00836054
0.00314713
0.00119209
0.00038147
7.94729e-05
9.53674e-05
0
0
0
0
0
0
0
0
0
0
0
0
0
0
0
0
0
0
0
0
0
0
0
0
0
0
0
0
0
