0.0423749
0.00599225
0.00659625
0.00735919
0.00821749
0.00917117
0.0103315
0.0122388
0.0144958
0.0187556
0.0230948
0.0281652
0.0324567
0.0363986
0.0399113
0.0401974
0.0397523
0.0377814
0.0362714
0.0333627
0.0275135
0.0214895
0.0185331
0.0153065
0.0142415
0.0126839
0.0110626
0.010554
0.00980695
0.00844002
0.00805855
0.00700951
0.00680288
0.00693003
0.00646909
0.00661214
0.00596046
0.00605583
0.00503858
0.00472069
0.00553131
0.0046889
0.00500679
0.0052611
0.00492732
0.005277
0.00503858
0.00503858
0.00457764
0.00511805
0.00480016
0.00464122
0.00452995
0.00441869
0.00448227
0.00476837
0.00508626
0.00441869
0.00476837
0.00475248
0.00446637
0.00435511
0.00437101
0.00413259
0.00465711
0.00457764
0.00537237
0.00441869
0.00534058
0.00452995
0.00462532
0.00459353
0.00419617
0.004673
0.00516574
0.00522931
0.00448227
0.00457764
0.00500679
0.00470479
0.00456174
0.00475248
0.00464122
0.00503858
0.00518163
0.00480016
0.00500679
0.00540415
0.00530879
0.00514984
0.00597636
0.00576973
0.00608762
0.00627836
0.00597636
0.00656446
0.0061353
0.0064373
0.00689824
0.00662804
0.00745455
0.00772476
0.00975927
0.00991821
0.0111262
0.0148137
0.0179927
0.0263055
0.0441074
0.070413
0.106271
0.149377
0.184806
0.219536
0.259113
0.327047
0.42723
0.567436
0.720676
0.90464
1.00371
1.03682
1.0454
1.00684
0.969124
0.942612
0.951084
0.971317
0.997798
1.00994
0.987021
0.939035
0.87746
0.794872
0.679525
0.578165
0.503143
0.452058
0.424369
0.390546
0.357834
0.328795
0.314029
0.312455
0.310723
0.311724
0.317446
0.340319
0.353591
0.379356
0.421143
0.476201
0.523122
0.54183
0.568342
0.615184
0.693051
0.803137
0.922155
1.03949
1.19576
1.36239
1.47516
1.44067
1.36255
1.27721
1.20873
1.19205
1.25408
1.45143
1.723
1.97949
2.18023
2.31179
2.43147
2.5835
2.6992
2.84464
3.09192
3.42321
3.64998
3.56646
3.17254
2.55998
2.02611
1.62853
1.37353
1.21533
1.07694
0.932757
0.78454
0.654602
0.551732
0.483274
0.419299
0.390148
0.386842
0.395743
0.418727
0.42154
0.419839
0.414387
0.417439
0.413322
0.397205
0.355546
0.318368
0.275723
0.246843
0.195185
0.130335
0.0849406
0.0491142
0.0301679
0.0211716
0.0183423
0.0151157
0.0121593
0.00635783
0.00286102
0.00138283
0.000683467
0.000238419
0.000111262
9.53674e-05
4.76837e-05
0
0
0
0
0
0
0
0
0
0
0
0
0
0
0
0
0
0
0
0
0
0
0
0
0
0
0
0
0
0
