0.0240644
0.00508626
0.0058492
0.00646909
0.00658035
0.00726382
0.00815392
0.0101884
0.0116189
0.0129064
0.0151157
0.0150363
0.0179927
0.0183105
0.0210126
0.0212987
0.0224431
0.022761
0.0211875
0.0184377
0.0155926
0.0142256
0.0126839
0.0117461
0.0116189
0.0105381
0.0099659
0.00898043
0.0081857
0.00683467
0.00694593
0.00623067
0.00600815
0.00632604
0.00594457
0.0058651
0.00551542
0.00476837
0.00489553
0.00513395
0.00443459
0.00427564
0.0044028
0.00413259
0.00414848
0.00448227
0.0046889
0.00387828
0.00384649
0.00421206
0.0037988
0.00362396
0.00375112
0.00367165
0.00392596
0.00411669
0.00373522
0.0041008
0.00389417
0.00324249
0.00316302
0.00317891
0.00332197
0.00325839
0.00386238
0.00383059
0.0032266
0.00360807
0.00376701
0.00378291
0.00354449
0.00357628
0.00386238
0.00360807
0.00387828
0.00389417
0.00395775
0.00403722
0.00378291
0.00437101
0.00378291
0.00480016
0.00429153
0.00435511
0.00446637
0.00472069
0.00484784
0.00454585
0.00472069
0.00508626
0.00549952
0.00505447
0.00518163
0.00545184
0.00569026
0.00570615
0.00591278
0.00634193
0.00521342
0.00608762
0.00651677
0.0061353
0.0058651
0.00715256
0.00686646
0.00718435
0.0067393
0.00721614
0.00742277
0.0078996
0.00842412
0.00960032
0.0114759
0.0143369
0.0186284
0.025034
0.0420094
0.0706355
0.11611
0.176875
0.232331
0.295003
0.358168
0.436862
0.555833
0.703971
0.839869
0.958331
1.04098
1.08525
1.15163
1.22946
1.36561
1.51796
1.67403
1.83185
1.93156
2.01801
2.09757
2.15573
2.23424
2.41017
2.59306
2.75261
2.90349
3.10423
3.43709
3.91049
4.30986
4.51312
4.38809
4.13038
3.95689
3.83962
3.79621
3.75517
3.4838
3.06137
2.59438
2.24616
1.94122
1.64185
1.30123
0.956726
0.643094
0.411272
0.246747
0.164191
0.129159
0.112295
0.0938416
0.0736078
0.0473817
0.0269413
0.0138124
0.00665983
0.00349681
0.00228882
0.00152588
0.00133514
0.000651677
0.000588099
0.000588099
0.00038147
0.000349681
0.000190735
0.00017484
6.35783e-05
0.000127157
4.76837e-05
1.58946e-05
3.17891e-05
3.17891e-05
3.17891e-05
4.76837e-05
1.58946e-05
0
0
0
0
0
0
0
0
0
0
0
0
0
0
0
0
0
0
0
0
0
0
0
0
0
0
0
0
0
0
0
0
0
0
0
0
0
0
0
0
0
0
0
0
0
0
0
0
0
0
0
0
0
0
0
0
0
0
0
0
