0.016737
0.00360807
0.00414848
0.00451406
0.00530879
0.00610352
0.00851949
0.0118574
0.0157515
0.0220617
0.0305176
0.0374476
0.0472546
0.0503858
0.0522772
0.0466347
0.0403722
0.0313918
0.0245412
0.0204245
0.0157356
0.0138442
0.0127792
0.0133355
0.0114759
0.0109514
0.00956853
0.00766118
0.00783602
0.00774066
0.00654856
0.00677109
0.0073115
0.00700951
0.00694593
0.00619888
0.00569026
0.00572205
0.00567436
0.00534058
0.00483195
0.00565847
0.00495911
0.00551542
0.00589689
0.00514984
0.00524521
0.00484784
0.00494321
0.00503858
0.00513395
0.00522931
0.00529289
0.00545184
0.00534058
0.00583331
0.00557899
0.0064373
0.0058492
0.00546773
0.0058651
0.00597636
0.00602404
0.00635783
0.00588099
0.00685056
0.0073274
0.00700951
0.00783602
0.00710487
0.00777245
0.00797908
0.00837644
0.00810623
0.00829697
0.00875791
0.00955264
0.00953674
0.00928243
0.00967979
0.0107129
0.0100295
0.0106653
0.0110626
0.0113805
0.012668
0.0123024
0.0134468
0.0154495
0.0175317
0.0212987
0.02683
0.0311852
0.0388781
0.0439803
0.0546455
0.065581
0.0843684
0.106827
0.133737
0.163396
0.196377
0.235415
0.276454
0.320689
0.373809
0.424465
0.487534
0.548363
0.621271
0.672674
0.698551
0.707038
0.728146
0.747395
0.780646
0.803105
0.809733
0.786988
0.734218
0.676282
0.645574
0.623035
0.636307
0.645526
0.659672
0.67083
0.694068
0.706546
0.748682
0.78214
0.813754
0.84335
0.889079
0.917689
0.943247
0.968122
0.995111
0.989803
0.994905
0.972923
0.954485
0.921917
0.862122
0.817982
0.796254
0.815042
0.853618
0.905816
0.962877
1.01035
1.08188
1.22218
1.39132
1.54476
1.61055
1.65728
1.61161
1.48778
1.36603
1.27991
1.24734
1.28841
1.34481
1.37102
1.40061
1.4362
1.50345
1.55571
1.61158
1.65307
1.61452
1.53797
1.50649
1.44973
1.42159
1.36766
1.33567
1.33422
1.39763
1.49492
1.56476
1.61742
1.61791
1.47559
1.26737
1.1035
1.08288
1.08625
1.04529
0.92864
0.776704
0.645924
0.552003
0.462373
0.403182
0.367339
0.329177
0.293144
0.254663
0.230662
0.209967
0.186268
0.165081
0.146357
0.116126
0.0919183
0.0669003
0.0522296
0.0424385
0.0349204
0.0298023
0.026226
0.019598
0.017341
0.0157038
0.0146389
0.0123501
0.00995
0.00785192
0.00599225
0.00476837
0.00348091
0.00276566
0.00217756
0.0017643
0.00093778
0.000301997
0.00017484
3.17891e-05
0
1.58946e-05
0
0
0
0
0
0
0
0
0
0
0
0
0
0
0
0
0
0
0
0
0
0
0
0
