0.0382264
0.00664393
0.00665983
0.0084877
0.00902812
0.0101566
0.0119527
0.0167211
0.0214736
0.0284513
0.0353336
0.0401815
0.0434081
0.0439644
0.0435511
0.0392119
0.032266
0.0238419
0.019296
0.0171661
0.0154336
0.0142892
0.012366
0.0128587
0.0113805
0.0111262
0.00845591
0.0079155
0.00705719
0.00691414
0.00742277
0.00753403
0.0070254
0.00685056
0.00578562
0.00551542
0.0058492
0.00491142
0.00561078
0.00554721
0.00532468
0.0055631
0.00538826
0.00546773
0.00503858
0.00486374
0.00481606
0.00480016
0.00505447
0.00483195
0.00480016
0.00481606
0.00530879
0.00464122
0.00481606
0.00516574
0.004673
0.00424385
0.00484784
0.00478427
0.00491142
0.00452995
0.00524521
0.00435511
0.0049909
0.00551542
0.00516574
0.004975
0.00522931
0.00578562
0.0052611
0.00500679
0.00575384
0.00546773
0.00599225
0.00580152
0.00522931
0.00559489
0.00494321
0.00569026
0.00565847
0.00570615
0.00648499
0.00634193
0.00642141
0.0064532
0.00592868
0.00648499
0.00685056
0.0067393
0.00735919
0.00659625
0.0078996
0.00788371
0.00821749
0.00885328
0.00875791
0.00960032
0.00998179
0.00990232
0.010856
0.011301
0.0131607
0.0137965
0.0179609
0.0219663
0.0257969
0.0332673
0.0409603
0.051562
0.0612895
0.0770728
0.0946363
0.12668
0.176636
0.253185
0.343815
0.446653
0.546058
0.663726
0.793346
0.935268
1.08326
1.23367
1.3408
1.40969
1.4215
1.42875
1.39937
1.36789
1.33869
1.3313
1.3734
1.50315
1.67842
1.94333
2.24163
2.49562
2.58018
2.56612
2.51643
2.49511
2.51093
2.60081
2.7647
2.9556
3.17542
3.477
3.76422
4.00311
4.01711
3.73726
3.27999
2.85678
2.55094
2.31228
2.11918
1.85639
1.58078
1.32308
1.08407
0.928243
0.791327
0.641632
0.524251
0.428629
0.384998
0.36068
0.336997
0.324392
0.304874
0.271384
0.238498
0.215928
0.189702
0.162125
0.137711
0.119114
0.111691
0.105715
0.0929038
0.0849406
0.0750542
0.0697454
0.0620683
0.059557
0.0569344
0.0527382
0.0456174
0.0399272
0.0386079
0.0323772
0.0309626
0.0293573
0.0247637
0.0214895
0.0169277
0.0144641
0.013113
0.0115077
0.0100454
0.00883738
0.00675519
0.00686646
0.00592868
0.00470479
0.00327428
0.00238419
0.00149409
0.00114441
0.000810623
0.000603994
0.000301997
0.000158946
6.35783e-05
3.17891e-05
1.58946e-05
0
0
0
0
0
0
0
0
0
0
0
0
0
0
0
0
0
0
0
0
0
0
0
0
0
0
0
0
0
0
0
0
0
0
0
0
0
0
0
