0.00308355
0.00187556
0.00255903
0.0032107
0.0040849
0.0049909
0.00724792
0.00861486
0.0110149
0.0148614
0.0223478
0.0295003
0.0336488
0.0315189
0.0288804
0.027434
0.0249068
0.0241121
0.0231266
0.0227451
0.0220458
0.0193596
0.0150363
0.0125249
0.0104268
0.0104586
0.00974337
0.00920296
0.0101407
0.00912348
0.00759761
0.00705719
0.00588099
0.00549952
0.00535647
0.00559489
0.00546773
0.00562668
0.00623067
0.00532468
0.00553131
0.00507037
0.00465711
0.00445048
0.00538826
0.00451406
0.00451406
0.00495911
0.004975
0.00462532
0.00435511
0.00398954
0.00416438
0.00400543
0.0041008
0.0043869
0.00398954
0.00392596
0.00391006
0.00422796
0.00376701
0.00432332
0.00370344
0.00394185
0.00392596
0.00405312
0.00406901
0.00411669
0.00394185
0.00367165
0.00406901
0.00389417
0.00394185
0.00391006
0.00414848
0.00389417
0.00414848
0.00403722
0.00424385
0.0041008
0.00422796
0.00411669
0.00425975
0.00394185
0.00446637
0.00422796
0.0044028
0.00470479
0.00448227
0.00457764
0.004975
0.00483195
0.00484784
0.00487963
0.00494321
0.00503858
0.00503858
0.00534058
0.00491142
0.00576973
0.00561078
0.00583331
0.00557899
0.0055631
0.00561078
0.00519753
0.0058492
0.00553131
0.00567436
0.00608762
0.00596046
0.00635783
0.00635783
0.00640551
0.00600815
0.00638962
0.00686646
0.00677109
0.00699361
0.00710487
0.0076135
0.00659625
0.00777245
0.00785192
0.00888507
0.00977516
0.0107765
0.0125885
0.0160376
0.0211716
0.0272115
0.0367959
0.0507991
0.0718753
0.0967344
0.126632
0.160138
0.184282
0.207043
0.226959
0.245889
0.274754
0.306288
0.35092
0.412862
0.508738
0.632032
0.794284
0.987848
1.19596
1.39499
1.56364
1.65923
1.735
1.80173
1.91331
2.08454
2.37103
2.73018
3.1531
3.5147
3.7381
3.8242
3.72818
3.60923
3.58232
3.72195
3.90506
3.9258
3.82495
3.7056
3.6284
3.63644
3.76657
3.79855
3.63135
3.20764
2.71727
2.1869
1.65901
1.12821
0.657622
0.327889
0.135946
0.0598113
0.0294844
0.0152111
0.00840823
0.00451406
0.00203451
0.00108083
0.000603994
0.000206629
3.17891e-05
1.58946e-05
0
0
0
0
0
0
0
0
0
0
0
0
0
0
0
0
0
0
0
0
0
0
0
0
0
0
0
0
0
0
0
0
0
0
0
0
0
0
0
0
0
0
0
0
0
0
0
0
0
0
0
0
0
0
0
0
0
0
0
0
0
