0.0211239
0.00332197
0.00303586
0.00362396
0.00376701
0.004673
0.00532468
0.00565847
0.00678698
0.00813802
0.0093778
0.011905
0.0140508
0.0157197
0.0185172
0.0207901
0.0222365
0.0244141
0.0251611
0.0260353
0.0243823
0.0233968
0.0227451
0.0206153
0.0194867
0.0192483
0.0183423
0.0186125
0.0186443
0.0173251
0.0164827
0.0157992
0.0145912
0.0145912
0.0138283
0.0133197
0.0116507
0.0116984
0.0120481
0.010856
0.010697
0.00942548
0.00837644
0.00777245
0.00788371
0.00712077
0.00823339
0.00699361
0.00667572
0.0064532
0.00646909
0.00631015
0.00623067
0.00603994
0.00583331
0.00589689
0.00619888
0.00626246
0.00626246
0.00635783
0.00602404
0.00602404
0.00599225
0.00611941
0.00624657
0.00681877
0.00648499
0.00638962
0.00610352
0.00654856
0.00629425
0.00640551
0.00693003
0.00712077
0.00708898
0.00689824
0.00675519
0.00693003
0.00696182
0.00759761
0.00758171
0.0073115
0.00770887
0.00726382
0.00750224
0.00723203
0.00831286
0.00898043
0.00969569
0.0102202
0.010554
0.0118574
0.0127474
0.0141621
0.0164986
0.0191212
0.0212193
0.0243982
0.0288963
0.0356356
0.0432809
0.0579198
0.0768979
0.101026
0.133848
0.17608
0.224622
0.259733
0.297546
0.329987
0.349553
0.370153
0.384426
0.398461
0.418409
0.446018
0.489871
0.525554
0.568406
0.630411
0.710058
0.792058
0.858863
0.909185
0.948366
0.966247
1.02154
1.06543
1.09908
1.144
1.17633
1.20296
1.2421
1.31125
1.35576
1.39238
1.41376
1.45073
1.48406
1.50674
1.5495
1.56581
1.59764
1.61451
1.62223
1.65369
1.70066
1.77503
1.86467
1.94567
2.03252
2.18193
2.35861
2.50154
2.54753
2.47202
2.28572
2.10106
2.00895
2.04209
2.14855
2.16479
2.08926
1.98131
1.88169
1.74527
1.62802
1.55026
1.48775
1.45404
1.44097
1.42651
1.35051
1.28813
1.21915
1.09471
0.941133
0.77467
0.656796
0.542434
0.439771
0.325823
0.218264
0.125456
0.0643571
0.0276566
0.0121752
0.00621478
0.00419617
0.00297228
0.00181198
0.00195503
0.00166893
0.00120799
0.00119209
0.000985463
0.000683467
0.000429153
0.000460943
0.000301997
0.000190735
6.35783e-05
3.17891e-05
9.53674e-05
6.35783e-05
4.76837e-05
3.17891e-05
1.58946e-05
3.17891e-05
0
0
0
0
0
0
0
0
0
0
0
0
0
0
0
0
0
0
0
0
0
0
0
0
0
0
0
0
0
0
0
0
0
0
0
0
0
0
0
0
0
0
0
0
0
0
0
