0.00251134
0.000778834
0.000905991
0.00103315
0.00184377
0.0020504
0.00327428
0.00530879
0.00650088
0.00853539
0.0115077
0.0127633
0.0163873
0.0155449
0.0181357
0.0185808
0.0188986
0.0211398
0.0205358
0.0204245
0.0211398
0.0212828
0.0228405
0.0219663
0.0211716
0.022459
0.0225385
0.0229677
0.0218232
0.0229518
0.0227928
0.0235717
0.0243823
0.0226816
0.0232855
0.024732
0.0240485
0.0232538
0.022157
0.0216325
0.0216325
0.0222047
0.0211239
0.0210285
0.0209014
0.0184854
0.0188669
0.0165145
0.0172456
0.0146389
0.01448
0.0132561
0.012509
0.0125885
0.0112216
0.0115077
0.0123342
0.0104586
0.0104427
0.0100772
0.0102679
0.0101248
0.0107447
0.0102202
0.00977516
0.0100136
0.0102997
0.0100295
0.0101089
0.00993411
0.00991821
0.0100772
0.00933011
0.00956853
0.00990232
0.00904401
0.00961622
0.00913938
0.00917117
0.00869433
0.00961622
0.00888507
0.00913938
0.00921885
0.00826518
0.0090917
0.00805855
0.00845591
0.00751813
0.00782013
0.00708898
0.0079155
0.00810623
0.00886917
0.0102043
0.011301
0.012811
0.0141144
0.0141303
0.0174046
0.0201702
0.0252406
0.0256697
0.0283877
0.032266
0.0337283
0.0380357
0.0440598
0.051705
0.060463
0.0764529
0.0948588
0.118065
0.137679
0.158119
0.176875
0.196489
0.218852
0.240358
0.263818
0.278886
0.292015
0.308514
0.31999
0.329812
0.348234
0.353273
0.361729
0.384537
0.391658
0.392342
0.385221
0.388686
0.394169
0.413895
0.466092
0.540288
0.63475
0.733773
0.795809
0.867796
0.925175
0.990836
1.03784
1.04564
1.04022
1.01112
0.983365
0.951322
0.943518
0.93538
0.901175
0.863234
0.820414
0.800641
0.793632
0.775226
0.727622
0.687647
0.683578
0.722043
0.770219
0.78969
0.762145
0.723426
0.675392
0.643285
0.63049
0.639296
0.687822
0.742181
0.80924
0.87746
0.930659
0.969124
1.0059
1.02819
1.02736
1.02312
0.98993
0.956678
0.907024
0.862821
0.783602
0.708183
0.681051
0.691668
0.704241
0.705926
0.673691
0.644668
0.628169
0.648133
0.692383
0.773859
0.884024
1.06319
1.23154
1.39777
1.50671
1.58246
1.59205
1.53519
1.51003
1.51919
1.56557
1.5845
1.53468
1.48578
1.43984
1.45168
1.50752
1.61006
1.70204
1.71022
1.62013
1.42628
1.33195
1.25262
1.18721
1.0956
1.05791
1.00602
0.88563
0.762701
0.629377
0.42723
0.25746
0.16969
0.113042
0.0629743
0.0253359
0.0117302
0.00727971
0.00621478
0.00545184
0.00518163
0.00402133
0.00386238
0.00359217
0.00257492
0.00251134
0.0017643
0.00166893
0.00109673
0.00093778
0.000683467
0.000429153
9.53674e-05
0.000190735
0.000143051
4.76837e-05
1.58946e-05
3.17891e-05
0
0
