0.0328859
0.00306765
0.00300407
0.00329018
0.00356038
0.00313123
0.00368754
0.00356038
0.00362396
0.00413259
0.00433922
0.00503858
0.00484784
0.00538826
0.00637372
0.00664393
0.00796318
0.00837644
0.00980695
0.0108878
0.0111262
0.0127633
0.0138442
0.0142892
0.0159899
0.0169118
0.0169754
0.0182788
0.0193914
0.0193755
0.0194073
0.0207106
0.0185172
0.0194232
0.0173728
0.0168165
0.0146548
0.0150998
0.0136375
0.0134786
0.0117143
0.012207
0.0105381
0.0108878
0.00931422
0.00961622
0.00880559
0.0084877
0.00867844
0.00759761
0.00764529
0.00727971
0.00693003
0.00688235
0.00654856
0.00623067
0.00651677
0.00603994
0.00618299
0.00538826
0.00562668
0.00507037
0.00521342
0.00454585
0.00513395
0.00446637
0.00445048
0.00472069
0.00476837
0.00475248
0.00419617
0.00462532
0.00449816
0.00400543
0.00414848
0.00394185
0.00424385
0.00357628
0.00443459
0.00433922
0.00432332
0.0041008
0.00435511
0.00414848
0.00445048
0.00397364
0.00495911
0.00452995
0.00441869
0.00425975
0.00443459
0.00495911
0.00451406
0.00418027
0.00464122
0.00480016
0.00503858
0.00510216
0.00486374
0.00475248
0.00510216
0.00510216
0.00495911
0.00549952
0.00580152
0.00578562
0.00623067
0.00581741
0.00596046
0.00646909
0.00634193
0.00589689
0.00650088
0.0067393
0.00693003
0.00743866
0.00767708
0.00944138
0.00888507
0.0103474
0.0105699
0.0111103
0.0123342
0.0126044
0.0130018
0.013574
0.0163873
0.0207265
0.0255426
0.0344435
0.041151
0.0474612
0.0559966
0.0597954
0.0640392
0.0726223
0.0794252
0.0874519
0.0956535
0.105254
0.113932
0.125376
0.138267
0.155576
0.16613
0.173442
0.182009
0.1894
0.201925
0.212193
0.221729
0.234238
0.245555
0.257842
0.268507
0.286214
0.29974
0.314331
0.323009
0.328461
0.328207
0.331736
0.338491
0.345977
0.367959
0.390037
0.41825
0.43594
0.465902
0.502062
0.534407
0.567643
0.602261
0.625245
0.632302
0.644779
0.675392
0.692018
0.709168
0.761747
0.851774
0.962305
1.10343
1.26457
1.42908
1.53632
1.56768
1.62287
1.67421
1.7677
1.89988
2.02608
2.05997
2.00742
1.96602
1.92574
1.85542
1.81589
1.78205
1.80236
1.79791
1.87594
1.95319
2.0192
2.06127
2.03562
2.02805
2.00119
1.9743
1.95483
1.91131
1.8617
1.76746
1.65412
1.54948
1.48492
1.47413
1.47025
1.47195
1.48516
1.48303
1.51623
1.55098
1.56995
1.64541
1.59849
1.42611
1.12456
0.820589
0.540336
0.349919
0.233507
0.147597
0.0983874
0.0698249
0.0637054
0.0601768
0.0602404
0.0581106
0.0464757
0.0461578
0.0344276
0.0238895
0.0149727
0.00713666
0.00336965
0.00214577
0.00200272
0.00154177
0.00128746
0.00144641
0.00144641
0.00128746
0.000905991
0.00112851
0.0143051
