0.021108
0.00150998
0.00160535
0.00187556
0.00158946
0.00171661
0.00181198
0.00193914
0.00163714
0.00182788
0.00187556
0.00203451
0.00195503
0.00265439
0.00260671
0.00297228
0.00325839
0.00445048
0.00478427
0.00621478
0.00747045
0.00904401
0.010697
0.0120322
0.01297
0.0130018
0.0117779
0.01146
0.0104904
0.0115236
0.0114441
0.0109514
0.010856
0.0100931
0.00995
0.00956853
0.00933011
0.00923475
0.00898043
0.0093778
0.00944138
0.00898043
0.0090758
0.00824928
0.0082016
0.00894864
0.00804265
0.00751813
0.00737508
0.00734329
0.00629425
0.00588099
0.0055631
0.00557899
0.00476837
0.00532468
0.00491142
0.00448227
0.00419617
0.00414848
0.00403722
0.00368754
0.00376701
0.0037988
0.00360807
0.00357628
0.00360807
0.00348091
0.00336965
0.00344912
0.00316302
0.00301997
0.00332197
0.00338554
0.00298818
0.00281334
0.00271797
0.00254313
0.0029246
0.00301997
0.0032266
0.00271797
0.00313123
0.00220935
0.00303586
0.00240008
0.00273387
0.00324249
0.00290871
0.00273387
0.0026226
0.0026385
0.0026385
0.0026385
0.00260671
0.00259082
0.0029246
0.00303586
0.00270208
0.00268618
0.00278155
0.00286102
0.00284513
0.00267029
0.00316302
0.0029246
0.00287692
0.00295639
0.00260671
0.00335375
0.00319481
0.00325839
0.00319481
0.00324249
0.00341733
0.00327428
0.00314713
0.00344912
0.00327428
0.0032266
0.00316302
0.00332197
0.00313123
0.00324249
0.00343323
0.0032107
0.00375112
0.00357628
0.00437101
0.00538826
0.00638962
0.00859896
0.0099659
0.0118415
0.0145117
0.0168641
0.0207901
0.0288963
0.0352701
0.0457446
0.0550747
0.0697613
0.0793616
0.0927289
0.101264
0.101391
0.106557
0.107574
0.109498
0.111675
0.120497
0.134214
0.156434
0.176636
0.197919
0.220553
0.245253
0.263834
0.292746
0.328271
0.394535
0.463009
0.548792
0.641298
0.722949
0.791534
0.88075
0.967614
1.05367
1.12632
1.26071
1.4051
1.5529
1.64309
1.69369
1.67704
1.64402
1.63736
1.72904
1.96036
2.29375
2.61984
2.72603
2.672
2.55756
2.47919
2.42623
2.43743
2.40518
2.35375
2.22514
2.11523
2.02028
1.95096
1.89643
1.80249
1.68072
1.48733
1.27614
1.12797
1.06538
1.05081
1.09286
1.18108
1.33274
1.5193
1.61697
1.61354
1.51038
1.44253
1.35125
1.30835
1.28299
1.28829
1.29677
1.21878
1.06087
0.890096
0.731262
0.604328
0.510136
0.43691
0.404946
0.366131
0.345484
0.297022
0.264533
0.238355
0.228357
0.218089
0.184441
0.166289
0.162967
0.154924
0.137854
0.14561
0.167179
0.136773
0.0961463
0.0705083
0.0610987
0.0588258
0.0581423
0.0604788
0.0601927
0.0555356
0.041008
0.0416279
0.0353813
0.0305176
0.0181039
0.00785192
0.00360807
0.00135104
0.000969569
0.0224908
