0
0
0
0
0
0
0
0
0
0
0
0
0
0
0
6.35783e-05
4.76837e-05
9.53674e-05
0.000127157
0.00017484
0.000445048
0.000397364
0.000762939
0.000905991
0.00122388
0.00136693
0.00220935
0.00279744
0.00286102
0.00349681
0.00346502
0.0043869
0.00483195
0.00480016
0.00475248
0.0058651
0.00561078
0.00519753
0.00554721
0.00546773
0.00511805
0.00487963
0.00473658
0.00491142
0.00478427
0.00405312
0.0044028
0.00418027
0.00360807
0.0040849
0.00344912
0.00356038
0.00316302
0.00274976
0.00232061
0.0026385
0.00255903
0.0023524
0.00240008
0.00211398
0.00201861
0.00216166
0.0023365
0.00209808
0.00200272
0.0020504
0.00168482
0.00170072
0.00165304
0.00201861
0.00166893
0.00170072
0.00163714
0.00154177
0.00141462
0.00173251
0.00160535
0.00162125
0.00125567
0.00170072
0.00150998
0.0017484
0.00133514
0.00144641
0.00155767
0.00127157
0.00122388
0.00154177
0.00136693
0.00179609
0.00157356
0.00143051
0.00144641
0.00131925
0.00144641
0.00158946
0.00143051
0.00130335
0.00136693
0.00149409
0.00173251
0.00155767
0.00131925
0.00136693
0.00166893
0.00138283
0.00184377
0.00160535
0.00155767
0.00141462
0.00157356
0.00198682
0.00152588
0.00165304
0.00173251
0.00192324
0.00192324
0.00206629
0.00187556
0.00200272
0.00181198
0.00179609
0.00197093
0.00241597
0.00201861
0.00225703
0.00222524
0.00276566
0.0023365
0.00228882
0.00217756
0.00219345
0.00241597
0.00251134
0.0026226
0.00252724
0.00220935
0.00255903
0.00249545
0.00254313
0.00311534
0.00281334
0.00284513
0.00298818
0.00313123
0.00317891
0.00346502
0.00297228
0.00344912
0.00360807
0.00359217
0.00441869
0.00481606
0.00567436
0.00816981
0.0112534
0.0136852
0.0204563
0.0262101
0.0356197
0.049448
0.0635465
0.0769138
0.0995477
0.105762
0.104554
0.0987848
0.0973384
0.10848
0.119448
0.137711
0.154607
0.165145
0.170596
0.181357
0.196711
0.218948
0.245412
0.28251
0.325171
0.389274
0.478792
0.564035
0.652981
0.708803
0.722281
0.720342
0.719055
0.734409
0.762494
0.792885
0.800117
0.799322
0.787989
0.754086
0.732994
0.694402
0.674391
0.668287
0.683133
0.732692
0.800943
0.895055
1.01131
1.09684
1.17343
1.18558
1.18146
1.15709
1.14306
1.13471
1.14465
1.16383
1.18154
1.18154
1.19386
1.23049
1.30655
1.37862
1.46681
1.53583
1.58901
1.62695
1.5773
1.55902
1.62735
1.72736
1.85178
2.04029
2.31249
2.4624
2.59562
2.73533
2.80226
2.56898
2.65867
2.90459
3.00879
3.03723
2.86706
2.69062
2.45315
2.05231
2.00078
1.76988
1.42744
1.00109
0.636228
0.38538
0.211445
0.106096
0.0526587
0.025781
0.0163078
0.0133991
0.0179291
