0.00154177
0.000397364
0.000492732
0.000476837
0.000794729
0.000699361
0.000890096
0.00106494
0.00103315
0.00109673
0.00135104
0.00162125
0.00157356
0.00189145
0.00193914
0.00193914
0.00252724
0.00241597
0.00286102
0.00282923
0.00338554
0.00365575
0.00373522
0.00348091
0.00406901
0.00464122
0.00465711
0.0041008
0.00575384
0.00642141
0.00669161
0.0079155
0.00816981
0.00929832
0.0106812
0.0116507
0.011301
0.0108083
0.0120322
0.0125567
0.0130494
0.0127633
0.013717
0.0130653
0.0158151
0.0160058
0.016276
0.016435
0.0172456
0.0161012
0.0157197
0.015227
0.0155608
0.0167211
0.0167052
0.0188351
0.01839
0.0208378
0.0222206
0.0220617
0.0248909
0.0241756
0.0239531
0.022157
0.0212034
0.0205994
0.0191371
0.0176748
0.0170231
0.0164032
0.0163396
0.0157515
0.0153542
0.0140826
0.0132879
0.0126839
0.0122547
0.0115554
0.010999
0.0113328
0.0108401
0.0111262
0.0101566
0.00972748
0.00947316
0.00974337
0.00944138
0.00929832
0.00816981
0.00858307
0.00859896
0.00885328
0.0078996
0.00836054
0.00753403
0.00824928
0.00867844
0.00748634
0.00775655
0.00770887
0.00685056
0.00656446
0.00764529
0.00737508
0.00734329
0.00681877
0.00700951
0.00716845
0.00669161
0.0064532
0.00696182
0.00707308
0.00743866
0.00664393
0.00705719
0.00685056
0.00693003
0.00758171
0.00735919
0.00696182
0.00718435
0.00708898
0.0070254
0.00718435
0.00734329
0.00720024
0.00770887
0.00782013
0.00794729
0.00856717
0.00871023
0.0102679
0.0106812
0.0123501
0.0157515
0.0188669
0.0247955
0.0300884
0.0380834
0.049003
0.0610828
0.0746886
0.0876586
0.0992616
0.111675
0.127427
0.14445
0.159963
0.168339
0.173823
0.179927
0.184202
0.191609
0.186952
0.17705
0.167672
0.165272
0.183503
0.200001
0.238085
0.282431
0.34008
0.414642
0.485627
0.514253
0.484896
0.425545
0.36753
0.311454
0.268936
0.237608
0.240231
0.233603
0.227133
0.22521
0.223128
0.220871
0.219138
0.226323
0.225115
0.229311
0.226243
0.223509
0.216881
0.206327
0.202608
0.200669
0.211747
0.220648
0.23756
0.261879
0.29672
0.319131
0.31449
0.306273
0.321166
0.320037
0.323391
0.31387
0.297276
0.283798
0.284831
0.290124
0.29637
0.299025
0.302203
0.31031
0.337807
0.363541
0.387494
0.3781
0.372903
0.374365
0.380643
0.383774
0.392946
0.401481
0.398811
0.405041
0.415071
0.426849
0.445334
0.465266
0.480763
0.47396
0.47245
0.492668
0.525363
0.586557
0.68051
0.757011
0.877333
1.00069
1.11543
1.18351
1.29302
1.40775
1.47278
1.57053
1.67241
1.71186
1.71266
1.65124
1.71615
1.7295
1.79445
1.77708
1.80729
1.86548
1.84908
2.02667
2.09923
2.24009
2.32908
2.53957
30.7254
