0.0302792
0.00359217
0.00357628
0.00419617
0.0040849
0.004673
0.0046889
0.00419617
0.0049909
0.005277
0.00510216
0.00605583
0.00656446
0.00783602
0.00840823
0.0101407
0.0103633
0.011158
0.0126044
0.0135422
0.0141621
0.0155131
0.0151952
0.0144641
0.0144958
0.0154336
0.0158469
0.0154495
0.015672
0.0154654
0.0148137
0.0143369
0.0141303
0.013876
0.0138919
0.0132402
0.0113646
0.0102361
0.0093778
0.0087897
0.00829697
0.00845591
0.00809034
0.00777245
0.00693003
0.00665983
0.00664393
0.00570615
0.00553131
0.00513395
0.00530879
0.00508626
0.00530879
0.00543594
0.00524521
0.00443459
0.0049909
0.00476837
0.00451406
0.00449816
0.00411669
0.00456174
0.0044028
0.00435511
0.00383059
0.0040849
0.00400543
0.00419617
0.00456174
0.00562668
0.0055631
0.00670751
0.00880559
0.0116984
0.0140826
0.0163555
0.0200113
0.0238895
0.028038
0.0340144
0.0382106
0.0422478
0.0516891
0.0628153
0.076135
0.0882943
0.101503
0.113185
0.133022
0.151507
0.178019
0.207281
0.244554
0.273514
0.294749
0.298754
0.285769
0.27264
0.258764
0.249799
0.270557
0.298611
0.331593
0.356325
0.372934
0.373284
0.363255
0.359503
0.370518
0.408363
0.47272
0.581376
0.726668
0.927448
1.14013
1.32219
1.48193
1.58033
1.6099
1.6115
1.60715
1.63924
1.67368
1.69024
1.67284
1.62811
1.56449
1.47713
1.4016
1.34611
1.32122
1.30518
1.28082
1.26904
1.22805
1.15705
1.04251
0.933568
0.841904
0.765546
0.715224
0.683864
0.656366
0.638278
0.625912
0.611671
0.612243
0.621732
0.612704
0.578483
0.545979
0.51233
0.513554
0.541782
0.554069
0.547981
0.524886
0.517511
0.501029
0.495752
0.493224
0.494289
0.49092
0.4896
0.484149
0.48097
0.478252
0.478617
0.479476
0.50141
0.531117
0.573524
0.615263
0.635481
0.638723
0.630188
0.623544
0.607379
0.607999
0.640202
0.689522
0.745408
0.820112
0.927575
0.984875
1.01128
1.02162
1.02224
1.0197
1.05874
1.08207
1.10453
1.13715
1.16126
1.174
1.14075
1.08425
1.0427
0.983461
0.922553
0.874313
0.805712
0.724697
0.664377
0.601466
0.547838
0.498581
0.455888
0.406615
0.365019
0.339762
0.325092
0.301043
0.301679
0.309134
0.320514
0.325632
0.325251
0.303523
0.280348
0.255537
0.231934
0.220553
0.203228
0.209077
0.201925
0.206407
0.197951
0.166321
0.123167
0.0734488
0.0439008
0.0265598
0.0180721
0.0102838
0.00405312
0.00286102
0.00125567
0.00093778
0.000890096
0.000842412
0.000794729
0.000842412
0.000619888
0.000715256
0.000603994
0.00055631
0.000445048
0.000572205
0.000524521
0.000397364
0.000619888
0.000460943
0.000460943
0.000492732
0.000858307
