0.0157515
0.00373522
0.00459353
0.00537237
0.0061512
0.00713666
0.0087897
0.0116666
0.0125249
0.0152906
0.0187874
0.021108
0.0238895
0.0261943
0.0279427
0.028944
0.0264327
0.0241439
0.0216802
0.0184854
0.016435
0.0157674
0.0142892
0.0134627
0.0127316
0.011301
0.0103474
0.00859896
0.00767708
0.00764529
0.0073274
0.00713666
0.00708898
0.00661214
0.00651677
0.0061512
0.00470479
0.00494321
0.00472069
0.00502268
0.00507037
0.00432332
0.00472069
0.00481606
0.00470479
0.00483195
0.00430743
0.00472069
0.00419617
0.0040849
0.00421206
0.00378291
0.0040849
0.00433922
0.00406901
0.00360807
0.00354449
0.00383059
0.00435511
0.00370344
0.0035127
0.00359217
0.00354449
0.00403722
0.00371933
0.00376701
0.00386238
0.00400543
0.0038147
0.00368754
0.00367165
0.00433922
0.00362396
0.00432332
0.00360807
0.00414848
0.00424385
0.00371933
0.00441869
0.00406901
0.00395775
0.00445048
0.00413259
0.004673
0.00445048
0.00449816
0.00418027
0.00411669
0.00437101
0.00451406
0.00516574
0.00500679
0.00548363
0.00481606
0.0049909
0.00569026
0.00491142
0.00519753
0.00607173
0.00546773
0.00514984
0.0058492
0.00553131
0.0058492
0.00535647
0.00548363
0.00576973
0.00580152
0.00654856
0.00634193
0.00618299
0.0064373
0.00658035
0.00700951
0.00810623
0.00872612
0.0103315
0.0123024
0.0161012
0.0227292
0.0325998
0.0463327
0.0680606
0.10136
0.150585
0.204945
0.28011
0.354592
0.421476
0.475121
0.515477
0.576591
0.651407
0.731103
0.834735
0.921233
1.02288
1.10685
1.18818
1.25817
1.30795
1.36646
1.38084
1.41824
1.47169
1.55989
1.68131
1.82176
2.04121
2.2254
2.46903
2.76988
3.07829
3.30852
3.40157
3.3504
3.09095
2.72288
2.35532
2.00025
1.72067
1.48681
1.33944
1.25664
1.21528
1.19392
1.16811
1.11518
1.04698
0.969966
0.92028
0.910552
0.923459
0.922823
0.914669
0.892464
0.876061
0.864251
0.850264
0.873868
0.917482
0.960159
0.972859
0.954707
0.901445
0.844812
0.780392
0.724713
0.684977
0.652377
0.618633
0.588147
0.558313
0.551828
0.560029
0.551573
0.538524
0.515668
0.478872
0.459671
0.451183
0.452789
0.460895
0.473181
0.479714
0.458988
0.413561
0.372458
0.334009
0.309912
0.283241
0.256793
0.238752
0.235828
0.229263
0.21294
0.193866
0.176223
0.160376
0.161775
0.159597
0.155179
0.153669
0.146643
0.132799
0.126727
0.125901
0.121705
0.109847
0.0901699
0.0758171
0.0732104
0.0704447
0.053517
0.0358899
0.0254949
0.0126521
0.00445048
0.00131925
0.000222524
3.17891e-05
0
0
0
0
0
0
0
0
0
0
0
0
0
0
0
