0.000206629
0.00038147
0.000603994
0.00119209
0.00254313
0.00357628
0.0058651
0.00813802
0.0125408
0.0152588
0.0201225
0.0253359
0.0279586
0.0298341
0.0286579
0.0263373
0.0238578
0.0218232
0.0199636
0.0186761
0.0169913
0.0156244
0.0151634
0.0131289
0.0104109
0.00902812
0.00844002
0.00742277
0.0070413
0.00772476
0.00662804
0.00600815
0.00667572
0.00580152
0.00546773
0.00465711
0.00459353
0.00456174
0.00511805
0.00462532
0.0046889
0.00443459
0.00443459
0.00419617
0.00427564
0.00457764
0.0041008
0.00384649
0.00411669
0.00367165
0.00375112
0.00403722
0.00416438
0.00386238
0.0041008
0.0037988
0.00370344
0.00314713
0.00344912
0.00335375
0.00378291
0.00371933
0.00325839
0.00363986
0.00349681
0.00332197
0.00370344
0.00357628
0.00340144
0.00365575
0.00357628
0.00317891
0.00348091
0.00371933
0.00338554
0.00346502
0.00371933
0.00354449
0.00333786
0.00324249
0.00370344
0.0035127
0.00383059
0.00324249
0.00357628
0.00330607
0.00398954
0.00340144
0.00360807
0.00371933
0.00363986
0.00365575
0.00406901
0.00343323
0.00348091
0.00416438
0.00394185
0.00357628
0.00398954
0.00383059
0.00370344
0.00398954
0.00421206
0.00413259
0.00418027
0.00446637
0.00454585
0.00437101
0.00476837
0.00516574
0.00449816
0.00478427
0.00487963
0.00446637
0.00537237
0.00478427
0.00583331
0.00532468
0.00514984
0.00583331
0.00564257
0.00665983
0.00631015
0.00713666
0.00724792
0.00696182
0.00813802
0.00785192
0.00891685
0.00945727
0.0103633
0.0114123
0.0135104
0.0161489
0.0184377
0.0228564
0.0329653
0.0493844
0.0813802
0.140063
0.25506
0.42518
0.637786
0.894101
1.25044
1.67338
2.1409
2.56054
2.84568
2.98169
2.99945
2.96156
2.92859
2.81672
2.73472
2.65911
2.60096
2.61401
2.66747
2.71777
2.74591
2.71711
2.63154
2.5685
2.53739
2.4772
2.39991
2.26011
2.07051
1.89466
1.81006
1.815
1.80971
1.73801
1.62199
1.52521
1.44339
1.36212
1.27942
1.22584
1.16269
1.10105
1.03272
0.97127
0.947475
0.956265
1.01957
1.09065
1.11602
1.124
1.05448
0.934919
0.805298
0.679477
0.553672
0.404517
0.26075
0.137742
0.0571569
0.02443
0.0100613
0.00510216
0.00249545
0.00127157
0.00073115
0.000413259
0.000143051
0
1.58946e-05
1.58946e-05
0
0
0
0
0
0
0
0
0
0
0
0
0
0
0
0
0
0
0
0
0
0
0
0
0
0
0
0
0
0
0
0
0
0
0
0
0
0
0
0
0
0
0
0
0
0
