0.00890096
0.00298818
0.00325839
0.00449816
0.00534058
0.0061353
0.00834465
0.0100295
0.0128269
0.0153065
0.0183423
0.0203609
0.0226498
0.0233014
0.0250181
0.0255267
0.0251293
0.0244141
0.0202656
0.0175317
0.0140031
0.0119686
0.01146
0.0103315
0.00967979
0.00979106
0.00882149
0.00715256
0.0067393
0.00599225
0.00562668
0.00524521
0.00529289
0.00576973
0.00567436
0.00507037
0.00486374
0.00446637
0.00435511
0.00400543
0.00370344
0.00403722
0.00363986
0.00448227
0.00432332
0.00403722
0.00437101
0.00416438
0.00402133
0.00397364
0.00402133
0.00341733
0.0035127
0.00375112
0.00359217
0.00392596
0.00422796
0.00370344
0.0035127
0.00340144
0.00354449
0.00336965
0.00344912
0.00335375
0.00352859
0.00363986
0.00387828
0.0040849
0.00402133
0.00384649
0.00354449
0.00437101
0.00405312
0.0041008
0.00354449
0.00418027
0.00395775
0.00391006
0.00451406
0.0044028
0.00411669
0.00518163
0.00405312
0.00441869
0.00421206
0.00473658
0.00456174
0.00537237
0.00441869
0.00553131
0.00502268
0.00565847
0.00530879
0.00516574
0.00524521
0.004975
0.00532468
0.00535647
0.00546773
0.00565847
0.00564257
0.00578562
0.00623067
0.00642141
0.00642141
0.00599225
0.00750224
0.00783602
0.00977516
0.0115395
0.0162919
0.0232061
0.0344912
0.0552972
0.0806967
0.110753
0.14801
0.207027
0.281413
0.378052
0.495243
0.653887
0.827535
1.00252
1.13751
1.24755
1.31701
1.37703
1.54421
1.90194
2.45558
3.11699
3.67754
3.93008
3.78582
3.50388
3.11852
2.74827
2.4121
2.08937
1.83239
1.67786
1.57344
1.4874
1.42717
1.33696
1.32766
1.35237
1.37612
1.38535
1.36083
1.34761
1.35738
1.42522
1.54761
1.68697
1.80937
1.8956
1.88847
1.8091
1.73036
1.67718
1.60608
1.54103
1.44429
1.32381
1.23534
1.16636
1.10321
1.01924
0.905848
0.813246
0.721757
0.643285
0.597334
0.574907
0.56715
0.561412
0.556533
0.516796
0.449975
0.386477
0.32409
0.282828
0.272942
0.293732
0.300407
0.308561
0.285657
0.269175
0.261974
0.243282
0.201495
0.155052
0.104046
0.0645002
0.0447273
0.0339508
0.019296
0.0129223
0.00902812
0.00588099
0.00303586
0.00195503
0.00152588
0.000588099
0.00017484
0.000190735
6.35783e-05
3.17891e-05
4.76837e-05
0
0
0
0
0
0
0
0
0
0
0
0
0
0
0
0
0
0
0
0
0
0
0
0
0
0
0
0
0
0
0
0
0
0
0
0
0
0
0
0
0
0
0
0
0
