0.032266
0.00429153
0.00437101
0.0044028
0.00473658
0.00489553
0.00492732
0.00538826
0.00562668
0.00610352
0.00750224
0.00775655
0.00785192
0.00933011
0.0102043
0.0113805
0.0117461
0.0132879
0.0153224
0.0176589
0.0190099
0.0194867
0.0187079
0.0199159
0.0190417
0.0182629
0.0178814
0.0162284
0.0155608
0.014321
0.0133514
0.0117302
0.00979106
0.00952085
0.00874201
0.0079155
0.00710487
0.00786781
0.00707308
0.00632604
0.00549952
0.0055631
0.0052611
0.00480016
0.00411669
0.00480016
0.00483195
0.00487963
0.00459353
0.00432332
0.00429153
0.00443459
0.00402133
0.00418027
0.00392596
0.00363986
0.00389417
0.00365575
0.00386238
0.00383059
0.00329018
0.00354449
0.00346502
0.00367165
0.0032266
0.00357628
0.00368754
0.00403722
0.00309944
0.00330607
0.00354449
0.00394185
0.00394185
0.00373522
0.00395775
0.00403722
0.004673
0.00484784
0.00532468
0.00570615
0.00619888
0.00554721
0.00581741
0.00616709
0.00602404
0.00661214
0.00670751
0.00650088
0.00861486
0.0102202
0.014321
0.0215371
0.0347614
0.0522137
0.080665
0.117604
0.154702
0.194375
0.235176
0.268602
0.286198
0.29459
0.291316
0.286833
0.259892
0.235875
0.213814
0.191752
0.176001
0.16667
0.164604
0.160376
0.16098
0.165002
0.174856
0.192992
0.224098
0.274356
0.336345
0.392946
0.448513
0.51109
0.567357
0.619984
0.657384
0.677109
0.695101
0.725285
0.749127
0.772429
0.800641
0.827519
0.860119
0.892973
0.899188
0.881513
0.851854
0.830714
0.812117
0.816679
0.820017
0.842396
0.861231
0.868384
0.87417
0.903066
0.937653
0.998004
1.05114
1.06605
1.04767
0.991281
0.937064
0.895135
0.874631
0.850709
0.843287
0.858259
0.886361
0.930182
0.967328
1.01533
1.04774
1.09231
1.1422
1.21706
1.266
1.29485
1.32802
1.36552
1.42322
1.48384
1.54519
1.57162
1.5667
1.52663
1.51822
1.50625
1.49619
1.49562
1.52078
1.55139
1.60626
1.61095
1.55681
1.52165
1.46556
1.41557
1.38241
1.37308
1.35217
1.3418
1.28384
1.23088
1.15453
1.06287
0.952991
0.846291
0.786622
0.75078
0.755421
0.766516
0.7569
0.697819
0.647624
0.590738
0.524251
0.457827
0.397666
0.340827
0.272846
0.212955
0.17554
0.1496
0.138315
0.126775
0.117238
0.106986
0.0891368
0.0772953
0.0651519
0.0546773
0.0348091
0.0192483
0.0121117
0.00619888
0.00400543
0.0026226
0.0017643
0.00130335
0.00135104
0.00123978
0.00120799
0.00120799
0.000858307
0.000890096
0.000603994
0.000603994
0.000349681
0.000333786
0.000206629
0.000222524
0.000222524
0.000111262
6.35783e-05
1.58946e-05
1.58946e-05
0
3.17891e-05
1.58946e-05
3.17891e-05
0
0
3.17891e-05
0
0
