0.00131925
0.000747045
0.000778834
0.00103315
0.00130335
0.0014623
0.00203451
0.00179609
0.0026226
0.00278155
0.0029246
0.00332197
0.00346502
0.0043869
0.00416438
0.00495911
0.00507037
0.00551542
0.0067234
0.00770887
0.00948906
0.0110785
0.0123183
0.0144164
0.0149091
0.0165462
0.0163714
0.0160694
0.0152588
0.0148614
0.0141939
0.0136693
0.0131607
0.0121911
0.0120004
0.0110626
0.0113964
0.0118732
0.0112693
0.0110626
0.0103315
0.00991821
0.00960032
0.00899633
0.00812213
0.00723203
0.00705719
0.00683467
0.00618299
0.00662804
0.00553131
0.00602404
0.00607173
0.0061353
0.00554721
0.00505447
0.00483195
0.00500679
0.00516574
0.00489553
0.00459353
0.00413259
0.00487963
0.0038147
0.00421206
0.00394185
0.00397364
0.00437101
0.00378291
0.00416438
0.00365575
0.00389417
0.0038147
0.00413259
0.00373522
0.00333786
0.00365575
0.00333786
0.00403722
0.00413259
0.00363986
0.00354449
0.00367165
0.00405312
0.0035127
0.00411669
0.00357628
0.00332197
0.00308355
0.00348091
0.00333786
0.0035127
0.00371933
0.00332197
0.00378291
0.00400543
0.00348091
0.0044028
0.00476837
0.00475248
0.00629425
0.00855128
0.0104904
0.0164191
0.0249863
0.0391006
0.0598431
0.0923951
0.145102
0.220505
0.328255
0.448291
0.568453
0.66541
0.730022
0.77192
0.801945
0.835657
0.881227
0.914653
0.957632
1.01873
1.08943
1.10281
1.0856
1.03585
0.976531
0.922092
0.896136
0.869068
0.870514
0.898234
0.936556
0.972255
0.989278
0.989834
0.970205
0.939083
0.90065
0.863361
0.836849
0.815312
0.771825
0.721359
0.634893
0.566848
0.526222
0.520706
0.527732
0.544866
0.567611
0.59557
0.637992
0.682847
0.716273
0.726716
0.718276
0.710996
0.70858
0.721931
0.75984
0.824118
0.937239
1.03736
1.08692
1.12206
1.15323
1.1988
1.22822
1.22832
1.24156
1.25011
1.2633
1.30208
1.32189
1.35152
1.394
1.42384
1.48292
1.57371
1.65963
1.73407
1.79346
1.80098
1.68908
1.49603
1.29677
1.172
1.11957
1.08628
1.05756
1.04524
1.04429
1.0214
0.949001
0.862551
0.789499
0.737667
0.698868
0.669177
0.641251
0.628058
0.632477
0.623624
0.611067
0.602818
0.588051
0.565688
0.542164
0.529019
0.508944
0.481876
0.459512
0.438007
0.417932
0.386222
0.352621
0.312519
0.256681
0.197935
0.155894
0.136312
0.113789
0.0980218
0.0921885
0.0915368
0.0878652
0.0926971
0.0993252
0.116889
0.106605
0.0842253
0.05819
0.0442505
0.0326951
0.0300725
0.0304063
0.0273863
0.0377019
0.0327269
0.0166098
0.00775655
0.00182788
0.000349681
7.94729e-05
3.17891e-05
0
0
0
0
0
0
0
0
0
0
