0.00599225
0.00155767
0.00230471
0.00208219
0.00259082
0.00306765
0.00338554
0.00336965
0.0044028
0.00445048
0.00492732
0.00608762
0.00651677
0.00715256
0.00737508
0.00947316
0.0096639
0.00948906
0.0105222
0.0114918
0.0117461
0.0134309
0.0139395
0.014178
0.0136534
0.0140826
0.0141621
0.014925
0.0148932
0.0145276
0.0145435
0.0136693
0.0126998
0.0114441
0.0110467
0.0108401
0.0100295
0.00839233
0.00831286
0.00750224
0.00678698
0.00667572
0.0061512
0.0058651
0.00507037
0.00521342
0.00567436
0.00445048
0.00472069
0.00441869
0.00462532
0.00451406
0.00419617
0.00391006
0.00411669
0.0038147
0.00365575
0.00386238
0.00376701
0.00359217
0.00395775
0.00405312
0.00354449
0.00367165
0.00282923
0.00274976
0.00311534
0.00344912
0.00289281
0.00290871
0.00329018
0.00317891
0.00297228
0.00297228
0.00282923
0.00324249
0.00338554
0.00348091
0.00287692
0.00281334
0.00282923
0.00308355
0.00349681
0.00287692
0.00301997
0.00286102
0.00300407
0.00287692
0.00313123
0.00317891
0.00313123
0.00313123
0.00343323
0.00327428
0.00298818
0.00303586
0.00305176
0.00343323
0.00341733
0.00330607
0.00314713
0.00313123
0.00317891
0.00336965
0.00314713
0.00327428
0.00378291
0.00357628
0.00324249
0.00360807
0.00330607
0.00360807
0.00387828
0.00349681
0.00384649
0.00422796
0.00386238
0.00363986
0.00391006
0.00422796
0.00392596
0.00460943
0.00419617
0.00416438
0.00376701
0.00413259
0.00472069
0.00421206
0.00540415
0.00524521
0.00542005
0.004975
0.00505447
0.00503858
0.00573794
0.00710487
0.00804265
0.00913938
0.0103951
0.0115712
0.0117143
0.0133355
0.0150839
0.0195026
0.0205994
0.0231902
0.0242233
0.0284831
0.0359535
0.045379
0.0618299
0.0805219
0.0991186
0.123183
0.144593
0.164191
0.180642
0.19304
0.212717
0.238991
0.273196
0.317732
0.366783
0.412035
0.443919
0.477235
0.504224
0.521437
0.556231
0.61779
0.704447
0.763575
0.777896
0.773986
0.739272
0.699234
0.682545
0.700855
0.738907
0.792503
0.861724
0.929165
1.00427
1.03234
0.986497
0.927401
0.911633
0.934458
0.966454
0.979773
0.993697
1.01159
1.027
1.01849
0.974751
0.932948
0.926638
0.971842
1.0392
1.17318
1.31669
1.46607
1.59548
1.66907
1.66771
1.67235
1.74961
1.81944
1.79191
1.71049
1.62514
1.58259
1.66992
1.8175
1.96169
1.99539
1.88107
1.82543
1.75913
1.66459
1.59974
1.56376
1.55843
1.62355
1.77487
1.96099
2.12779
2.17826
2.26628
2.18797
1.94114
1.85355
1.89958
1.98771
1.62072
1.33697
0.932264
0.567468
0.354513
0.210969
0.130653
0.0742753
0.0235399
0.00565847
0.00073115
0.000127157
0
0
0
0
0
0
0
0
0
0
