0.0064532
0.0023524
0.00305176
0.00376701
0.00452995
0.00510216
0.00599225
0.00718435
0.00885328
0.0106176
0.0130653
0.0156085
0.0152747
0.0165304
0.0164509
0.0169436
0.0162601
0.0157674
0.0160217
0.0151475
0.0155926
0.0169913
0.0152588
0.0154813
0.0148932
0.0152906
0.0152588
0.0151634
0.0157833
0.0162443
0.0153224
0.0141939
0.0149568
0.0139395
0.0142733
0.0144958
0.0146707
0.0131766
0.013415
0.0124296
0.0115395
0.0103633
0.0112851
0.0102361
0.0100454
0.00952085
0.0081857
0.0070413
0.00642141
0.00627836
0.00575384
0.00530879
0.00484784
0.00475248
0.00495911
0.00592868
0.00484784
0.00492732
0.00462532
0.00456174
0.00422796
0.00433922
0.00449816
0.00448227
0.00429153
0.00413259
0.00422796
0.00429153
0.0044028
0.00487963
0.004673
0.00473658
0.00464122
0.00519753
0.00446637
0.00465711
0.00511805
0.00618299
0.00594457
0.00699361
0.00796318
0.0105222
0.0126998
0.0169277
0.0203292
0.0226021
0.0272115
0.0306447
0.0356992
0.045077
0.0618776
0.0836213
0.115093
0.153287
0.189225
0.22192
0.248702
0.25595
0.245539
0.230805
0.203292
0.180213
0.16017
0.147184
0.139745
0.141398
0.140794
0.145292
0.154734
0.172297
0.196807
0.238975
0.287056
0.342131
0.3836
0.422891
0.454473
0.511742
0.563367
0.620397
0.662295
0.706434
0.743087
0.767485
0.751511
0.740941
0.715446
0.692606
0.682322
0.682052
0.689856
0.72128
0.751368
0.794109
0.821543
0.867637
0.926733
1.00031
1.0705
1.16116
1.2694
1.40858
1.56646
1.65257
1.72642
1.78547
1.83843
1.84553
1.87001
1.94904
2.10765
2.3088
2.37492
2.30581
2.24732
2.21903
2.22526
2.12976
1.99795
1.88662
1.8106
1.74586
1.62322
1.46449
1.29037
1.14646
1.05354
0.969839
0.927655
0.892544
0.879478
0.862773
0.85187
0.833686
0.814851
0.798384
0.780519
0.772667
0.794156
0.817394
0.847626
0.860898
0.833098
0.753021
0.664806
0.596174
0.55081
0.52495
0.550969
0.628662
0.704511
0.756598
0.83456
0.908581
0.927941
0.896486
0.808907
0.663773
0.522661
0.399192
0.309134
0.265725
0.247669
0.217533
0.179815
0.133928
0.093778
0.0594934
0.0306765
0.0152429
0.00786781
0.00433922
0.00301997
0.00217756
0.0014782
0.00157356
0.00111262
0.000842412
0.000715256
0.000699361
0.000683467
0.000635783
0.000413259
0.000270208
0.000254313
0.000222524
0.00017484
0.000127157
0.000127157
1.58946e-05
3.17891e-05
3.17891e-05
3.17891e-05
0
0
0
0
0
0
0
0
0
0
0
0
0
0
0
0
0
0
0
0
0
0
0
