0.0241121
0.00278155
0.00308355
0.00305176
0.00311534
0.00375112
0.00406901
0.00411669
0.00489553
0.00551542
0.00591278
0.00729561
0.00759761
0.00882149
0.0103474
0.0125408
0.0154972
0.0174363
0.0192006
0.0221093
0.026083
0.0281175
0.028944
0.0304222
0.0321706
0.0329653
0.0339667
0.0339349
0.0314236
0.0295957
0.025622
0.0217915
0.0198682
0.0169595
0.0133673
0.0118574
0.0118574
0.011158
0.0106812
0.0100931
0.00955264
0.00855128
0.00890096
0.00772476
0.0085036
0.00777245
0.00751813
0.0067234
0.00680288
0.00659625
0.0064532
0.00667572
0.00637372
0.00662804
0.00570615
0.00605583
0.00607173
0.00572205
0.00540415
0.00554721
0.00603994
0.00548363
0.00502268
0.00553131
0.00559489
0.00521342
0.00537237
0.00543594
0.00561078
0.00557899
0.00542005
0.00532468
0.0058492
0.00543594
0.0058651
0.00548363
0.0058651
0.00542005
0.00619888
0.00554721
0.00565847
0.00618299
0.00542005
0.00565847
0.0061512
0.00650088
0.00594457
0.00688235
0.00654856
0.00626246
0.00621478
0.00638962
0.00629425
0.00661214
0.00662804
0.00681877
0.00616709
0.00715256
0.00713666
0.00654856
0.00662804
0.0073115
0.0087738
0.00793139
0.00855128
0.00894864
0.00948906
0.0103792
0.0107765
0.0131607
0.0159582
0.020806
0.0281334
0.0422637
0.0655333
0.103251
0.14979
0.203832
0.252183
0.285244
0.306781
0.31937
0.325871
0.321738
0.319131
0.305812
0.293239
0.28615
0.282574
0.28855
0.287374
0.285816
0.28944
0.292301
0.308132
0.334152
0.374206
0.414451
0.444953
0.461435
0.44686
0.43238
0.411304
0.389528
0.373332
0.354592
0.328875
0.304572
0.280841
0.268825
0.252708
0.250673
0.24279
0.241248
0.237036
0.229931
0.229486
0.234954
0.244665
0.251929
0.260035
0.276931
0.310946
0.358438
0.418647
0.51438
0.57718
0.611464
0.616439
0.626707
0.659529
0.693115
0.731119
0.760317
0.767517
0.785065
0.808001
0.871436
0.901302
0.928561
0.978279
1.05125
1.15364
1.24048
1.36088
1.47781
1.58645
1.67259
1.70774
1.7743
1.79944
1.81333
1.80012
1.81847
1.80144
1.73626
1.66225
1.60538
1.56256
1.53383
1.53723
1.55678
1.53038
1.48074
1.40101
1.31447
1.23804
1.19507
1.16954
1.16617
1.15062
1.10677
1.07226
1.07741
1.11448
1.16477
1.161
1.14497
1.08719
1.04426
1.01471
1.00261
1.03629
1.04922
1.08431
1.06449
1.03725
0.978072
0.927353
0.853729
0.786591
0.72403
0.693353
0.665283
0.598923
0.529035
0.461912
0.374285
0.291443
0.216611
0.174252
0.154193
0.12598
0.10368
0.0887553
0.0714461
0.0629266
0.0569979
0.0561873
0.0506401
0.0451883
0.0373363
0.0372569
0.0593026
0.0142415
0.31449
