0.0195503
0.00241597
0.00260671
0.00316302
0.00305176
0.00368754
0.00425975
0.00476837
0.00532468
0.00700951
0.00893275
0.0117143
0.013415
0.0160376
0.0182629
0.0196139
0.0228564
0.0249704
0.0253836
0.0279109
0.0280857
0.0264327
0.0261784
0.0260989
0.0229836
0.0200589
0.0189622
0.017945
0.0151634
0.0135899
0.0130653
0.0115554
0.0113487
0.0113646
0.0112534
0.0105222
0.0104745
0.0100295
0.0105699
0.0123183
0.0136534
0.0137965
0.0142415
0.0135581
0.0115871
0.0109196
0.00880559
0.00837644
0.00780423
0.00743866
0.00640551
0.00621478
0.00658035
0.00575384
0.00650088
0.00567436
0.00632604
0.00569026
0.00561078
0.00561078
0.00557899
0.004975
0.00516574
0.00591278
0.00549952
0.0058492
0.00581741
0.00712077
0.00793139
0.0104109
0.0130812
0.0154495
0.0173728
0.0197887
0.0213146
0.0247637
0.0273069
0.0297387
0.0319004
0.0367165
0.0399113
0.0427882
0.0425021
0.0439167
0.0414054
0.0439803
0.04433
0.0464122
0.0478903
0.0540574
0.0631968
0.0727177
0.0834147
0.097545
0.112343
0.129604
0.151952
0.173346
0.196584
0.221936
0.248512
0.280158
0.324806
0.355005
0.385634
0.401227
0.406567
0.399446
0.384331
0.364033
0.343513
0.324837
0.320244
0.316954
0.313632
0.314569
0.319338
0.330385
0.348059
0.362237
0.373999
0.3877
0.408649
0.43451
0.459146
0.492954
0.517209
0.552352
0.576798
0.592502
0.603692
0.600068
0.603088
0.608857
0.609763
0.617727
0.637547
0.659211
0.688108
0.709422
0.730594
0.740465
0.754674
0.774384
0.80363
0.823784
0.850836
0.882133
0.940704
1.01619
1.08938
1.19017
1.27778
1.32922
1.37045
1.39743
1.41856
1.39748
1.36418
1.34176
1.34767
1.43
1.5313
1.62611
1.65615
1.65763
1.61676
1.57692
1.53708
1.53815
1.55252
1.56329
1.58024
1.60057
1.60162
1.58345
1.55652
1.54643
1.51
1.49228
1.45035
1.38618
1.31885
1.24453
1.17464
1.09585
1.01808
0.93015
0.876125
0.858911
0.819254
0.811052
0.830857
0.8159
0.772381
0.694116
0.6265
0.582997
0.530179
0.479587
0.427818
0.399081
0.373395
0.350539
0.340462
0.332785
0.312567
0.302792
0.273482
0.255569
0.239213
0.226672
0.209014
0.195599
0.187778
0.190401
0.191212
0.19873
0.198587
0.1942
0.187699
0.17821
0.182454
0.17492
0.173616
0.161552
0.154829
0.142845
0.131989
0.138442
0.143067
0.131273
0.129334
0.126537
0.116142
0.116825
0.108576
0.103251
0.100168
0.0918229
0.0675042
0.0308196
0.0114759
0.00537237
0.00295639
0.000969569
0.000365575
0.000190735
9.53674e-05
1.58946e-05
0
0
0
0
0
0
