0.00554721
0.00104904
0.00114441
0.00128746
0.00154177
0.00187556
0.00200272
0.00271797
0.00325839
0.00394185
0.00487963
0.00810623
0.0105699
0.0144641
0.0185013
0.0224908
0.0294367
0.0316461
0.0321547
0.0323931
0.0311693
0.0288169
0.0259082
0.0232697
0.0209649
0.0182152
0.0166893
0.0155767
0.0138283
0.0130653
0.011905
0.0109831
0.0105699
0.00987053
0.00899633
0.00985463
0.00950495
0.00912348
0.00783602
0.0078996
0.00769297
0.00758171
0.00764529
0.00721614
0.00756582
0.00737508
0.00705719
0.00700951
0.00675519
0.00678698
0.00677109
0.00680288
0.00720024
0.00693003
0.00680288
0.0058492
0.00670751
0.00646909
0.00624657
0.0064532
0.00651677
0.0064532
0.00638962
0.00618299
0.00653267
0.00588099
0.00589689
0.00638962
0.00573794
0.00638962
0.00638962
0.00635783
0.0061512
0.00559489
0.00637372
0.00554721
0.00592868
0.00629425
0.00634193
0.00693003
0.00654856
0.00637372
0.00651677
0.00611941
0.00667572
0.00697772
0.00740687
0.00745455
0.00723203
0.00915527
0.0104268
0.0148137
0.0213146
0.0361919
0.0572681
0.0936667
0.149441
0.221729
0.310977
0.394424
0.464042
0.517607
0.538635
0.541989
0.521564
0.497007
0.459274
0.430314
0.403865
0.382471
0.371472
0.359344
0.352446
0.355037
0.365178
0.392834
0.428359
0.470606
0.518974
0.548681
0.591946
0.629123
0.677395
0.735474
0.82078
0.905116
0.99109
1.07314
1.14883
1.21806
1.28409
1.33093
1.36385
1.41174
1.44014
1.46432
1.4736
1.49554
1.49719
1.50251
1.5261
1.53968
1.52459
1.49844
1.48015
1.4679
1.45221
1.43255
1.38076
1.33077
1.2512
1.19786
1.145
1.10642
1.06953
1.04767
1.01838
1.00662
1.00107
0.966628
0.910123
0.851059
0.801786
0.794919
0.792583
0.83073
0.840123
0.846497
0.843604
0.834656
0.830587
0.824102
0.81439
0.805855
0.79519
0.789038
0.77556
0.755167
0.736157
0.737063
0.760794
0.771236
0.79217
0.792058
0.783285
0.76561
0.747649
0.722806
0.701793
0.671991
0.651852
0.632079
0.62054
0.608079
0.608238
0.597223
0.583728
0.558154
0.527604
0.510708
0.488281
0.472832
0.470734
0.471195
0.46463
0.457541
0.446288
0.412909
0.381517
0.345357
0.311995
0.284417
0.272051
0.274801
0.279204
0.270144
0.26199
0.274102
0.278171
0.268062
0.2683
0.263532
0.274118
0.278473
0.29095
0.293207
0.278823
0.266091
0.24883
0.249227
0.226212
0.194089
0.15831
0.123056
0.0864188
0.0526746
0.0277996
0.0125567
0.00580152
0.00211398
0.000794729
0.000365575
0.000127157
4.76837e-05
0
0
0
0
0
0
0
0
0
0
0
0
