6.35783e-05
0.000111262
0.000143051
0.000397364
0.000715256
0.00122388
0.00187556
0.00341733
0.00481606
0.00812213
0.0126362
0.0190894
0.0249068
0.0269095
0.026687
0.0252883
0.0230948
0.0219822
0.0225067
0.0233014
0.0237465
0.0237306
0.0208855
0.0182788
0.0149091
0.0130812
0.0122229
0.011158
0.0101407
0.00942548
0.0090917
0.00859896
0.00700951
0.00681877
0.00637372
0.00626246
0.00600815
0.00521342
0.004975
0.00591278
0.00583331
0.00557899
0.00491142
0.00507037
0.00445048
0.00486374
0.00424385
0.00432332
0.00429153
0.00430743
0.00484784
0.00419617
0.00387828
0.00416438
0.00411669
0.00386238
0.00403722
0.00403722
0.0038147
0.00424385
0.00367165
0.00421206
0.00373522
0.00375112
0.00402133
0.00357628
0.00343323
0.00402133
0.0035127
0.00375112
0.00394185
0.00421206
0.00348091
0.00329018
0.00329018
0.00375112
0.00373522
0.00343323
0.00375112
0.00371933
0.00375112
0.0040849
0.00359217
0.0035127
0.0032107
0.00356038
0.0037988
0.00356038
0.00403722
0.00371933
0.00335375
0.00336965
0.00424385
0.00376701
0.00373522
0.00371933
0.00384649
0.00422796
0.00367165
0.00425975
0.00405312
0.00424385
0.0041008
0.00430743
0.00400543
0.00429153
0.00465711
0.0044028
0.00443459
0.00413259
0.00425975
0.00449816
0.00445048
0.00443459
0.00454585
0.00510216
0.00507037
0.00503858
0.00522931
0.00514984
0.00472069
0.00530879
0.00542005
0.00580152
0.00521342
0.00559489
0.00564257
0.00600815
0.00600815
0.0061353
0.00611941
0.00618299
0.00589689
0.00653267
0.00716845
0.00777245
0.00777245
0.00834465
0.00918706
0.00998179
0.0118732
0.0150363
0.020647
0.0298977
0.0478903
0.0817299
0.131909
0.208314
0.314013
0.420888
0.510581
0.577386
0.618267
0.667175
0.70823
0.770521
0.826661
0.877031
0.921917
0.97146
1.04963
1.15719
1.27989
1.41533
1.54524
1.6943
1.86501
2.04223
2.24258
2.45164
2.67113
2.78762
2.8585
2.87881
2.89173
2.91034
2.90705
2.83901
2.72519
2.62748
2.60482
2.60161
2.62264
2.56866
2.47275
2.35152
2.18321
2.03697
1.91838
1.80971
1.67054
1.54591
1.4287
1.35105
1.31981
1.33665
1.32027
1.2598
1.13343
0.992362
0.880241
0.826534
0.809781
0.822099
0.840569
0.821511
0.787195
0.743341
0.684166
0.60997
0.476805
0.328668
0.184727
0.0879606
0.0364621
0.0157674
0.00767708
0.00309944
0.00136693
0.000699361
0.000317891
0.000143051
3.17891e-05
0
1.58946e-05
0
0
0
0
0
0
0
0
0
0
0
0
0
0
0
0
0
0
0
0
0
0
0
0
0
0
0
0
0
0
0
