0.0332514
0.00502268
0.00508626
0.00562668
0.00557899
0.00553131
0.0064373
0.00650088
0.00694593
0.00796318
0.00882149
0.0104427
0.0122229
0.0140508
0.0158946
0.018692
0.0203927
0.0227928
0.0259082
0.0267824
0.0287851
0.028197
0.0257174
0.0243823
0.0231902
0.0222842
0.0190576
0.017945
0.0157674
0.0148296
0.0134945
0.0119527
0.01146
0.0104268
0.0090758
0.00845591
0.00720024
0.00662804
0.0067393
0.00661214
0.00646909
0.00651677
0.00522931
0.00537237
0.00480016
0.00459353
0.00416438
0.00486374
0.00459353
0.00456174
0.00387828
0.00425975
0.0043869
0.00483195
0.00425975
0.00419617
0.00432332
0.00354449
0.00357628
0.00352859
0.00375112
0.00386238
0.00370344
0.00376701
0.00365575
0.0037988
0.0035127
0.00402133
0.00376701
0.0040849
0.00362396
0.00405312
0.00376701
0.00419617
0.00427564
0.00378291
0.00405312
0.00441869
0.00386238
0.00414848
0.00491142
0.00500679
0.00521342
0.00592868
0.00530879
0.00567436
0.00616709
0.0082016
0.00890096
0.0101248
0.0127474
0.0145753
0.0159264
0.0173569
0.0193119
0.0219186
0.0231584
0.0256856
0.0294209
0.031662
0.0364304
0.0401179
0.0453631
0.0511169
0.0569026
0.0642935
0.0747681
0.085481
0.0991027
0.111787
0.127697
0.142288
0.158119
0.171518
0.183916
0.192404
0.204802
0.217199
0.234779
0.250371
0.278457
0.308688
0.318988
0.339333
0.358486
0.384283
0.405995
0.423288
0.448434
0.485579
0.534487
0.579627
0.632175
0.687027
0.736205
0.779454
0.821082
0.879812
0.906579
0.952323
0.984796
1.03105
1.07158
1.11205
1.12139
1.14425
1.17327
1.19826
1.24242
1.28298
1.32055
1.36377
1.42434
1.50755
1.60834
1.69506
1.73165
1.73885
1.72175
1.73046
1.77306
1.85084
1.92075
1.96732
1.99877
2.03069
2.09993
2.09002
2.0326
1.99585
2.01166
2.04469
2.02088
2.01842
2.03684
2.03501
2.05434
2.16343
2.43818
2.73743
2.74593
2.56608
2.24355
1.99642
1.7916
1.65041
1.39545
0.984557
0.6042
0.315857
0.137107
0.0642459
0.0286102
0.0150839
0.0104586
0.00718435
0.00602404
0.00508626
0.00478427
0.00435511
0.00454585
0.004673
0.00403722
0.00465711
0.00489553
0.00452995
0.00492732
0.00387828
0.0041008
0.00402133
0.00400543
0.00273387
0.00249545
0.00281334
0.00220935
0.00179609
0.00143051
0.00104904
0.00073115
0.000842412
0.000445048
0.000270208
0.000317891
0.000127157
0.000111262
4.76837e-05
3.17891e-05
1.58946e-05
0
0
0
0
0
0
0
0
0
0
0
0
0
0
0
0
0
0
0
0
0
0
0
0
0
0
0
0
