0.0178973
0.00329018
0.00405312
0.00449816
0.00486374
0.00616709
0.0058492
0.00637372
0.00726382
0.00875791
0.0107129
0.0124296
0.0146389
0.0167211
0.0195026
0.0205199
0.0223796
0.0209967
0.0233014
0.0206153
0.0211875
0.0203133
0.0193755
0.0187556
0.0197093
0.0181834
0.0170231
0.0141144
0.0134945
0.0120481
0.0117143
0.0106812
0.0108719
0.0105381
0.00913938
0.00844002
0.00832876
0.00716845
0.00637372
0.00573794
0.00573794
0.00559489
0.00573794
0.00543594
0.00535647
0.00484784
0.00494321
0.0049909
0.00465711
0.00481606
0.00433922
0.00495911
0.00456174
0.00413259
0.00430743
0.00389417
0.00389417
0.00384649
0.00411669
0.0043869
0.00449816
0.00414848
0.00411669
0.0041008
0.00340144
0.00398954
0.00395775
0.00400543
0.00392596
0.00398954
0.00373522
0.00398954
0.00435511
0.00422796
0.00395775
0.00378291
0.00414848
0.00387828
0.00406901
0.0037988
0.00422796
0.00391006
0.00405312
0.00457764
0.00445048
0.00462532
0.00445048
0.00489553
0.00551542
0.00637372
0.00769297
0.0100136
0.0135899
0.0200113
0.0262578
0.0331561
0.0405312
0.0458399
0.0491142
0.0540098
0.0566641
0.0583172
0.0655651
0.0700315
0.0732104
0.0788212
0.0790755
0.0828425
0.091966
0.10198
0.113996
0.128428
0.147343
0.173823
0.207106
0.251261
0.289011
0.321134
0.352081
0.373189
0.393152
0.415516
0.451263
0.490506
0.525014
0.561905
0.581805
0.604963
0.608397
0.614309
0.629346
0.636594
0.6471
0.668065
0.684834
0.702016
0.734663
0.758171
0.79716
0.846386
0.885741
0.92454
0.953992
0.990725
1.03958
1.07649
1.13509
1.20053
1.29871
1.38904
1.44008
1.47529
1.48865
1.48835
1.48005
1.4562
1.42145
1.36215
1.27254
1.15355
1.05
0.979392
0.936683
0.91273
0.867685
0.806411
0.737365
0.694259
0.688251
0.692828
0.731548
0.741466
0.728226
0.737429
0.753387
0.780455
0.798416
0.844653
0.867764
0.89434
0.925668
0.936778
0.938241
0.927114
0.870403
0.829887
0.821145
0.83847
0.873756
0.897646
0.91397
0.941133
0.982189
1.07306
1.11732
1.21214
1.36469
1.59747
1.82724
2.11275
2.3692
2.54227
2.56996
2.45701
2.21883
1.92431
1.60325
1.27416
0.975005
0.711711
0.486533
0.32711
0.218662
0.152604
0.115395
0.084877
0.0651995
0.0477155
0.0336011
0.0272433
0.0244776
0.0226339
0.017786
0.0130177
0.00775655
0.00356038
0.0026385
0.00212987
0.00228882
0.00206629
0.0023365
0.00217756
0.00217756
0.00185966
0.00157356
0.00128746
0.00109673
0.000905991
0.00104904
0.000588099
0.000572205
0.000429153
0.000254313
0.000286102
7.94729e-05
0.000127157
4.76837e-05
0
1.58946e-05
3.17891e-05
0
0
0
0
0
0
