0.014925
0.000985463
0.00127157
0.00138283
0.00150998
0.00170072
0.00155767
0.00193914
0.00162125
0.00179609
0.0020504
0.00192324
0.00185966
0.00220935
0.00255903
0.00236829
0.00298818
0.00368754
0.00389417
0.00491142
0.00600815
0.00875791
0.0106335
0.0118732
0.0136375
0.0149727
0.0150363
0.0168482
0.0180562
0.0159899
0.0167847
0.016578
0.0168324
0.0168165
0.0168641
0.0163873
0.0152906
0.0158628
0.01448
0.0146071
0.0135422
0.0136852
0.0137011
0.0126839
0.0122865
0.0121911
0.0116189
0.010554
0.0105381
0.0104745
0.00934601
0.00890096
0.00793139
0.00708898
0.00740687
0.00688235
0.00691414
0.0061353
0.00632604
0.00564257
0.00561078
0.00513395
0.00521342
0.00494321
0.00484784
0.00464122
0.00502268
0.00562668
0.00470479
0.00437101
0.00448227
0.00492732
0.00514984
0.00470479
0.0046889
0.00492732
0.00514984
0.00475248
0.00486374
0.00510216
0.00489553
0.00494321
0.00464122
0.00486374
0.00519753
0.00476837
0.00530879
0.00445048
0.00495911
0.00451406
0.00513395
0.00483195
0.00486374
0.00452995
0.00540415
0.00475248
0.00491142
0.00483195
0.00545184
0.00549952
0.00567436
0.00535647
0.00572205
0.00513395
0.00592868
0.0058492
0.00588099
0.00715256
0.00697772
0.00807444
0.00836054
0.0100772
0.0121593
0.014782
0.0226339
0.031805
0.0503222
0.0792503
0.123183
0.182406
0.239992
0.292778
0.343005
0.383202
0.406901
0.428645
0.446431
0.447369
0.425816
0.398652
0.360139
0.31867
0.274356
0.248178
0.221554
0.20841
0.204182
0.200431
0.194693
0.197442
0.187047
0.183169
0.178607
0.167974
0.15804
0.148026
0.144911
0.14081
0.138076
0.139538
0.146834
0.156514
0.168848
0.19393
0.202608
0.222524
0.229565
0.229454
0.216866
0.212971
0.207074
0.209808
0.214005
0.224098
0.24093
0.255299
0.261688
0.253979
0.250514
0.238021
0.227483
0.226259
0.220362
0.217072
0.207408
0.200558
0.202115
0.196044
0.199254
0.20148
0.201209
0.220982
0.239881
0.270557
0.295385
0.312614
0.336981
0.361745
0.384728
0.403659
0.411161
0.404612
0.401052
0.415595
0.446796
0.489823
0.555452
0.63165
0.704018
0.754325
0.753895
0.766961
0.774527
0.78454
0.77939
0.788275
0.781345
0.773764
0.768026
0.782553
0.833352
0.910664
0.973781
1.06258
1.191
1.3234
1.42447
1.47336
1.46209
1.43992
1.41905
1.51696
1.70563
1.90905
2.11247
2.24086
2.31524
2.45225
2.63478
2.58109
2.60342
2.83702
2.86779
2.65799
2.23807
1.90511
1.8071
1.86815
2.20081
2.44821
2.76446
2.62086
2.11856
1.88117
1.35474
0.812562
0.308641
0.0812531
0.0141303
0.00371933
0.00185966
0.00122388
0.00111262
0.000921885
0.000778834
0.024573
