0.016737
0.000572205
0.000667572
0.000699361
0.000699361
0.000794729
0.000794729
0.000874201
0.000762939
0.000810623
0.000953674
0.000921885
0.00100136
0.0011603
0.000890096
0.00100136
0.00125567
0.00150998
0.00144641
0.00163714
0.0017484
0.0014782
0.00157356
0.00168482
0.0017484
0.0020504
0.00327428
0.00363986
0.00487963
0.0043869
0.00402133
0.00383059
0.00406901
0.0040849
0.00386238
0.00373522
0.00445048
0.00425975
0.00403722
0.00422796
0.00357628
0.00422796
0.00516574
0.00519753
0.00486374
0.00537237
0.00532468
0.00562668
0.00599225
0.00610352
0.00618299
0.00611941
0.00678698
0.00681877
0.00691414
0.0067393
0.00670751
0.00693003
0.00632604
0.00603994
0.0061512
0.00599225
0.00627836
0.00567436
0.00575384
0.00494321
0.00521342
0.00487963
0.00516574
0.00443459
0.00454585
0.0044028
0.00411669
0.00376701
0.0041008
0.00356038
0.00354449
0.00330607
0.00344912
0.00333786
0.00313123
0.00352859
0.00340144
0.00319481
0.00314713
0.00311534
0.00284513
0.0029405
0.00306765
0.00286102
0.00309944
0.00324249
0.00298818
0.00276566
0.0032266
0.00306765
0.00279744
0.00244776
0.00313123
0.00257492
0.00287692
0.00325839
0.00340144
0.00391006
0.00383059
0.00516574
0.00624657
0.00923475
0.0139395
0.0208855
0.036335
0.0592391
0.0877221
0.124407
0.164207
0.208505
0.259304
0.334183
0.428041
0.56537
0.732676
0.924142
1.1395
1.38051
1.62824
1.86629
2.0306
2.09268
2.04112
2.00588
2.1049
2.31258
2.52899
2.71826
2.8712
2.89521
2.84739
2.69473
2.4981
2.25585
1.97663
1.67065
1.35806
1.09351
0.886122
0.761827
0.69259
0.654046
0.628312
0.593249
0.562429
0.529655
0.496817
0.468477
0.452518
0.447512
0.438309
0.426944
0.413259
0.391308
0.390895
0.396776
0.392214
0.377591
0.358454
0.344515
0.342051
0.326061
0.304254
0.281493
0.275294
0.272258
0.275008
0.27202
0.266933
0.271384
0.268428
0.278425
0.282478
0.295798
0.301123
0.313616
0.319147
0.309483
0.299295
0.300535
0.305907
0.314713
0.314172
0.325267
0.342131
0.347741
0.362206
0.361443
0.371472
0.37473
0.379626
0.395107
0.391308
0.395171
0.404453
0.39498
0.394408
0.3956
0.405486
0.430346
0.449483
0.465361
0.471497
0.46463
0.439231
0.413942
0.395282
0.388002
0.404119
0.438309
0.46943
0.487137
0.483624
0.484149
0.481971
0.456969
0.449785
0.463613
0.487471
0.524855
0.539319
0.551271
0.558837
0.553544
0.533994
0.538413
0.542053
0.562302
0.562763
0.598272
0.601864
0.638549
0.678841
0.715081
0.791121
0.848373
0.841665
0.905514
0.875155
0.812149
0.714636
0.602388
0.468016
0.333993
0.264295
0.185331
0.115824
0.0730197
0.0439803
0.0852108
