0.00354449
0.000683467
0.000842412
0.000747045
0.000794729
0.00101725
0.00152588
0.00189145
0.00149409
0.00173251
0.00195503
0.00222524
0.00278155
0.00343323
0.00398954
0.00480016
0.00491142
0.00632604
0.00739098
0.00821749
0.0107924
0.0118415
0.0136852
0.0147978
0.0161489
0.0169754
0.0187556
0.0207583
0.0200113
0.0228564
0.021855
0.0218391
0.0216166
0.0201543
0.0193119
0.0195026
0.0204563
0.0204086
0.0204881
0.0199795
0.0208696
0.0212987
0.0246366
0.025622
0.0251293
0.0249227
0.0243028
0.0241597
0.0226339
0.022316
0.0222206
0.019598
0.0175158
0.0162284
0.0143528
0.0120004
0.0111421
0.0102361
0.00921885
0.00840823
0.00799497
0.00723203
0.00677109
0.00618299
0.00572205
0.00542005
0.00532468
0.00494321
0.00478427
0.00451406
0.004975
0.0043869
0.00465711
0.00441869
0.0049909
0.00505447
0.0040849
0.00421206
0.00422796
0.00400543
0.00460943
0.00402133
0.00403722
0.00430743
0.00433922
0.004673
0.00433922
0.00432332
0.00424385
0.00443459
0.00483195
0.004975
0.00441869
0.00437101
0.00456174
0.00487963
0.00502268
0.0044028
0.0043869
0.00491142
0.00549952
0.00510216
0.00529289
0.00602404
0.00583331
0.00502268
0.00618299
0.00597636
0.00589689
0.00573794
0.00581741
0.00631015
0.00656446
0.00715256
0.00716845
0.00708898
0.00705719
0.00783602
0.00769297
0.00875791
0.0090758
0.00859896
0.0113487
0.012668
0.0142415
0.0190417
0.02141
0.0265757
0.0330448
0.0385284
0.043122
0.0503063
0.0586828
0.0639915
0.0736554
0.0781059
0.0853539
0.0864188
0.0917912
0.0953515
0.107161
0.120465
0.143814
0.175397
0.223764
0.266918
0.31635
0.350857
0.382614
0.414848
0.437578
0.448767
0.448084
0.421937
0.38921
0.367181
0.350205
0.350126
0.355387
0.375239
0.385507
0.395139
0.3901
0.373411
0.360425
0.336552
0.33474
0.327778
0.329351
0.340811
0.36939
0.413402
0.471878
0.533819
0.59255
0.651089
0.70068
0.760317
0.811132
0.860357
0.921138
0.985845
1.02515
1.07077
1.0989
1.12564
1.15301
1.20047
1.26999
1.35557
1.43344
1.46678
1.45402
1.43212
1.39818
1.38013
1.35128
1.3213
1.29576
1.26416
1.21908
1.18753
1.15504
1.13287
1.14024
1.18802
1.20576
1.22344
1.26638
1.30045
1.32295
1.32062
1.31005
1.32944
1.33003
1.27187
1.20659
1.13827
1.07635
1.02906
0.997893
0.98025
0.96364
0.954167
0.974305
0.98327
0.983063
0.991186
0.996971
1.0142
0.991503
0.974512
0.928911
0.851313
0.789388
0.806506
0.867637
0.881942
0.844622
0.815074
0.749429
0.707801
0.661675
0.697104
0.707881
0.728559
0.69073
0.691875
0.683546
0.636037
0.619284
0.624816
0.625769
0.588719
0.598621
3.80311
