0.0189622
0.00208219
0.00211398
0.00222524
0.0023365
0.00257492
0.00297228
0.00327428
0.0035127
0.00343323
0.00365575
0.00359217
0.00392596
0.00472069
0.0055631
0.00610352
0.00638962
0.00750224
0.00683467
0.00780423
0.00809034
0.00828107
0.00793139
0.00851949
0.0100454
0.00972748
0.00977516
0.0116984
0.0119368
0.0127633
0.0128746
0.0136693
0.0139078
0.0140826
0.0144323
0.0155767
0.0142574
0.0148614
0.0153065
0.014321
0.0137965
0.0136058
0.0135104
0.0125885
0.0114441
0.0117938
0.0105222
0.00969569
0.00915527
0.00874201
0.00867844
0.00866254
0.00793139
0.00743866
0.00739098
0.0076135
0.00756582
0.00813802
0.00762939
0.00751813
0.00747045
0.00780423
0.00700951
0.00720024
0.00662804
0.00707308
0.00664393
0.00624657
0.00588099
0.00551542
0.00553131
0.00562668
0.00519753
0.00507037
0.00557899
0.00519753
0.00459353
0.00484784
0.00473658
0.00491142
0.004975
0.00418027
0.00535647
0.0046889
0.00457764
0.00486374
0.00421206
0.00481606
0.00500679
0.00465711
0.00446637
0.00540415
0.00508626
0.0046889
0.00492732
0.00487963
0.00503858
0.00507037
0.00491142
0.00518163
0.00513395
0.00594457
0.00535647
0.00565847
0.0055631
0.00603994
0.00618299
0.00596046
0.00565847
0.00646909
0.00616709
0.00661214
0.00718435
0.00770887
0.00888507
0.00988642
0.0132243
0.0153859
0.0210762
0.0311057
0.0503699
0.0863552
0.146262
0.241009
0.356372
0.481431
0.614754
0.764481
0.924635
1.10035
1.30663
1.48156
1.58272
1.60289
1.54219
1.44566
1.34106
1.24804
1.1765
1.11758
1.09005
1.05875
1.0481
1.06262
1.0874
1.11337
1.12085
1.13683
1.13231
1.12503
1.10076
1.09531
1.10463
1.11376
1.14393
1.16469
1.19336
1.22557
1.23625
1.20007
1.18101
1.20083
1.23436
1.26837
1.24685
1.2073
1.17167
1.15476
1.1562
1.14126
1.09606
1.04218
0.991821
0.902255
0.783936
0.67625
0.582218
0.517543
0.490077
0.465473
0.457144
0.462977
0.470813
0.477584
0.463152
0.443633
0.422223
0.417932
0.422573
0.42545
0.415007
0.421
0.401799
0.393709
0.389671
0.399129
0.408713
0.411129
0.424957
0.425339
0.453059
0.523122
0.617186
0.68504
0.697088
0.683641
0.626278
0.560713
0.509755
0.469494
0.428836
0.392564
0.351286
0.358311
0.388384
0.442537
0.488917
0.527684
0.537841
0.513458
0.479412
0.463899
0.449133
0.434748
0.428359
0.422796
0.42491
0.448338
0.489839
0.522423
0.5205
0.553656
0.579294
0.610654
0.623465
0.663185
0.715876
0.721677
0.723378
0.7013
0.64683
0.625245
0.58109
0.574589
0.577148
0.57675
0.560713
0.500536
0.442346
0.389322
0.376987
0.340939
0.321817
0.289933
0.298436
1.50042
