0
0
0
0
0
0
0
0
0
0
0
0
0
0
0
0
0
0
0
0
0
0
0
0
0
0
0
0
0
0
0
0
0
0
0
0
0
0
0
0
0
0
0
0
0
0
0
0
0
0
0
0
0
0
0
0
0
0
0
0
0
0
0
0
0
0
0
1.58946e-05
6.35783e-05
0.000540415
0.000460943
0.000905991
0.000985463
0.00106494
0.0011762
0.00112851
0.00155767
0.00114441
0.00135104
0.00154177
0.00236829
0.00308355
0.00327428
0.0032107
0.00281334
0.0023365
0.00217756
0.00255903
0.00228882
0.00217756
0.00251134
0.00227292
0.0023365
0.00225703
0.00241597
0.00286102
0.00300407
0.00308355
0.00341733
0.00301997
0.00330607
0.00368754
0.00317891
0.00360807
0.00335375
0.00317891
0.00357628
0.00367165
0.00352859
0.00414848
0.00427564
0.00483195
0.00621478
0.00816981
0.0102679
0.0127316
0.0166575
0.0209332
0.0281175
0.0358423
0.0468572
0.0648499
0.0884056
0.110817
0.134961
0.166432
0.199938
0.247335
0.298007
0.347392
0.404914
0.45228
0.492922
0.530497
0.538301
0.544182
0.541401
0.539907
0.555722
0.581312
0.615724
0.657002
0.697978
0.735124
0.755024
0.757138
0.779422
0.780948
0.761795
0.749604
0.705814
0.673834
0.632842
0.613038
0.607745
0.629807
0.654968
0.709407
0.764736
0.823164
0.914319
1.0173
1.12295
1.21112
1.22344
1.18008
1.09008
0.996701
0.914033
0.851027
0.805076
0.786448
0.792837
0.830475
0.874488
0.94978
0.992362
0.99961
0.998322
0.972907
0.953341
0.942183
0.957759
0.958347
0.985495
0.971333
0.957743
0.957823
0.961288
0.957028
0.959031
0.949669
0.920852
0.878557
0.837628
0.838629
0.856256
0.838502
0.827964
0.80932
0.784508
0.763257
0.7641
0.753864
0.748189
0.74571
0.751623
0.77033
0.783316
0.779247
0.761127
0.733519
0.693051
0.68051
0.669845
0.65678
0.635386
0.599353
0.544071
0.499932
0.468477
0.456301
0.45956
0.452932
0.440073
0.431919
0.408125
0.398827
0.396872
0.388114
0.373665
0.363111
0.338507
0.303523
0.277551
0.260146
0.263707
0.262372
0.258398
0.251261
0.253105
0.261021
0.276677
0.280142
0.296847
0.315015
0.331831
0.346661
0.360044
0.356499
0.382249
0.409428
0.435766
0.442155
0.521882
14.2772
