0.00371933
0.000874201
0.00131925
0.00139872
0.00190735
0.00190735
0.00238419
0.00397364
0.00464122
0.00651677
0.00727971
0.00918706
0.0113328
0.0132084
0.0152906
0.0164827
0.0169118
0.0197728
0.0178496
0.0194391
0.0188669
0.0169277
0.0151634
0.0134309
0.0121117
0.0117779
0.00969569
0.010252
0.00918706
0.00891685
0.00882149
0.0076135
0.00718435
0.00675519
0.00693003
0.00646909
0.00611941
0.00575384
0.00581741
0.00578562
0.00600815
0.00537237
0.00514984
0.00472069
0.00464122
0.00448227
0.00411669
0.00492732
0.0043869
0.00422796
0.0043869
0.00454585
0.00429153
0.00387828
0.00389417
0.0044028
0.00384649
0.00413259
0.00354449
0.00343323
0.00398954
0.00373522
0.00365575
0.0035127
0.00389417
0.00383059
0.0032266
0.00375112
0.00367165
0.0032107
0.00341733
0.00360807
0.0029246
0.00348091
0.00279744
0.00329018
0.00348091
0.0035127
0.0032266
0.00340144
0.00329018
0.00309944
0.00344912
0.00360807
0.00403722
0.00457764
0.00522931
0.0067393
0.00961622
0.0133991
0.0198523
0.0291983
0.0432014
0.0634193
0.0846863
0.102504
0.11487
0.128206
0.128667
0.129
0.127681
0.118383
0.11495
0.110213
0.110356
0.114918
0.124566
0.143369
0.169166
0.198015
0.230122
0.264152
0.297213
0.334533
0.380373
0.424147
0.466919
0.506226
0.521262
0.52762
0.51864
0.522629
0.533152
0.545486
0.556819
0.575606
0.587384
0.60517
0.613228
0.619809
0.623703
0.638517
0.673262
0.696659
0.699902
0.702635
0.717783
0.727193
0.773843
0.831223
0.882816
0.908995
0.912364
0.898902
0.878795
0.856431
0.846704
0.848675
0.889572
0.927623
0.996256
1.12607
1.3231
1.54357
1.77949
2.00988
2.19032
2.26576
2.24187
2.14885
2.06628
2.04566
2.05965
2.07168
2.05634
2.04231
2.01867
1.98973
1.94284
1.91318
1.91344
1.8971
1.84862
1.79079
1.70665
1.59078
1.47572
1.34492
1.24378
1.1773
1.12944
1.11446
1.06831
1.0177
0.938638
0.858196
0.797272
0.74865
0.717545
0.682672
0.631618
0.596444
0.58198
0.569852
0.527334
0.483751
0.436894
0.38387
0.329192
0.288947
0.255919
0.239642
0.232124
0.24395
0.236686
0.218582
0.199318
0.178512
0.160885
0.145372
0.14081
0.132672
0.120083
0.107161
0.0960986
0.0936508
0.0923157
0.09106
0.0824769
0.0761827
0.0744502
0.0749747
0.0720501
0.0678539
0.0658035
0.0578562
0.0503063
0.0452518
0.0487804
0.0439803
0.0354449
0.034221
0.0334899
0.0266234
0.0226498
0.0166416
0.0153383
0.00982285
0.00700951
0.00387828
0.000921885
0.000317891
0.000127157
1.58946e-05
0
0
0
0
0
0
0
0
0
0
0
0
