0
0
1.58946e-05
1.58946e-05
0
1.58946e-05
0
0.000111262
7.94729e-05
0.000349681
0.000445048
0.000413259
0.000747045
0.00119209
0.00122388
0.00170072
0.00240008
0.00251134
0.00370344
0.00480016
0.00596046
0.00723203
0.00828107
0.00967979
0.0100613
0.0115077
0.0120163
0.01297
0.0129382
0.0132402
0.01297
0.0130812
0.0112534
0.0104904
0.00977516
0.00942548
0.00890096
0.00828107
0.00807444
0.00681877
0.00720024
0.00624657
0.00551542
0.00619888
0.00521342
0.00610352
0.005277
0.00557899
0.00538826
0.00452995
0.00522931
0.00443459
0.00445048
0.00419617
0.00389417
0.00418027
0.00378291
0.004673
0.00441869
0.00429153
0.00402133
0.00384649
0.00360807
0.00357628
0.00365575
0.00335375
0.00411669
0.00301997
0.00324249
0.00354449
0.00398954
0.00346502
0.00373522
0.00357628
0.00319481
0.00356038
0.00330607
0.00348091
0.00335375
0.00330607
0.00356038
0.00327428
0.00340144
0.00338554
0.0037988
0.00362396
0.00340144
0.00330607
0.00392596
0.0038147
0.00340144
0.00359217
0.00311534
0.0035127
0.00373522
0.00406901
0.00338554
0.00398954
0.00352859
0.00348091
0.00371933
0.0037988
0.00421206
0.00475248
0.00429153
0.0044028
0.00427564
0.00445048
0.00452995
0.00514984
0.00500679
0.0049909
0.00549952
0.00589689
0.00712077
0.00923475
0.0121435
0.0171343
0.0296911
0.0534534
0.0999769
0.192785
0.351572
0.571553
0.797892
0.960382
1.03703
1.12446
1.21096
1.30976
1.37763
1.39931
1.38497
1.41926
1.51685
1.63771
1.81634
2.04565
2.35236
2.63143
2.82151
2.8832
2.72481
2.36688
1.95567
1.61883
1.38375
1.27316
1.24944
1.24189
1.24917
1.23367
1.218
1.24666
1.27632
1.33853
1.36836
1.36434
1.3237
1.24424
1.14679
1.08442
1.07315
1.05705
1.04314
1.01465
0.994444
0.972064
0.931676
0.890875
0.851822
0.84877
0.852505
0.893831
0.950146
0.976181
0.990677
1.02553
1.05338
1.08849
1.11868
1.13557
1.11764
1.03911
0.912205
0.794331
0.719547
0.676028
0.692368
0.725698
0.777197
0.80905
0.81857
0.850375
0.854349
0.817045
0.753196
0.705719
0.638994
0.575956
0.576512
0.564671
0.507975
0.436751
0.37446
0.337362
0.32026
0.315587
0.30392
0.313361
0.332038
0.328445
0.291046
0.20895
0.128253
0.0699043
0.0261466
0.00797908
0.00341733
0.00123978
0.000588099
0.000206629
9.53674e-05
6.35783e-05
3.17891e-05
0
0
0
0
0
0
0
0
0
0
0
0
0
0
0
0
0
0
0
0
0
0
0
0
0
0
0
0
0
0
0
