0.0214895
0.00300407
0.00324249
0.00370344
0.0040849
0.00451406
0.004673
0.0061512
0.00786781
0.00923475
0.011905
0.0155131
0.0196616
0.0230471
0.0279109
0.0321547
0.0334263
0.0332038
0.0312169
0.0284354
0.0245412
0.0204722
0.0179291
0.0144641
0.0128746
0.0120481
0.0107924
0.0100454
0.00805855
0.00782013
0.00661214
0.00640551
0.00581741
0.00576973
0.0058492
0.00548363
0.00503858
0.00454585
0.00502268
0.00462532
0.00449816
0.00419617
0.00437101
0.00421206
0.00383059
0.0044028
0.0037988
0.0043869
0.00422796
0.00413259
0.00363986
0.00376701
0.00365575
0.00384649
0.00430743
0.0037988
0.0035127
0.00405312
0.00349681
0.00357628
0.00384649
0.0038147
0.00367165
0.00375112
0.00397364
0.00356038
0.00425975
0.00376701
0.00405312
0.00386238
0.00365575
0.0037988
0.004673
0.00402133
0.00413259
0.0044028
0.00400543
0.00489553
0.00451406
0.0041008
0.00443459
0.00519753
0.00464122
0.00503858
0.00522931
0.00503858
0.0055631
0.00551542
0.00565847
0.00576973
0.00557899
0.00557899
0.00640551
0.00626246
0.00782013
0.00775655
0.00885328
0.0110944
0.014178
0.016276
0.0242869
0.0357151
0.0516574
0.0703176
0.0929832
0.119336
0.140619
0.158278
0.171169
0.177113
0.175635
0.167799
0.157913
0.14952
0.14437
0.139952
0.142097
0.144641
0.158199
0.172663
0.196441
0.22076
0.261021
0.297117
0.340668
0.375366
0.421079
0.461706
0.499535
0.536267
0.570663
0.581312
0.600052
0.619125
0.646512
0.697867
0.765785
0.865555
1.01384
1.20239
1.42295
1.67143
1.96978
2.28558
2.59013
2.8439
2.97613
3.05336
3.07536
3.13495
3.14204
3.12847
3.04575
2.98201
2.91414
2.97394
3.10017
3.21182
3.17686
3.11097
3.0242
2.9545
2.85082
2.64816
2.34774
2.01104
1.77677
1.54897
1.35199
1.19314
1.04996
0.892083
0.737174
0.615772
0.517877
0.429821
0.360282
0.303841
0.258557
0.21987
0.199366
0.182549
0.172774
0.164477
0.158834
0.144561
0.139888
0.127284
0.119019
0.114822
0.110404
0.104411
0.100962
0.0938574
0.0895818
0.0847816
0.0846863
0.083065
0.0783443
0.06121
0.0432173
0.0266393
0.0143846
0.00624657
0.0023365
0.000826518
0.00038147
0.000238419
4.76837e-05
7.94729e-05
0
4.76837e-05
0
1.58946e-05
0
0
0
0
0
0
0
0
0
0
0
0
0
0
0
0
0
0
0
0
0
0
0
0
0
0
0
0
0
0
0
0
0
0
0
0
0
0
0
0
0
0
