0.000238419
0.000190735
0.000365575
0.000476837
0.00100136
0.00136693
0.00212987
0.00284513
0.0037988
0.00591278
0.00858307
0.0140985
0.0213941
0.0252565
0.0290553
0.0283082
0.0276883
0.0272592
0.0267506
0.0265757
0.0255744
0.0244617
0.0239054
0.0230789
0.0239054
0.0219504
0.0208219
0.0209014
0.0194391
0.0174205
0.0148137
0.0129223
0.0102202
0.00890096
0.0070254
0.00591278
0.00549952
0.00518163
0.00481606
0.00529289
0.00524521
0.00435511
0.0038147
0.00376701
0.00352859
0.00356038
0.00359217
0.0041008
0.00376701
0.00378291
0.0037988
0.00316302
0.00346502
0.00332197
0.00336965
0.00303586
0.0032107
0.0032266
0.00316302
0.00308355
0.00325839
0.00290871
0.00308355
0.00313123
0.00306765
0.00300407
0.00330607
0.00354449
0.00354449
0.00314713
0.00336965
0.0029246
0.00352859
0.0032107
0.00295639
0.00311534
0.00333786
0.00295639
0.00346502
0.00367165
0.00327428
0.00313123
0.00336965
0.00340144
0.00343323
0.00343323
0.00373522
0.00427564
0.00383059
0.00391006
0.00335375
0.0043869
0.00441869
0.00419617
0.00489553
0.00489553
0.00551542
0.00535647
0.00529289
0.00561078
0.00640551
0.00638962
0.00640551
0.00708898
0.00742277
0.00769297
0.0073274
0.0085036
0.00874201
0.00844002
0.00826518
0.00799497
0.00893275
0.00910759
0.0100931
0.0101248
0.00972748
0.0105699
0.0118574
0.012811
0.0143051
0.0151316
0.0165304
0.0187397
0.0206153
0.0232697
0.0260989
0.0309785
0.0347614
0.0398636
0.0466188
0.0547886
0.0664393
0.0740528
0.0932217
0.111039
0.136216
0.176907
0.225608
0.291967
0.363652
0.441345
0.50621
0.58349
0.687377
0.817935
0.982269
1.12273
1.22821
1.30011
1.3134
1.27786
1.20678
1.14975
1.12042
1.15824
1.25548
1.42703
1.68179
1.96622
2.23754
2.46612
2.65644
2.74773
2.77877
2.77545
2.76847
2.8471
2.9823
3.14461
3.29318
3.46545
3.61859
3.72853
3.72163
3.58276
3.35789
3.00943
2.65174
2.32164
2.05819
1.92927
1.90303
1.92795
1.90878
1.77903
1.50789
1.1505
0.775925
0.444476
0.223668
0.100104
0.0429948
0.0183423
0.00799497
0.00445048
0.00244776
0.00123978
0.00055631
0.000349681
6.35783e-05
3.17891e-05
4.76837e-05
0
0
1.58946e-05
0
0
0
0
0
0
0
0
0
0
0
0
0
0
0
0
0
0
0
0
0
0
0
0
0
0
0
0
0
0
0
0
0
0
0
0
0
0
0
0
0
0
0
0
0
0
0
0
0
0
