0.0481288
0.00530879
0.00545184
0.00573794
0.00665983
0.00683467
0.00767708
0.00851949
0.0104586
0.0123183
0.0156879
0.0186761
0.0225862
0.0257969
0.0289758
0.0336488
0.0354767
0.0352065
0.0333468
0.0303904
0.0271002
0.0223478
0.0205517
0.0180244
0.0159105
0.0154336
0.0136216
0.0112534
0.00969569
0.00929832
0.00793139
0.00766118
0.00699361
0.00777245
0.00766118
0.00665983
0.00661214
0.00602404
0.00564257
0.00575384
0.00548363
0.00473658
0.00511805
0.0052611
0.00465711
0.00519753
0.00508626
0.00543594
0.00524521
0.00534058
0.0046889
0.0052611
0.00543594
0.00465711
0.00443459
0.00559489
0.00489553
0.00516574
0.00524521
0.00548363
0.00503858
0.00603994
0.00545184
0.00534058
0.00596046
0.00583331
0.00567436
0.00626246
0.00629425
0.00589689
0.00683467
0.00699361
0.00627836
0.00691414
0.00753403
0.00723203
0.00751813
0.00748634
0.00748634
0.00735919
0.00793139
0.00721614
0.0070254
0.00844002
0.00780423
0.00829697
0.00804265
0.00812213
0.00753403
0.00794729
0.00799497
0.00813802
0.00766118
0.00837644
0.00801086
0.00834465
0.0078996
0.00837644
0.00856717
0.0087897
0.00913938
0.0101248
0.0112851
0.0127316
0.0128587
0.0165145
0.0206312
0.02683
0.0333468
0.0446637
0.0578403
0.0744343
0.0937939
0.117826
0.138124
0.16133
0.180769
0.198746
0.219933
0.235383
0.246636
0.261593
0.277408
0.290744
0.31325
0.329812
0.361156
0.406901
0.465139
0.513983
0.562811
0.588655
0.619729
0.669161
0.717592
0.772826
0.848309
0.919565
0.968822
1.03006
1.06689
1.11009
1.1649
1.24178
1.313
1.38605
1.49458
1.62336
1.81681
2.04817
2.25156
2.39177
2.47663
2.57036
2.6329
2.64583
2.62574
2.56983
2.45105
2.30675
2.19744
2.12115
2.02006
1.92393
1.82958
1.7639
1.76128
1.82652
1.96117
2.03772
2.06839
2.04665
1.98309
1.89214
1.80561
1.75581
1.7358
1.78289
1.81222
1.80281
1.67553
1.43938
1.17094
0.935761
0.716337
0.5524
0.441376
0.37926
0.342878
0.313807
0.271559
0.207917
0.142463
0.0915209
0.0549475
0.0327269
0.0197093
0.012668
0.00809034
0.00437101
0.0026385
0.00178019
0.00106494
0.00055631
0.000683467
0.000365575
0.000254313
0.000286102
0.000127157
0.000222524
0.000222524
0.000127157
3.17891e-05
1.58946e-05
6.35783e-05
1.58946e-05
0
0
3.17891e-05
0
0
0
0
0
0
0
0
0
0
0
0
0
0
0
0
0
0
0
0
0
0
0
0
0
0
0
0
0
0
0
0
0
0
0
0
0
