0.0367959
0.00367165
0.00346502
0.00395775
0.00371933
0.00510216
0.00521342
0.00589689
0.00669161
0.00828107
0.0102202
0.0120958
0.014321
0.0163237
0.0182629
0.0195026
0.0229041
0.0240485
0.0250975
0.0251452
0.0241915
0.0221411
0.0213146
0.0191212
0.0188669
0.0163873
0.0159582
0.0147025
0.0148455
0.0147184
0.0128905
0.0126521
0.0116189
0.0107447
0.0102361
0.00952085
0.00917117
0.00861486
0.00875791
0.00758171
0.00812213
0.00665983
0.00685056
0.00640551
0.00648499
0.00618299
0.00621478
0.00635783
0.00640551
0.00619888
0.00618299
0.00599225
0.00549952
0.00610352
0.00575384
0.00529289
0.00600815
0.00600815
0.00594457
0.00578562
0.00626246
0.00546773
0.00575384
0.00629425
0.00564257
0.00545184
0.0055631
0.00557899
0.0061353
0.0061512
0.0061512
0.00608762
0.00596046
0.00624657
0.00642141
0.00646909
0.00607173
0.00653267
0.00627836
0.00683467
0.00651677
0.00627836
0.00638962
0.00680288
0.00759761
0.00718435
0.00693003
0.00708898
0.00716845
0.00710487
0.00699361
0.00726382
0.00758171
0.00863075
0.0082016
0.00837644
0.00945727
0.0111103
0.0129859
0.0167847
0.0218074
0.0274658
0.0389576
0.0525157
0.0700315
0.0885804
0.105508
0.123739
0.13717
0.147788
0.145467
0.148662
0.144307
0.140206
0.146182
0.150617
0.159899
0.178242
0.213178
0.24999
0.293652
0.310437
0.312185
0.291729
0.263437
0.254456
0.264486
0.307226
0.390434
0.480048
0.569201
0.652027
0.725667
0.820128
0.917912
1.01239
1.07139
1.07574
1.05268
1.06349
1.16375
1.33669
1.50056
1.63999
1.71644
1.69005
1.60561
1.53642
1.47854
1.48026
1.51979
1.61276
1.76339
1.93407
2.07283
2.15607
2.13598
2.1258
2.08883
2.03245
1.98849
1.97781
2.00858
2.04954
2.00852
1.97199
1.96176
2.0024
2.02975
2.0278
2.02621
2.05142
2.08646
2.09676
2.06523
2.00275
1.89193
1.76999
1.62094
1.44232
1.2883
1.18635
1.10601
1.02267
0.936365
0.835832
0.743453
0.642459
0.536044
0.441567
0.382106
0.326475
0.273863
0.219584
0.178639
0.145817
0.110229
0.0813802
0.0631332
0.0532309
0.0455062
0.0390371
0.0297228
0.0192006
0.0122229
0.00561078
0.00295639
0.00211398
0.00157356
0.0011603
0.000985463
0.000921885
0.000874201
0.000635783
0.000810623
0.000715256
0.000572205
0.000651677
0.000524521
0.000715256
0.000603994
0.000460943
0.000333786
0.000413259
0.000222524
0.000143051
0.000238419
0.000190735
9.53674e-05
4.76837e-05
9.53674e-05
4.76837e-05
3.17891e-05
3.17891e-05
0
1.58946e-05
1.58946e-05
1.58946e-05
0
0
0
0
0
0
0
0
0
0
0
0
0
0
0
0
0
0
