0.018851
0.0029405
0.00290871
0.0041008
0.00391006
0.00421206
0.00443459
0.0046889
0.00486374
0.00542005
0.00580152
0.00564257
0.00619888
0.00626246
0.00635783
0.00747045
0.00774066
0.00861486
0.00910759
0.0101407
0.01146
0.011905
0.0133197
0.0149727
0.014925
0.0159105
0.0158946
0.0159899
0.0146548
0.0156879
0.0148137
0.0156562
0.0151475
0.0154336
0.0145435
0.0140031
0.01448
0.0131607
0.013415
0.0124931
0.0114123
0.0107447
0.0106176
0.0100931
0.00939369
0.00851949
0.00766118
0.00777245
0.0073115
0.00708898
0.00688235
0.0067393
0.00603994
0.00553131
0.00513395
0.00516574
0.00514984
0.00456174
0.00457764
0.00451406
0.00457764
0.0041008
0.00424385
0.00375112
0.00394185
0.00362396
0.00356038
0.00373522
0.00398954
0.00368754
0.00365575
0.00335375
0.00391006
0.00397364
0.00375112
0.00348091
0.00387828
0.00335375
0.00346502
0.00360807
0.00314713
0.0035127
0.0035127
0.0032107
0.00376701
0.00314713
0.00400543
0.00378291
0.00336965
0.00370344
0.00346502
0.00346502
0.00340144
0.0035127
0.0038147
0.00357628
0.00370344
0.00446637
0.00338554
0.0038147
0.00352859
0.00362396
0.00365575
0.0032107
0.00387828
0.00386238
0.00425975
0.00416438
0.00392596
0.00460943
0.00441869
0.00441869
0.00462532
0.00480016
0.004673
0.00465711
0.00459353
0.00480016
0.00452995
0.00478427
0.00452995
0.00430743
0.00476837
0.00475248
0.00464122
0.00449816
0.00514984
0.00489553
0.00514984
0.00472069
0.00460943
0.004673
0.00484784
0.00486374
0.00460943
0.00476837
0.0052611
0.00491142
0.005277
0.00481606
0.005277
0.00481606
0.00561078
0.00483195
0.00503858
0.00476837
0.00529289
0.00570615
0.00597636
0.00532468
0.00562668
0.00588099
0.00570615
0.00599225
0.00626246
0.00627836
0.00742277
0.00766118
0.00831286
0.0101248
0.0109514
0.0138601
0.0163714
0.0230312
0.0307242
0.0428677
0.0561714
0.0751654
0.093619
0.118097
0.147184
0.205167
0.274897
0.360187
0.450261
0.536664
0.618712
0.651503
0.691986
0.765753
0.884231
1.03059
1.16817
1.28099
1.29488
1.29342
1.26303
1.28398
1.32618
1.39028
1.45831
1.53275
1.63059
1.7704
1.83937
1.84414
1.79833
1.76147
1.73492
1.80432
1.93836
2.1111
2.21793
2.26118
2.33146
2.40205
2.40119
2.35675
2.32169
2.26304
2.16551
2.0799
2.00477
1.90851
1.79332
1.66332
1.52872
1.38539
1.22528
1.05982
0.919676
0.840791
0.825691
0.848103
0.886186
0.874297
0.837088
0.833432
0.899426
1.03922
1.16965
1.43954
1.69665
1.98434
2.08588
1.94081
1.71824
1.50224
1.30798
0.739257
0.389894
0.122865
0.0315348
0.00890096
0.00279744
0.00241597
0.00225703
0.00220935
0.0017643
0.00214577
0.00170072
0.00178019
0.00157356
0.00171661
0.0014623
0.0308514
