0.0149091
0.00200272
0.0020504
0.0026226
0.00268618
0.00289281
0.0029246
0.00260671
0.00282923
0.00314713
0.00341733
0.00290871
0.00425975
0.00445048
0.00567436
0.00716845
0.00853539
0.0101725
0.0129541
0.0146071
0.0157038
0.0159582
0.0172138
0.0175794
0.0185172
0.0167688
0.0172615
0.0164827
0.0156085
0.0148932
0.0144323
0.0134468
0.0119368
0.0120958
0.0101725
0.0090758
0.00883738
0.00807444
0.00788371
0.0073274
0.0067234
0.00700951
0.00678698
0.00658035
0.00521342
0.00537237
0.00516574
0.00562668
0.00478427
0.00462532
0.00449816
0.0043869
0.00448227
0.0043869
0.00446637
0.00363986
0.00427564
0.00398954
0.00356038
0.00362396
0.00368754
0.00373522
0.00357628
0.00406901
0.00357628
0.00344912
0.00306765
0.00360807
0.00418027
0.00352859
0.00354449
0.00378291
0.00387828
0.00419617
0.00341733
0.00400543
0.00457764
0.00452995
0.0049909
0.00505447
0.00464122
0.00445048
0.00456174
0.00432332
0.00435511
0.00405312
0.00375112
0.00363986
0.00402133
0.00368754
0.00367165
0.0032266
0.00346502
0.0037988
0.00336965
0.00344912
0.00333786
0.00349681
0.00375112
0.00349681
0.00327428
0.00343323
0.00327428
0.00375112
0.00384649
0.00297228
0.00349681
0.00344912
0.00349681
0.00357628
0.00341733
0.00419617
0.00375112
0.00349681
0.0040849
0.00367165
0.00384649
0.00394185
0.00503858
0.00481606
0.00549952
0.00758171
0.010999
0.0201861
0.036637
0.0642618
0.0926971
0.116078
0.142654
0.170072
0.194581
0.228278
0.263532
0.289599
0.300821
0.315539
0.329924
0.34612
0.358136
0.374873
0.39115
0.404676
0.405598
0.400639
0.390975
0.394503
0.405836
0.4227
0.434637
0.451628
0.454919
0.491142
0.54272
0.649023
0.771379
0.885868
1.0317
1.17046
1.28279
1.32759
1.32947
1.31423
1.28099
1.27303
1.30701
1.34144
1.36881
1.36914
1.33363
1.33487
1.32593
1.33122
1.33184
1.31078
1.28929
1.30013
1.30688
1.28544
1.27107
1.27923
1.31605
1.38397
1.48005
1.55478
1.55983
1.54184
1.50132
1.51587
1.59356
1.682
1.79666
1.8815
1.96681
2.0381
2.09592
2.2014
2.3778
2.53789
2.70168
2.77365
2.63297
2.40752
2.04832
1.7427
1.52527
1.39526
1.25437
1.0371
0.807953
0.650183
0.520897
0.433572
0.350539
0.297832
0.263309
0.237989
0.222127
0.214958
0.202847
0.180165
0.1513
0.133737
0.118828
0.0950178
0.0782649
0.0643571
0.037845
0.0107924
0.00333786
0.0014782
0.000603994
0.000588099
0.000492732
0.000540415
0.00055631
0.000445048
0.000572205
0.000349681
0.000206629
0.00017484
0.000143051
7.94729e-05
0.000111262
1.58946e-05
1.58946e-05
1.58946e-05
0
0
3.17891e-05
0
0
0
0
0
0
0
