0.00473658
0.000397364
0.000619888
0.000572205
0.000540415
0.000492732
0.000635783
0.000619888
0.000635783
0.000683467
0.000858307
0.000635783
0.000874201
0.000715256
0.000953674
0.000778834
0.000794729
0.000953674
0.000858307
0.000969569
0.000762939
0.000810623
0.00093778
0.00106494
0.0011603
0.000890096
0.00108083
0.00112851
0.00114441
0.00100136
0.00138283
0.00100136
0.00122388
0.00108083
0.00138283
0.000969569
0.00141462
0.00165304
0.0014623
0.00154177
0.00155767
0.00162125
0.00219345
0.00214577
0.00208219
0.00252724
0.00282923
0.00317891
0.00362396
0.0043869
0.00424385
0.004673
0.00491142
0.00524521
0.00511805
0.00522931
0.00561078
0.00557899
0.00492732
0.0052611
0.00537237
0.00521342
0.00532468
0.00537237
0.00483195
0.00522931
0.00524521
0.00535647
0.00519753
0.00521342
0.00534058
0.00532468
0.00505447
0.00494321
0.00476837
0.00503858
0.00503858
0.00452995
0.00462532
0.00475248
0.00472069
0.00422796
0.00473658
0.0052611
0.00452995
0.00459353
0.00507037
0.00452995
0.00494321
0.00445048
0.00448227
0.00394185
0.00359217
0.00398954
0.00392596
0.00392596
0.00360807
0.00371933
0.00346502
0.00416438
0.0035127
0.00332197
0.00360807
0.00367165
0.00325839
0.00365575
0.00333786
0.00386238
0.00344912
0.00384649
0.00324249
0.00303586
0.00303586
0.00308355
0.00329018
0.00341733
0.00327428
0.00327428
0.00278155
0.0032107
0.00295639
0.00298818
0.00295639
0.00305176
0.00282923
0.00273387
0.00273387
0.00251134
0.00290871
0.00254313
0.00219345
0.00243187
0.0023524
0.00243187
0.00230471
0.00249545
0.00255903
0.00232061
0.00212987
0.00217756
0.00224113
0.00216166
0.0023524
0.0023365
0.00216166
0.00227292
0.00187556
0.00238419
0.00193914
0.00228882
0.00197093
0.00200272
0.00208219
0.00243187
0.00211398
0.00230471
0.00216166
0.00232061
0.00211398
0.00219345
0.00230471
0.0023365
0.00208219
0.00219345
0.00220935
0.00236829
0.00220935
0.00201861
0.00249545
0.00257492
0.00232061
0.00244776
0.00217756
0.00249545
0.00222524
0.00220935
0.00222524
0.00228882
0.00255903
0.00240008
0.00271797
0.00274976
0.00252724
0.00287692
0.00236829
0.00284513
0.00298818
0.00367165
0.00397364
0.0041008
0.00491142
0.00607173
0.00685056
0.00804265
0.00867844
0.00893275
0.00956853
0.0105858
0.0115554
0.0125885
0.0133673
0.0165462
0.0161807
0.0145594
0.0164827
0.0170708
0.0193755
0.0225385
0.026226
0.0342051
0.0450452
0.0648975
0.0845909
0.102886
0.126266
0.153033
0.181087
0.210142
0.247161
0.288232
0.337362
0.376415
0.400575
0.432158
0.460911
0.483974
0.546328
0.633764
0.787322
1.06401
1.27711
1.59734
1.79585
1.9848
2.13812
2.47261
3.15757
3.60753
4.20629
4.13715
4.07623
4.35527
4.71148
5.01488
5.10907
5.05457
4.44047
3.88354
4.03703
4.14157
4.1035
3.2403
2.399
1.62563
1.33777
8.23935
