0.012509
0.00168482
0.00166893
0.00222524
0.00203451
0.00181198
0.00212987
0.00243187
0.00247955
0.00313123
0.00284513
0.00311534
0.00416438
0.00460943
0.00535647
0.00693003
0.00983874
0.0126839
0.016737
0.0193596
0.0218391
0.021712
0.0196457
0.0178973
0.0154336
0.0138124
0.0129382
0.0122547
0.0106176
0.00912348
0.00710487
0.00654856
0.00629425
0.0061512
0.0061353
0.00594457
0.00559489
0.00495911
0.00491142
0.00433922
0.00371933
0.00376701
0.00429153
0.00359217
0.00386238
0.00333786
0.00416438
0.0037988
0.00371933
0.00349681
0.00370344
0.00290871
0.00308355
0.00330607
0.0032107
0.00290871
0.00319481
0.00300407
0.00282923
0.00289281
0.00300407
0.00268618
0.00278155
0.00249545
0.00273387
0.00284513
0.00230471
0.00273387
0.0029405
0.00290871
0.00273387
0.00298818
0.00247955
0.00311534
0.00286102
0.00228882
0.00222524
0.00257492
0.0026385
0.0026385
0.00243187
0.00244776
0.0026385
0.00267029
0.00267029
0.00278155
0.00271797
0.00267029
0.00259082
0.00276566
0.00252724
0.0032266
0.00271797
0.00305176
0.00311534
0.00327428
0.00330607
0.00352859
0.00441869
0.00532468
0.00573794
0.00712077
0.00893275
0.0104586
0.0131448
0.0154495
0.0168641
0.0190417
0.0204086
0.0216961
0.0272274
0.0322819
0.0399748
0.051101
0.0655651
0.0847975
0.108449
0.138903
0.167608
0.183614
0.192054
0.176716
0.165749
0.156927
0.146341
0.155656
0.18177
0.234127
0.283782
0.322008
0.332816
0.3335
0.330114
0.329081
0.331831
0.337617
0.347916
0.355911
0.353305
0.367053
0.377782
0.389798
0.386953
0.386953
0.373491
0.383488
0.414626
0.466347
0.531387
0.596746
0.650263
0.723584
0.779963
0.834735
0.890319
0.952101
1.05395
1.15161
1.22493
1.24227
1.25829
1.30814
1.42029
1.56682
1.6949
1.79024
1.83482
1.849
1.79946
1.77029
1.67564
1.56687
1.4998
1.47661
1.47068
1.45694
1.44191
1.41203
1.4146
1.45969
1.47899
1.45928
1.4482
1.44215
1.39728
1.39066
1.40629
1.44327
1.49597
1.59197
1.71331
1.81675
1.97145
2.06107
2.03409
1.9577
1.84013
1.74699
1.72141
1.71156
1.60391
1.44585
1.27346
1.18531
1.20718
1.18415
1.09153
0.935443
0.819254
0.730069
0.673278
0.615231
0.565783
0.505861
0.433
0.326109
0.178607
0.0816822
0.0338554
0.0109037
0.00329018
0.0014623
0.00038147
0.000206629
6.35783e-05
1.58946e-05
0
0
0
0
0
0
0
0
0
0
0
0
0
0
0
0
0
0
0
0
0
0
0
0
0
0
0
0
0
0
