0.00616709
0.00112851
0.00150998
0.00160535
0.00157356
0.00173251
0.00152588
0.00179609
0.00179609
0.00212987
0.00225703
0.00278155
0.00254313
0.00278155
0.00363986
0.0040849
0.00483195
0.00540415
0.00623067
0.00724792
0.00958443
0.010697
0.0108401
0.0108401
0.0105063
0.0105858
0.0100136
0.00955264
0.00956853
0.00925064
0.00793139
0.00712077
0.0070413
0.00600815
0.00449816
0.00473658
0.00457764
0.00360807
0.00394185
0.00383059
0.00298818
0.00341733
0.00352859
0.00314713
0.00329018
0.00421206
0.00661214
0.00886917
0.0150204
0.0275453
0.0473658
0.0834147
0.138601
0.216277
0.308959
0.403833
0.508706
0.585032
0.642077
0.671021
0.685549
0.682386
0.668351
0.652822
0.624084
0.605075
0.580533
0.568851
0.554371
0.540257
0.523488
0.502634
0.48453
0.483799
0.483783
0.489028
0.484657
0.4776
0.482861
0.499582
0.505304
0.514634
0.519164
0.519896
0.516876
0.516637
0.519164
0.511376
0.501919
0.48337
0.469001
0.445747
0.437641
0.424004
0.414387
0.403357
0.398604
0.402149
0.393581
0.382519
0.378577
0.379912
0.381295
0.381708
0.371552
0.360107
0.346311
0.344451
0.338443
0.33892
0.337664
0.34035
0.341606
0.33919
0.338666
0.337251
0.334994
0.336456
0.344753
0.339524
0.344022
0.347233
0.355959
0.352367
0.340621
0.324869
0.315221
0.308482
0.303459
0.308355
0.304572
0.306988
0.307798
0.309674
0.302617
0.309674
0.311438
0.317574
0.325012
0.327873
0.325886
0.31991
0.307671
0.302156
0.296831
0.3009
0.307687
0.329622
0.366577
0.392294
0.411987
0.438499
0.446987
0.474691
0.510089
0.600974
0.750478
0.9209
1.10621
1.24189
1.33468
1.37293
1.36353
1.30876
1.22196
1.15077
1.1076
1.09962
1.09529
1.09808
1.14614
1.22018
1.28692
1.31006
1.30391
1.28458
1.22708
1.20837
1.18917
1.19777
1.18779
1.18294
1.17623
1.18033
1.17623
1.14527
1.12878
1.1349
1.15689
1.14814
1.14551
1.17621
1.22983
1.28735
1.27287
1.21325
1.13236
1.02957
0.910807
0.797796
0.705528
0.619761
0.549873
0.476869
0.420252
0.377528
0.339047
0.302219
0.253455
0.198062
0.151952
0.111771
0.0844638
0.0682036
0.0531038
0.0400384
0.0278632
0.0167211
0.00928243
0.00588099
0.00278155
0.00127157
0.000445048
0.000222524
0.000127157
3.17891e-05
3.17891e-05
0
0
0
0
0
0
0
0
0
0
0
0
0
0
0
0
0
0
0
0
0
0
0
0
0
0
0
0
0
