0.0275135
0.00247955
0.00259082
0.00270208
0.00259082
0.00301997
0.00311534
0.00371933
0.00437101
0.00422796
0.00492732
0.00578562
0.00646909
0.00751813
0.00890096
0.00983874
0.0111421
0.0127951
0.0148932
0.0157674
0.016133
0.0164668
0.0158946
0.0169118
0.0158628
0.0151952
0.0149886
0.0142415
0.0145276
0.0138601
0.0133355
0.0127316
0.0128746
0.0115077
0.0109196
0.0109037
0.00955264
0.00964801
0.0093619
0.00871023
0.00783602
0.00853539
0.00770887
0.00739098
0.00662804
0.00621478
0.00661214
0.00588099
0.00623067
0.00578562
0.00578562
0.00581741
0.0058651
0.00503858
0.00554721
0.00524521
0.00514984
0.00486374
0.00459353
0.00494321
0.0046889
0.00475248
0.00462532
0.00449816
0.00480016
0.00425975
0.00418027
0.00422796
0.00403722
0.0043869
0.0037988
0.0041008
0.00365575
0.00416438
0.00383059
0.00349681
0.00475248
0.0041008
0.00397364
0.00445048
0.00411669
0.0040849
0.00400543
0.00432332
0.00424385
0.00413259
0.00405312
0.00443459
0.00392596
0.00489553
0.00483195
0.00513395
0.00475248
0.00516574
0.00518163
0.00500679
0.0049909
0.00487963
0.00535647
0.00548363
0.00573794
0.00581741
0.00597636
0.00677109
0.0061353
0.00616709
0.0061353
0.00713666
0.0070413
0.00748634
0.00748634
0.00801086
0.00834465
0.00724792
0.00742277
0.00816981
0.00796318
0.00742277
0.00805855
0.00844002
0.00834465
0.00829697
0.00813802
0.00847181
0.00929832
0.00875791
0.00890096
0.00871023
0.00899633
0.00955264
0.00953674
0.0102679
0.0106176
0.011158
0.0139395
0.0150839
0.019296
0.0248114
0.0289758
0.0345866
0.0463327
0.0614166
0.0854015
0.122992
0.174999
0.236352
0.290744
0.331179
0.375859
0.406726
0.418758
0.436481
0.453488
0.475995
0.521119
0.588719
0.69054
0.841777
0.977294
1.12456
1.28171
1.40955
1.50409
1.59928
1.6521
1.77693
1.93739
2.10897
2.27211
2.42786
2.61626
2.89083
3.0968
3.32125
3.49394
3.72394
3.88969
3.98695
3.99995
3.99326
3.90884
3.76474
3.47958
3.13773
2.7269
2.36052
2.06653
1.82042
1.59998
1.35845
1.13381
0.936619
0.797208
0.713364
0.62534
0.549459
0.450977
0.356436
0.262308
0.196807
0.150855
0.11851
0.0976721
0.0845114
0.0737508
0.0644048
0.0571092
0.0544866
0.0467936
0.0393073
0.0371774
0.0361602
0.0370344
0.0387033
0.038592
0.0365575
0.0356038
0.0327269
0.0340303
0.0370185
0.0392119
0.0442028
0.0509103
0.0507832
0.0568867
0.0619253
0.0710805
0.0777721
0.0817776
0.0873566
0.107336
0.120465
0.129906
0.134118
0.165304
0.175031
0.177765
0.166782
0.159105
0.141271
0.115554
0.105079
0.0950813
0.0857353
0.082922
0.0805696
0.0807126
0.0798384
0.0814279
0.0725587
0.0723839
0.0712077
0.0643412
0.0912984
0.047191
0.50834
