0.0356197
0.00433922
0.00519753
0.00530879
0.00537237
0.00548363
0.00659625
0.00751813
0.0101566
0.0122706
0.0152906
0.0197093
0.0261148
0.0285625
0.0322183
0.0363668
0.0408808
0.0407378
0.0386079
0.0339349
0.0307719
0.0272751
0.0243505
0.0209649
0.0188033
0.0159423
0.0153065
0.0122706
0.0101248
0.00950495
0.0090917
0.00788371
0.00842412
0.00799497
0.0073115
0.00762939
0.00683467
0.00638962
0.00567436
0.0058492
0.00581741
0.00570615
0.00561078
0.00551542
0.00543594
0.00495911
0.00530879
0.00619888
0.00511805
0.00472069
0.00503858
0.00538826
0.0049909
0.00513395
0.00537237
0.00535647
0.00543594
0.0058492
0.00589689
0.00554721
0.00581741
0.00546773
0.00603994
0.0058492
0.00664393
0.00607173
0.0067234
0.00653267
0.00669161
0.00683467
0.00654856
0.00707308
0.00626246
0.00759761
0.00656446
0.00734329
0.00707308
0.00689824
0.00742277
0.00753403
0.00718435
0.00708898
0.00712077
0.00802676
0.00782013
0.00759761
0.00764529
0.00813802
0.00774066
0.00748634
0.00783602
0.00734329
0.00788371
0.00762939
0.00788371
0.0082016
0.00839233
0.00880559
0.00815392
0.00923475
0.00904401
0.00979106
0.0099659
0.0105858
0.0116825
0.0111262
0.012366
0.0129223
0.0139395
0.0149727
0.015529
0.0186443
0.0217915
0.0280221
0.0376383
0.0489394
0.0654062
0.0862281
0.1067
0.130351
0.152731
0.180801
0.210126
0.236162
0.271702
0.314458
0.375175
0.439231
0.476519
0.510597
0.526396
0.55294
0.582425
0.624784
0.676537
0.749795
0.820637
0.878127
0.930309
0.978772
1.08377
1.23083
1.39818
1.59353
1.75621
1.83765
1.83412
1.77083
1.66799
1.57882
1.4708
1.37281
1.28473
1.2523
1.26847
1.30776
1.3391
1.34856
1.3618
1.37558
1.42967
1.56082
1.70759
1.92808
2.18043
2.45063
2.68849
2.84149
2.91225
2.86194
2.74363
2.62122
2.50424
2.42693
2.38611
2.32234
2.25878
2.20903
2.15526
2.08817
1.99046
1.8803
1.72995
1.52019
1.26095
1.0517
0.863647
0.674454
0.477505
0.322294
0.214481
0.142034
0.0934919
0.0617663
0.0362396
0.0199159
0.00831286
0.00387828
0.00208219
0.00120799
0.000810623
0.000651677
0.000508626
0.000254313
0.000143051
0.000143051
0.000127157
0.00017484
1.58946e-05
4.76837e-05
7.94729e-05
3.17891e-05
3.17891e-05
1.58946e-05
0
0
3.17891e-05
1.58946e-05
0
0
0
0
0
0
0
0
0
0
0
0
0
0
0
0
0
0
0
0
0
0
0
0
0
0
0
0
0
0
0
0
0
0
0
0
0
0
