0.00507037
0.00220935
0.00295639
0.00432332
0.00429153
0.00576973
0.00727971
0.00766118
0.0106017
0.0135899
0.0172456
0.0212193
0.0280698
0.033172
0.0364145
0.0383377
0.0392596
0.0370979
0.0363827
0.0367165
0.037384
0.0357151
0.0334263
0.0327428
0.031964
0.0315189
0.0334899
0.0336488
0.0345548
0.0358582
0.0351429
0.0346979
0.0316143
0.0293255
0.0252247
0.0227451
0.0191053
0.0171979
0.0154495
0.0141303
0.0122706
0.0121752
0.0111898
0.0106494
0.00999769
0.00945727
0.00867844
0.00745455
0.00844002
0.00729561
0.00770887
0.00751813
0.00754992
0.00713666
0.00762939
0.00724792
0.00708898
0.0073115
0.00694593
0.00751813
0.00691414
0.00664393
0.00700951
0.00753403
0.0070254
0.00786781
0.00721614
0.0073274
0.00754992
0.00770887
0.00801086
0.00837644
0.00783602
0.00824928
0.00842412
0.00826518
0.00831286
0.00917117
0.00883738
0.00985463
0.00929832
0.00955264
0.0103792
0.00947316
0.010554
0.0105063
0.0105222
0.0104268
0.0109673
0.0118732
0.010856
0.0113805
0.011762
0.0123342
0.01146
0.0117461
0.0117302
0.0124931
0.0107765
0.0117461
0.0113805
0.012668
0.0130177
0.0130018
0.0128746
0.0130177
0.0133038
0.0132402
0.0147025
0.0137329
0.0143051
0.0152747
0.0174363
0.0174522
0.0208696
0.0247161
0.0319481
0.04131
0.0532468
0.0701745
0.0903765
0.111739
0.135835
0.160885
0.197109
0.241232
0.30365
0.388845
0.480588
0.586573
0.719802
0.882864
1.02002
1.12888
1.16318
1.13271
1.09057
1.0571
1.05812
1.07694
1.14334
1.21897
1.25863
1.23941
1.19685
1.1675
1.17987
1.2277
1.31052
1.40928
1.53753
1.72429
1.89058
2.00288
2.0438
2.05836
2.05682
2.07853
2.1114
2.13612
2.10187
2.0306
1.9609
1.89986
1.81918
1.7131
1.5526
1.34981
1.22894
1.18343
1.18998
1.19812
1.18736
1.17879
1.17931
1.17423
1.14299
1.11109
1.08285
1.12507
1.24335
1.4008
1.51672
1.53255
1.48714
1.40335
1.26791
1.1124
0.958157
0.865952
0.838312
0.824769
0.83731
0.858768
0.874456
0.87533
0.820367
0.711854
0.577227
0.484959
0.418774
0.374953
0.353543
0.338872
0.332435
0.320673
0.295512
0.230249
0.161711
0.117207
0.0923634
0.0838916
0.079298
0.0781059
0.0861804
0.102011
0.113567
0.116555
0.112247
0.0913461
0.0711918
0.0532468
0.0353177
0.0240962
0.0161648
0.0108083
0.00487963
0.00249545
0.000810623
0.000460943
0.000143051
0.000127157
3.17891e-05
3.17891e-05
1.58946e-05
0
0
0
0
0
0
0
0
0
0
0
0
0
0
0
0
0
0
0
0
0
