0
3.17891e-05
0
4.76837e-05
0.000317891
0.000572205
0.00152588
0.00308355
0.00548363
0.00901222
0.0142256
0.0196616
0.0249545
0.0254631
0.0246525
0.0233809
0.0209173
0.0214418
0.0213623
0.0215054
0.0217279
0.0210603
0.0203927
0.0204086
0.0172297
0.0173887
0.0165939
0.0172138
0.0159264
0.0154018
0.014178
0.0132561
0.012207
0.0115554
0.0104268
0.0101884
0.00979106
0.0084877
0.00770887
0.00696182
0.00677109
0.00607173
0.00565847
0.00472069
0.00495911
0.00545184
0.00476837
0.00472069
0.00516574
0.00529289
0.00487963
0.00449816
0.00433922
0.00425975
0.00437101
0.00421206
0.00425975
0.00402133
0.00411669
0.00392596
0.00449816
0.00454585
0.00457764
0.00389417
0.00422796
0.00357628
0.00357628
0.00441869
0.00441869
0.00425975
0.00416438
0.00392596
0.00363986
0.00413259
0.00414848
0.00392596
0.00435511
0.00437101
0.00445048
0.00459353
0.00424385
0.00421206
0.00406901
0.00371933
0.00425975
0.0044028
0.00489553
0.00448227
0.00430743
0.00451406
0.00448227
0.0040849
0.00462532
0.004975
0.00511805
0.00529289
0.0049909
0.00529289
0.00551542
0.00516574
0.00521342
0.00600815
0.00588099
0.00632604
0.00658035
0.00603994
0.00693003
0.00667572
0.00712077
0.00742277
0.00777245
0.00836054
0.00829697
0.00797908
0.00901222
0.00851949
0.00853539
0.00945727
0.00918706
0.00960032
0.0107606
0.00963211
0.0109673
0.00960032
0.0112534
0.0123342
0.012064
0.0125885
0.0136693
0.014178
0.0146548
0.0163873
0.0200272
0.0244617
0.0315189
0.0476837
0.0795682
0.132449
0.222222
0.341256
0.494798
0.685469
0.91176
1.14752
1.38261
1.59489
1.75759
1.84882
1.9074
1.94238
1.99844
2.06943
2.14194
2.22729
2.25949
2.2579
2.2257
2.17695
2.11771
2.0843
2.0703
2.06949
2.02354
1.95731
1.9091
1.82398
1.7516
1.70574
1.65904
1.60467
1.58701
1.57797
1.54295
1.47622
1.38493
1.31275
1.26994
1.24245
1.23831
1.26309
1.2826
1.30065
1.34125
1.35512
1.3082
1.22034
1.14373
1.08808
1.05435
1.06238
1.10668
1.20697
1.24731
1.23269
1.22611
1.21196
1.18012
1.12619
1.03777
0.959078
0.902176
0.868193
0.821718
0.755103
0.656907
0.548204
0.457144
0.390816
0.340478
0.296481
0.231647
0.164938
0.0938098
0.0467936
0.0201225
0.00756582
0.00357628
0.0017484
0.000953674
0.000301997
0.000143051
3.17891e-05
0
1.58946e-05
1.58946e-05
0
0
0
0
0
0
0
0
0
0
0
0
0
0
0
0
0
0
0
0
0
0
0
0
0
0
0
0
0
0
0
