0.0265757
0.00206629
0.00189145
0.00190735
0.00208219
0.00222524
0.0023524
0.00265439
0.00247955
0.00252724
0.00300407
0.00311534
0.00309944
0.00340144
0.00368754
0.00416438
0.00459353
0.00513395
0.0064532
0.00737508
0.00842412
0.00991821
0.011905
0.013574
0.0155131
0.017643
0.0194867
0.0208855
0.0237783
0.0247955
0.0253518
0.0275135
0.0271161
0.0285467
0.0265439
0.0259876
0.0243187
0.0230312
0.0204404
0.0180244
0.0163237
0.0154336
0.0128905
0.0113805
0.0116666
0.0105381
0.00961622
0.00925064
0.00799497
0.00713666
0.00745455
0.00705719
0.00678698
0.00638962
0.00596046
0.00618299
0.00562668
0.0058492
0.00572205
0.00551542
0.00529289
0.004975
0.00514984
0.00486374
0.00508626
0.00464122
0.0046889
0.00449816
0.0044028
0.00406901
0.00422796
0.00491142
0.00486374
0.0052611
0.00435511
0.00414848
0.0043869
0.00446637
0.00459353
0.00422796
0.00411669
0.00363986
0.00419617
0.00480016
0.00446637
0.00445048
0.00432332
0.00459353
0.00457764
0.00406901
0.00495911
0.0049909
0.00475248
0.00460943
0.00495911
0.00511805
0.00489553
0.00484784
0.00524521
0.00529289
0.00507037
0.00535647
0.00494321
0.00551542
0.00537237
0.0061512
0.00573794
0.00578562
0.00578562
0.00618299
0.00599225
0.00669161
0.0067234
0.00616709
0.00656446
0.00693003
0.00697772
0.00743866
0.00708898
0.00762939
0.00786781
0.00804265
0.00753403
0.00863075
0.00824928
0.00837644
0.0090758
0.0084877
0.00958443
0.00882149
0.00939369
0.00971158
0.0102361
0.0106812
0.0102202
0.0100772
0.0109514
0.0113964
0.0113805
0.0118574
0.0128269
0.0133355
0.0138601
0.0157197
0.0170708
0.0186284
0.0220299
0.0237624
0.0291506
0.0384331
0.0468254
0.0542005
0.061353
0.0675678
0.0682354
0.0744502
0.079298
0.0852744
0.0868797
0.0952085
0.0991186
0.111469
0.127872
0.148598
0.180006
0.215546
0.254043
0.289313
0.327651
0.37543
0.42127
0.482321
0.536235
0.584221
0.629791
0.665124
0.718546
0.774177
0.812451
0.842651
0.844065
0.860151
0.878668
0.846624
0.803407
0.729624
0.631889
0.58802
0.575431
0.59131
0.633669
0.685374
0.775782
0.909615
1.02563
1.07557
1.07091
1.01635
0.997591
1.00931
1.02482
1.03361
1.06192
1.13114
1.25326
1.43693
1.61301
1.7324
1.72108
1.71275
1.66742
1.59367
1.57127
1.63016
1.67543
1.74146
1.82851
1.97349
2.28661
2.68087
2.93042
3.23853
3.40034
3.37456
3.51216
3.55288
3.35701
3.21687
2.99961
2.45943
1.62748
1.17531
0.932296
0.90243
0.702127
0.569805
0.520372
0.537364
0.497246
0.415405
0.298977
0.134055
0.0209332
0.0035127
0.000762939
0.000492732
0.000492732
0.000254313
0.000270208
0.000254313
0.000206629
0.000158946
1.58946e-05
7.94729e-05
3.17891e-05
6.35783e-05
