0.0157038
0.00329018
0.0035127
0.00354449
0.00391006
0.00425975
0.00475248
0.00513395
0.00549952
0.00594457
0.00705719
0.00839233
0.00875791
0.00942548
0.0107606
0.0116825
0.0135104
0.014623
0.0145276
0.015831
0.0159105
0.0142892
0.0153065
0.0160535
0.0155131
0.0162284
0.017039
0.0164668
0.0177066
0.0173887
0.0200272
0.0200748
0.0202974
0.0210603
0.0201861
0.0192483
0.017341
0.0182788
0.0169118
0.0176271
0.0155767
0.014623
0.0137329
0.0126521
0.0124296
0.0120958
0.0105063
0.00998179
0.0100931
0.00859896
0.00920296
0.00885328
0.00831286
0.00812213
0.00832876
0.00707308
0.00751813
0.00756582
0.00670751
0.00747045
0.00700951
0.00740687
0.00697772
0.00691414
0.00691414
0.00634193
0.00618299
0.00677109
0.00638962
0.00662804
0.00656446
0.0064532
0.00618299
0.00623067
0.00638962
0.00596046
0.00642141
0.00640551
0.00721614
0.00680288
0.00656446
0.00648499
0.00632604
0.00651677
0.00700951
0.00646909
0.00766118
0.00680288
0.00705719
0.00724792
0.00769297
0.00785192
0.00829697
0.00801086
0.00797908
0.00901222
0.00940959
0.0110785
0.01297
0.0152429
0.0215848
0.0311057
0.0474135
0.0754674
0.122341
0.181834
0.252517
0.327826
0.386794
0.424719
0.442616
0.428534
0.40431
0.369644
0.3455
0.320991
0.304445
0.301806
0.299295
0.299994
0.301536
0.304683
0.304317
0.293636
0.285959
0.283543
0.283416
0.274754
0.27221
0.266631
0.27771
0.292889
0.318845
0.36548
0.44179
0.573889
0.770267
0.959762
1.12534
1.30274
1.45664
1.54943
1.56967
1.54131
1.48722
1.41999
1.3783
1.35729
1.34557
1.34853
1.35565
1.37491
1.38359
1.3937
1.36442
1.36808
1.38226
1.38343
1.38446
1.37011
1.36129
1.35107
1.33724
1.32456
1.30882
1.31329
1.32128
1.32627
1.32195
1.30954
1.29368
1.24758
1.20064
1.17788
1.15803
1.14743
1.10992
1.09631
1.07724
1.06425
1.08501
1.10238
1.12847
1.13195
1.13317
1.08183
1.00924
0.952625
0.888411
0.815741
0.763973
0.722679
0.691223
0.674756
0.662676
0.637023
0.631285
0.603724
0.579198
0.569677
0.565672
0.563876
0.558472
0.547425
0.529877
0.512743
0.485961
0.463724
0.46401
0.486867
0.499074
0.504812
0.491603
0.470034
0.444523
0.445557
0.445271
0.443776
0.424751
0.40768
0.373967
0.335646
0.321245
0.300837
0.280158
0.260448
0.252883
0.240835
0.223478
0.219822
0.203625
0.201448
0.187699
0.175603
0.152715
0.13032
0.119321
0.124566
0.115871
0.0992775
0.0810146
0.0662804
0.0497977
0.0300407
0.0193278
0.014623
0.0101089
0.00689824
0.00370344
0.00166893
0.000890096
0.000619888
0.00055631
0.000413259
0.000397364
0.00179609
