0.0106812
0.0011603
0.00103315
0.00101725
0.00165304
0.00163714
0.00198682
0.00189145
0.00185966
0.00252724
0.00209808
0.00244776
0.00240008
0.00284513
0.0029246
0.0032107
0.00297228
0.0029405
0.00295639
0.00311534
0.00371933
0.00329018
0.00371933
0.0035127
0.00362396
0.00360807
0.00356038
0.00370344
0.00368754
0.00402133
0.00406901
0.00395775
0.00441869
0.00476837
0.00519753
0.00519753
0.00514984
0.00545184
0.00599225
0.00694593
0.00772476
0.00737508
0.00677109
0.00828107
0.00813802
0.0082016
0.00747045
0.00869433
0.00912348
0.00886917
0.00871023
0.00869433
0.00810623
0.00824928
0.00745455
0.00786781
0.0079155
0.00745455
0.0067393
0.00726382
0.00713666
0.00599225
0.00642141
0.00713666
0.00697772
0.00707308
0.00594457
0.0064373
0.00561078
0.00557899
0.00540415
0.00540415
0.00534058
0.00500679
0.00530879
0.00433922
0.00470479
0.00449816
0.00473658
0.00424385
0.0041008
0.00416438
0.00416438
0.00373522
0.00376701
0.00360807
0.00346502
0.00375112
0.00335375
0.00397364
0.00343323
0.00359217
0.00341733
0.00327428
0.0032266
0.00367165
0.00356038
0.00313123
0.00333786
0.00343323
0.00330607
0.00330607
0.0026226
0.00286102
0.00301997
0.00362396
0.00297228
0.00303586
0.00335375
0.00329018
0.0029405
0.00344912
0.00376701
0.00383059
0.00360807
0.00359217
0.00313123
0.00314713
0.00375112
0.00314713
0.00344912
0.0032266
0.00348091
0.00386238
0.00346502
0.00387828
0.00352859
0.00387828
0.00367165
0.00395775
0.00441869
0.00433922
0.00365575
0.00427564
0.0041008
0.00386238
0.00435511
0.00486374
0.00521342
0.00592868
0.00782013
0.011762
0.0195344
0.0309944
0.0461578
0.0671387
0.0923157
0.124788
0.164938
0.200891
0.237767
0.266107
0.275787
0.270732
0.281143
0.304635
0.318893
0.338697
0.388034
0.457811
0.520547
0.599639
0.670926
0.70796
0.688553
0.656255
0.618283
0.611273
0.621382
0.640011
0.646114
0.66131
0.679096
0.690031
0.668001
0.658687
0.652854
0.653776
0.655635
0.672944
0.695197
0.714334
0.712729
0.727002
0.736094
0.713778
0.690158
0.638723
0.6018
0.587924
0.582329
0.585938
0.572268
0.586669
0.580994
0.578197
0.576576
0.579786
0.583363
0.564559
0.556326
0.561714
0.560474
0.55968
0.584237
0.624069
0.663265
0.701602
0.694895
0.690492
0.669591
0.674025
0.694561
0.726859
0.769854
0.817633
0.838327
0.848039
0.837167
0.810496
0.791121
0.772715
0.758791
0.749477
0.804853
0.851043
0.878096
0.933949
0.985861
1.07519
1.10838
1.20548
1.32085
1.40009
1.32017
1.33192
1.43827
1.56384
1.54184
1.40767
1.26038
1.16113
1.11966
1.2293
1.29094
1.34684
1.39931
1.49398
1.57849
1.54673
1.53661
1.41083
1.33546
1.26535
1.22058
13.5612
