0.0173728
0.00230471
0.00254313
0.00270208
0.00297228
0.00314713
0.00359217
0.00395775
0.00430743
0.00470479
0.00559489
0.00799497
0.00880559
0.00971158
0.0124454
0.0143051
0.0161807
0.0183741
0.0173728
0.0166734
0.0150045
0.012366
0.0113964
0.010554
0.0103792
0.0100772
0.00955264
0.00815392
0.00794729
0.00689824
0.00748634
0.00693003
0.00677109
0.0067393
0.00619888
0.00634193
0.00607173
0.00619888
0.00611941
0.00638962
0.00689824
0.00599225
0.00608762
0.0064532
0.00662804
0.00743866
0.00648499
0.00602404
0.00596046
0.00618299
0.00581741
0.00599225
0.00554721
0.00529289
0.00513395
0.005277
0.00513395
0.0055631
0.00580152
0.00751813
0.00804265
0.0102202
0.0125885
0.0153383
0.0189145
0.0236511
0.0286261
0.0361602
0.0465234
0.056982
0.0709693
0.0781218
0.0921249
0.107876
0.124931
0.143512
0.164652
0.189225
0.213957
0.238323
0.26377
0.28499
0.307147
0.330305
0.35305
0.37179
0.402435
0.432762
0.457509
0.486231
0.508849
0.523647
0.525284
0.533772
0.552066
0.561651
0.557534
0.544087
0.512441
0.495768
0.482575
0.470893
0.46258
0.462421
0.457128
0.456206
0.452773
0.456874
0.462627
0.475566
0.484705
0.479619
0.487502
0.487375
0.488806
0.492859
0.507847
0.512759
0.523392
0.53374
0.544135
0.548601
0.575447
0.613769
0.650819
0.701189
0.767279
0.817394
0.849215
0.856908
0.872231
0.910107
0.989978
1.06541
1.13033
1.19537
1.23781
1.28328
1.31609
1.3706
1.37811
1.34524
1.28813
1.23135
1.16771
1.09167
1.004
0.917308
0.858943
0.799847
0.728782
0.659641
0.638533
0.638962
0.66363
0.71818
0.751956
0.754356
0.744549
0.717354
0.738319
0.792599
0.869846
0.919008
0.946188
0.955391
0.947444
0.923999
0.912619
0.902494
0.929753
0.959333
0.980679
0.983413
0.986179
0.986099
0.952228
0.929864
0.901
0.896041
0.88129
0.887791
0.879161
0.870196
0.862122
0.823466
0.804281
0.796398
0.786384
0.765896
0.746409
0.751416
0.755278
0.740846
0.728623
0.717338
0.694656
0.662518
0.629361
0.597239
0.592089
0.59816
0.6066
0.627311
0.643841
0.644286
0.603215
0.563049
0.485293
0.417535
0.37063
0.338809
0.3088
0.292508
0.278505
0.25204
0.220172
0.184298
0.146834
0.128603
0.10697
0.0984828
0.0959714
0.0847022
0.072209
0.0564734
0.0429471
0.033776
0.025177
0.0223955
0.0202974
0.0196616
0.0139395
0.00929832
0.00697772
0.00432332
0.00316302
0.00138283
0.000683467
0.00055631
0.000301997
0.000238419
0.000206629
0.000190735
0.000206629
0.000143051
0.000238419
0.000127157
0.000158946
7.94729e-05
9.53674e-05
9.53674e-05
7.94729e-05
9.53674e-05
0.000127157
0.000349681
