0.0117938
0.00157356
0.00195503
0.00143051
0.00154177
0.00160535
0.00198682
0.00158946
0.00181198
0.00163714
0.00171661
0.00162125
0.00217756
0.00181198
0.00197093
0.00168482
0.00222524
0.00267029
0.00273387
0.00286102
0.00297228
0.00357628
0.00395775
0.00491142
0.00546773
0.00608762
0.00710487
0.00858307
0.00985463
0.0106494
0.0110626
0.0111262
0.0111739
0.0121593
0.0117302
0.0130018
0.0124613
0.0125249
0.0117461
0.0119368
0.0108401
0.0102202
0.0100136
0.00983874
0.0099659
0.00923475
0.00945727
0.00880559
0.00891685
0.00743866
0.00758171
0.00691414
0.00654856
0.00659625
0.00664393
0.00637372
0.00597636
0.00580152
0.00549952
0.00545184
0.00510216
0.00513395
0.004975
0.00487963
0.0044028
0.00456174
0.00464122
0.00416438
0.00414848
0.00435511
0.00437101
0.00383059
0.00352859
0.0044028
0.00427564
0.00387828
0.00357628
0.00392596
0.00368754
0.00329018
0.00336965
0.00373522
0.00359217
0.00349681
0.00329018
0.00343323
0.00325839
0.0038147
0.00305176
0.00359217
0.00316302
0.00343323
0.0032266
0.00363986
0.00336965
0.00332197
0.00303586
0.00336965
0.00295639
0.00354449
0.00343323
0.00282923
0.00324249
0.00308355
0.00336965
0.00305176
0.00327428
0.00341733
0.00306765
0.00324249
0.00336965
0.00327428
0.00348091
0.00363986
0.00335375
0.00335375
0.00316302
0.00325839
0.00316302
0.00378291
0.00389417
0.00405312
0.00400543
0.00406901
0.00435511
0.00403722
0.00376701
0.00460943
0.00427564
0.00464122
0.0044028
0.00456174
0.00414848
0.00511805
0.00545184
0.00459353
0.00518163
0.00549952
0.00573794
0.00554721
0.00581741
0.00621478
0.00624657
0.00618299
0.00635783
0.00640551
0.00650088
0.00583331
0.00631015
0.0058492
0.0067393
0.0067393
0.00637372
0.00656446
0.00589689
0.0061512
0.0055631
0.00597636
0.0055631
0.00658035
0.00583331
0.00594457
0.0061512
0.00567436
0.0061512
0.00705719
0.0067393
0.00734329
0.0067234
0.00839233
0.00891685
0.0100613
0.0112534
0.0151316
0.0185808
0.0258128
0.0331084
0.0493209
0.0665029
0.0870546
0.113519
0.156593
0.211811
0.284878
0.352859
0.419871
0.515286
0.608222
0.675678
0.740608
0.812165
0.919755
1.06001
1.20467
1.37987
1.5374
1.64421
1.6715
1.61227
1.53349
1.44672
1.37059
1.39325
1.43075
1.50882
1.59423
1.68543
1.7719
1.78525
1.81052
1.83312
2.0016
2.18081
2.32639
2.31613
2.27712
2.14365
1.95738
1.73297
1.55547
1.39877
1.33011
1.24278
1.10021
1.02846
1.03985
1.05751
1.13799
1.30453
1.51738
1.69002
1.90911
2.15139
2.54661
2.7671
2.80625
2.63729
2.14804
1.7643
1.44242
1.12561
1.02304
0.982857
0.999991
0.88253
0.746171
0.610781
0.529448
0.506639
0.445159
0.416183
0.37934
0.364892
0.388082
0.190894
1.59663
