0.0200113
0.00349681
0.00343323
0.00395775
0.00394185
0.00435511
0.004673
0.00530879
0.00491142
0.00621478
0.00624657
0.00626246
0.00715256
0.00802676
0.00933011
0.0104268
0.0110785
0.0125567
0.0137965
0.014321
0.0175476
0.018088
0.0189622
0.0187874
0.0193278
0.0168959
0.0163237
0.0157674
0.0137329
0.0139554
0.0131925
0.0119686
0.010856
0.0084877
0.00788371
0.00726382
0.00785192
0.0073115
0.00700951
0.00683467
0.00607173
0.00532468
0.00486374
0.00480016
0.00519753
0.0046889
0.00484784
0.00448227
0.00462532
0.00449816
0.00454585
0.00394185
0.00462532
0.00430743
0.00398954
0.00443459
0.0038147
0.0041008
0.00359217
0.00319481
0.00370344
0.00308355
0.00375112
0.00336965
0.00360807
0.00352859
0.00363986
0.00371933
0.00367165
0.00336965
0.00340144
0.00297228
0.00313123
0.00352859
0.00332197
0.00332197
0.00340144
0.00368754
0.00365575
0.00338554
0.0035127
0.00392596
0.00324249
0.0038147
0.00336965
0.0032107
0.00333786
0.00308355
0.00348091
0.00336965
0.00363986
0.00348091
0.00367165
0.00356038
0.00384649
0.00400543
0.0041008
0.00394185
0.00422796
0.00448227
0.00432332
0.00470479
0.00451406
0.00500679
0.00522931
0.00537237
0.00542005
0.00540415
0.00567436
0.00592868
0.00634193
0.0061512
0.00696182
0.00723203
0.00700951
0.00815392
0.00894864
0.0106494
0.0125567
0.0151793
0.0178337
0.0214577
0.0274499
0.034078
0.0381788
0.042057
0.0459671
0.0495911
0.0567436
0.0699202
0.0868003
0.107845
0.133975
0.159391
0.181262
0.188526
0.190067
0.193628
0.208632
0.231695
0.253661
0.286531
0.306447
0.316079
0.319831
0.336409
0.347439
0.361077
0.374365
0.411224
0.452264
0.497834
0.551256
0.591501
0.618458
0.631539
0.655778
0.670449
0.658226
0.653505
0.622908
0.595792
0.565004
0.523837
0.516653
0.53757
0.565306
0.578213
0.571299
0.56022
0.538492
0.529734
0.547282
0.617297
0.718021
0.8979
1.15047
1.41473
1.6374
1.83969
1.96822
2.0728
2.15012
2.14529
2.11371
2.04083
1.97509
1.94836
1.98065
2.03708
2.03643
1.93535
1.79691
1.73079
1.69317
1.71723
1.67535
1.65931
1.64984
1.67613
1.66936
1.67737
1.70997
1.77368
1.95559
2.11991
2.24805
2.17655
2.00164
1.63809
1.2195
0.977087
0.860898
0.810512
0.768423
0.73727
0.716114
0.687488
0.655492
0.61423
0.585079
0.585588
0.59638
0.577927
0.554546
0.514873
0.493256
0.458972
0.458558
0.43877
0.424226
0.383234
0.298897
0.222349
0.176859
0.1568
0.127538
0.087293
0.0607808
0.0355562
0.0197887
0.0121593
0.00680288
0.00338554
0.00179609
0.000747045
0.000238419
7.94729e-05
3.17891e-05
0
0
0
0
0
0
0
