0.000603994
0.000429153
0.00100136
0.00149409
0.00286102
0.00460943
0.00646909
0.011158
0.0149727
0.020504
0.0264486
0.0279268
0.0292937
0.0281334
0.02683
0.0278314
0.0257492
0.0244459
0.0251134
0.0234445
0.0223796
0.0206153
0.0163555
0.0150045
0.0142733
0.0124454
0.012811
0.0116666
0.0110467
0.00974337
0.00872612
0.00745455
0.0067234
0.00659625
0.00621478
0.00599225
0.00596046
0.0061353
0.00607173
0.00580152
0.00545184
0.004673
0.00454585
0.00472069
0.00445048
0.00459353
0.00476837
0.00446637
0.00476837
0.00424385
0.00449816
0.00362396
0.00416438
0.0044028
0.00432332
0.00451406
0.00402133
0.00416438
0.00429153
0.00433922
0.00375112
0.00392596
0.00340144
0.00330607
0.0038147
0.00344912
0.00413259
0.00405312
0.00386238
0.00341733
0.0038147
0.00395775
0.00371933
0.00367165
0.00432332
0.00425975
0.00329018
0.00384649
0.00346502
0.00395775
0.00352859
0.00348091
0.00365575
0.00360807
0.00430743
0.00389417
0.0041008
0.00432332
0.00405312
0.00429153
0.00414848
0.00391006
0.00391006
0.00419617
0.00394185
0.00414848
0.00414848
0.00457764
0.00514984
0.00449816
0.0043869
0.00462532
0.00465711
0.00476837
0.00502268
0.00534058
0.0049909
0.00551542
0.00572205
0.00654856
0.0073115
0.00723203
0.00893275
0.0102202
0.0103474
0.0122865
0.0137806
0.0154177
0.0175794
0.0210444
0.0242233
0.0298659
0.0346025
0.0441551
0.0506401
0.0644684
0.076437
0.092713
0.110896
0.135676
0.171439
0.218503
0.301329
0.405057
0.531705
0.667238
0.804965
0.955105
1.1364
1.31572
1.53322
1.77746
2.07596
2.45713
2.85196
3.15458
3.3051
3.32394
3.27462
3.16518
3.04046
2.92859
2.85737
2.76154
2.67097
2.58228
2.47087
2.31697
2.16128
2.01785
1.88368
1.78347
1.72302
1.67468
1.64404
1.58714
1.54405
1.49179
1.4437
1.39186
1.32968
1.28285
1.25395
1.23914
1.25071
1.26801
1.27482
1.24995
1.21773
1.15841
1.06425
0.975498
0.88253
0.818078
0.757122
0.700426
0.63413
0.570631
0.505511
0.441281
0.406679
0.376415
0.340048
0.305049
0.273037
0.238562
0.213846
0.189702
0.156101
0.124153
0.101535
0.0796159
0.06663
0.055933
0.0465393
0.0345866
0.0250657
0.0195026
0.0140508
0.0100931
0.00737508
0.00416438
0.0032266
0.00165304
0.00112851
0.00055631
0.000301997
0.000190735
7.94729e-05
0.000111262
1.58946e-05
4.76837e-05
1.58946e-05
0
1.58946e-05
0
0
0
0
0
0
0
0
0
0
0
0
0
0
0
0
0
0
0
0
0
0
0
0
0
0
0
0
0
0
0
