0.0112216
0.00348091
0.00363986
0.00354449
0.0044028
0.00472069
0.00505447
0.00591278
0.00642141
0.00721614
0.00847181
0.0103156
0.0103315
0.012668
0.014178
0.0157038
0.0172138
0.0175953
0.0201225
0.0193755
0.0170708
0.0164032
0.0153701
0.0145753
0.0135263
0.0123024
0.0128746
0.012509
0.0110785
0.0100136
0.00829697
0.00762939
0.00697772
0.00727971
0.00712077
0.0067393
0.00675519
0.00608762
0.00553131
0.00514984
0.00534058
0.0046889
0.00480016
0.00430743
0.00462532
0.00460943
0.00507037
0.00435511
0.00464122
0.00448227
0.00400543
0.00418027
0.00419617
0.00398954
0.0041008
0.00430743
0.00413259
0.00418027
0.00367165
0.00354449
0.00375112
0.0038147
0.00346502
0.00357628
0.00371933
0.00392596
0.00397364
0.00378291
0.00389417
0.00391006
0.00413259
0.00363986
0.00367165
0.00335375
0.00386238
0.00387828
0.00370344
0.00398954
0.00435511
0.00398954
0.00418027
0.00435511
0.00400543
0.00416438
0.00416438
0.00454585
0.00459353
0.0040849
0.00446637
0.00445048
0.0046889
0.00500679
0.00432332
0.004673
0.00475248
0.00483195
0.00500679
0.00487963
0.00529289
0.00511805
0.00543594
0.00521342
0.00572205
0.00548363
0.00640551
0.0070413
0.00799497
0.00872612
0.0112375
0.012064
0.0147502
0.0181357
0.0214418
0.0235558
0.0264963
0.028944
0.0329494
0.0399748
0.0501315
0.0688076
0.0943343
0.126823
0.157102
0.185744
0.21046
0.235701
0.26598
0.296958
0.308339
0.308577
0.300948
0.308593
0.334422
0.391944
0.467078
0.567102
0.670703
0.777531
0.898902
1.02782
1.14385
1.24799
1.33982
1.45917
1.59305
1.77741
1.99644
2.2474
2.48763
2.65779
2.7363
2.7645
2.76364
2.74984
2.7005
2.66913
2.65636
2.67258
2.78481
3.0025
3.43855
3.96897
4.47887
4.92085
5.07119
4.79015
4.11286
3.3114
2.49054
1.86292
1.49821
1.26982
1.02237
0.76615
0.533724
0.380421
0.306749
0.269604
0.245221
0.218566
0.174522
0.133848
0.107511
0.0837167
0.0542005
0.0248114
0.00958443
0.0043869
0.00190735
0.0011603
0.000445048
0.000190735
0.000127157
3.17891e-05
1.58946e-05
3.17891e-05
1.58946e-05
0
0
0
0
0
0
0
0
0
0
0
0
0
0
0
0
0
0
0
0
0
0
0
0
0
0
0
0
0
0
0
0
0
0
0
0
0
0
0
0
0
0
0
0
0
0
0
0
0
0
0
0
0
0
0
0
0
0
0
