0.016435
0.00182788
0.00187556
0.00189145
0.00182788
0.00209808
0.00198682
0.00217756
0.00265439
0.00338554
0.00457764
0.00658035
0.00871023
0.0107129
0.0131448
0.0140349
0.0151634
0.0178019
0.0196457
0.0205994
0.0222206
0.0235399
0.0266711
0.0267982
0.0291189
0.0315984
0.033617
0.034682
0.0347455
0.0324408
0.0312805
0.029707
0.02683
0.0245571
0.022459
0.0173569
0.0154972
0.0142733
0.0123978
0.0104427
0.0105699
0.00925064
0.0087897
0.00754992
0.00691414
0.00638962
0.00665983
0.0064373
0.00640551
0.00629425
0.00610352
0.00508626
0.00623067
0.00554721
0.00561078
0.00554721
0.00494321
0.005277
0.00495911
0.00538826
0.00548363
0.00464122
0.00473658
0.00462532
0.00465711
0.00495911
0.00448227
0.0044028
0.00448227
0.00483195
0.0046889
0.0052611
0.00483195
0.00454585
0.00491142
0.004673
0.00524521
0.0046889
0.00457764
0.00492732
0.00514984
0.00519753
0.00502268
0.00514984
0.00524521
0.00588099
0.00537237
0.00596046
0.00545184
0.00535647
0.00557899
0.0058492
0.00562668
0.00581741
0.00503858
0.00570615
0.00535647
0.00567436
0.00578562
0.00629425
0.00600815
0.00626246
0.00616709
0.00621478
0.00708898
0.00685056
0.00638962
0.00683467
0.00753403
0.00740687
0.00716845
0.00770887
0.00756582
0.00788371
0.00839233
0.00851949
0.0090758
0.00866254
0.00896454
0.00918706
0.00952085
0.00990232
0.0099659
0.00977516
0.0102679
0.0112693
0.0120481
0.013717
0.0160853
0.0181516
0.0223637
0.0250816
0.0268618
0.034221
0.0398954
0.0452836
0.0605265
0.0737508
0.097084
0.124296
0.159438
0.202926
0.259606
0.325855
0.390387
0.44864
0.51686
0.604232
0.724395
0.874551
1.03502
1.19799
1.33127
1.4263
1.44561
1.47934
1.54904
1.61831
1.66292
1.69379
1.75689
1.83713
1.92393
1.99358
2.06413
2.13513
2.2524
2.39081
2.52449
2.62674
2.71986
2.75954
2.79644
2.84724
2.88755
2.87263
2.92414
3.01903
3.07889
3.1045
3.03669
2.96024
2.76469
2.43394
2.08991
1.87573
1.77727
1.66465
1.5224
1.38508
1.24955
1.10795
0.958045
0.792646
0.634845
0.526762
0.450627
0.383743
0.324376
0.250101
0.191323
0.13868
0.0814915
0.0425816
0.0203451
0.0107288
0.00665983
0.00483195
0.00344912
0.00273387
0.00203451
0.00219345
0.00160535
0.00138283
0.00171661
0.00170072
0.00133514
0.00141462
0.00127157
0.0011762
0.000778834
0.00111262
0.000953674
0.000699361
0.00093778
0.000683467
0.000540415
0.000317891
0.000365575
0.000317891
0.000143051
7.94729e-05
6.35783e-05
9.53674e-05
0
0
0
1.58946e-05
1.58946e-05
1.58946e-05
0
0
0
0
0
0
0
0
0
0
0
0
0
0
0
0
