0.0103315
0.00160535
0.00220935
0.00247955
0.00281334
0.00335375
0.00335375
0.00391006
0.00430743
0.00478427
0.00519753
0.00561078
0.00572205
0.00675519
0.0073274
0.00753403
0.00815392
0.0085036
0.00902812
0.010856
0.0112216
0.0115712
0.01297
0.0139713
0.014178
0.0136693
0.014019
0.0147661
0.0142415
0.0142892
0.0141462
0.0149568
0.0144323
0.0148932
0.0136534
0.014019
0.0137488
0.0136534
0.0129859
0.0132879
0.0127633
0.0119686
0.0116825
0.0120799
0.011905
0.0109037
0.0117461
0.0110785
0.0113487
0.0106494
0.0105699
0.0103792
0.00917117
0.010554
0.00950495
0.00855128
0.00917117
0.00858307
0.00829697
0.00796318
0.00712077
0.00729561
0.00723203
0.00689824
0.00685056
0.00600815
0.00575384
0.00664393
0.00599225
0.00565847
0.00559489
0.00580152
0.00500679
0.00513395
0.00543594
0.00589689
0.00549952
0.00519753
0.00537237
0.00562668
0.00561078
0.00516574
0.00537237
0.00521342
0.00529289
0.0052611
0.00553131
0.00565847
0.00578562
0.00540415
0.00572205
0.00551542
0.00596046
0.00580152
0.00573794
0.00551542
0.00650088
0.00600815
0.00635783
0.00605583
0.00642141
0.00621478
0.00610352
0.00662804
0.00631015
0.00748634
0.0064532
0.00729561
0.00778834
0.00839233
0.00863075
0.00840823
0.00945727
0.0104586
0.0114918
0.0144005
0.0163237
0.0197728
0.0223637
0.0277996
0.0343641
0.0431856
0.0535488
0.0670433
0.083065
0.101709
0.120544
0.141048
0.162474
0.184091
0.200144
0.22672
0.262245
0.301409
0.354671
0.411208
0.472625
0.529989
0.571156
0.604184
0.623099
0.633478
0.63707
0.62116
0.627359
0.642014
0.658655
0.693496
0.739447
0.790024
0.849549
0.893513
0.916449
0.919517
0.902001
0.888936
0.887696
0.925303
0.982316
1.04764
1.08228
1.07055
1.05802
1.06495
1.12028
1.21074
1.2955
1.36261
1.42231
1.45375
1.48412
1.53522
1.57921
1.65078
1.70776
1.71183
1.68295
1.62203
1.55441
1.50205
1.48501
1.47638
1.47595
1.44868
1.41519
1.37634
1.31992
1.28833
1.26354
1.24831
1.22809
1.21064
1.15891
1.13449
1.10348
1.09925
1.0794
1.0522
1.01903
0.987037
0.973892
0.963942
0.946172
0.909646
0.87018
0.822719
0.776466
0.748142
0.711155
0.687869
0.660261
0.645892
0.630363
0.623051
0.61423
0.610638
0.591278
0.556501
0.529782
0.515381
0.496372
0.478045
0.459226
0.431601
0.412194
0.414689
0.42607
0.433747
0.446558
0.441376
0.424719
0.438658
0.424115
0.419474
0.401147
0.398334
0.402069
0.415341
0.397189
0.35855
0.327333
0.295162
0.243886
0.258748
0.25595
0.190783
0.137138
0.112836
0.116762
0.10403
0.0666459
0.0372251
0.0141939
0.00557899
0.00295639
0.0289599
