0.0170549
0.0017484
0.00195503
0.00206629
0.00212987
0.00244776
0.00247955
0.00236829
0.00306765
0.00276566
0.00297228
0.0029405
0.00365575
0.00402133
0.00354449
0.00386238
0.00386238
0.00370344
0.00370344
0.00448227
0.00403722
0.00446637
0.00473658
0.00459353
0.00549952
0.00446637
0.00588099
0.00648499
0.00681877
0.00750224
0.00794729
0.00886917
0.0096639
0.00955264
0.00950495
0.0103474
0.00931422
0.0100295
0.00987053
0.0102202
0.0099659
0.00939369
0.00905991
0.00940959
0.00983874
0.00964801
0.00926654
0.0085036
0.00840823
0.00858307
0.00885328
0.00783602
0.00815392
0.00847181
0.00774066
0.00812213
0.00809034
0.00801086
0.00836054
0.00858307
0.00844002
0.00829697
0.0078996
0.00861486
0.00816981
0.00801086
0.00899633
0.00826518
0.0087897
0.00754992
0.00739098
0.00713666
0.00751813
0.00759761
0.00619888
0.00697772
0.00680288
0.00821749
0.00726382
0.00675519
0.00697772
0.00662804
0.00713666
0.00705719
0.00696182
0.00678698
0.00618299
0.00697772
0.00693003
0.00623067
0.00603994
0.00580152
0.00554721
0.00591278
0.00570615
0.0058651
0.00602404
0.00572205
0.00557899
0.00554721
0.00594457
0.00572205
0.0052611
0.00538826
0.00510216
0.00521342
0.00549952
0.00522931
0.00524521
0.00565847
0.00491142
0.00537237
0.00510216
0.0049909
0.00505447
0.00511805
0.00532468
0.00530879
0.00500679
0.00491142
0.00548363
0.00522931
0.00483195
0.00522931
0.00514984
0.00522931
0.00530879
0.00507037
0.00534058
0.0058492
0.00543594
0.00543594
0.00554721
0.00543594
0.00580152
0.00557899
0.00561078
0.00510216
0.00546773
0.00532468
0.00535647
0.00491142
0.00548363
0.00564257
0.00540415
0.00529289
0.00557899
0.00575384
0.00607173
0.00597636
0.00602404
0.00629425
0.00602404
0.00678698
0.00680288
0.00718435
0.00774066
0.00807444
0.00802676
0.00904401
0.00991821
0.0109355
0.0141939
0.0189622
0.0271638
0.0402451
0.0605424
0.0968138
0.142511
0.181675
0.207965
0.235383
0.276502
0.326967
0.383536
0.436004
0.48391
0.542259
0.618903
0.708548
0.822783
0.967709
1.11883
1.22762
1.25728
1.26608
1.26373
1.25772
1.2438
1.26589
1.27323
1.2478
1.2111
1.1706
1.13468
1.10556
1.05611
0.983
0.927989
0.89345
0.87258
0.887378
0.880225
0.92063
0.950511
1.00962
1.07384
1.1123
1.14784
1.1457
1.10529
1.07689
1.06815
1.09111
1.15143
1.20734
1.26139
1.31011
1.34544
1.38591
1.4208
1.40972
1.38726
1.30018
1.2219
1.15185
1.12112
1.1185
1.16371
1.22428
1.27044
1.27042
1.3024
1.35485
1.44059
1.4516
1.52804
1.52222
1.4931
1.47541
1.46853
1.47374
1.3958
1.38831
1.3106
1.277
1.20721
1.20196
1.24969
1.24394
1.20125
0.989199
0.856733
0.808605
0.753975
5.00367
