0.0411034
0.0076135
0.00813802
0.00888507
0.0103156
0.00960032
0.0118256
0.0145753
0.0174363
0.0216961
0.0255426
0.0310262
0.0336329
0.0349204
0.0329653
0.033617
0.0308832
0.0294526
0.0246525
0.0216007
0.0194232
0.0174681
0.0168165
0.0156562
0.0143687
0.013113
0.0118415
0.010999
0.0096639
0.00855128
0.00890096
0.00809034
0.00747045
0.00697772
0.00669161
0.00699361
0.00654856
0.0061512
0.00591278
0.00578562
0.00516574
0.00551542
0.00500679
0.00503858
0.00537237
0.00594457
0.0052611
0.00518163
0.00484784
0.00502268
0.00481606
0.00465711
0.004975
0.00480016
0.00443459
0.00483195
0.00460943
0.00492732
0.00443459
0.00487963
0.00451406
0.00486374
0.00416438
0.00414848
0.00414848
0.00464122
0.00403722
0.00422796
0.00421206
0.00443459
0.00425975
0.00443459
0.00437101
0.00373522
0.00429153
0.00443459
0.00378291
0.00413259
0.00387828
0.00384649
0.00392596
0.0038147
0.00386238
0.00378291
0.00441869
0.00406901
0.00429153
0.00400543
0.00343323
0.00367165
0.00391006
0.00394185
0.00391006
0.00357628
0.00452995
0.00424385
0.00406901
0.00418027
0.00391006
0.00500679
0.00433922
0.00391006
0.00443459
0.00473658
0.00454585
0.00507037
0.00503858
0.00432332
0.00500679
0.00521342
0.00522931
0.00513395
0.00553131
0.005277
0.00580152
0.00605583
0.00623067
0.00659625
0.00748634
0.0087897
0.00999769
0.0124137
0.018088
0.025177
0.0425498
0.0705878
0.125202
0.221109
0.364558
0.553815
0.74482
0.943883
1.15668
1.33862
1.50108
1.61986
1.69004
1.67983
1.63223
1.56589
1.49476
1.43944
1.42317
1.40797
1.31412
1.1967
1.13266
1.14652
1.18752
1.27745
1.34228
1.37369
1.3978
1.46557
1.57859
1.68029
1.75854
1.74344
1.65615
1.66663
1.7247
1.78315
1.77423
1.6904
1.61198
1.57301
1.55032
1.58741
1.63002
1.71579
1.85301
2.00877
2.24921
2.48378
2.62715
2.57142
2.38091
2.12412
1.97013
1.92506
1.94572
1.88316
1.73324
1.49676
1.2722
1.09191
0.931231
0.822337
0.71799
0.615136
0.535329
0.450802
0.385189
0.327476
0.290346
0.240755
0.198984
0.166194
0.140683
0.129286
0.116809
0.104268
0.0956217
0.0819683
0.06965
0.0547727
0.0427087
0.0331879
0.0254154
0.0192642
0.0144958
0.0119368
0.00926654
0.00770887
0.00745455
0.0076135
0.00780423
0.00925064
0.00988642
0.0096639
0.00753403
0.00629425
0.00427564
0.00251134
0.000747045
0.000238419
9.53674e-05
1.58946e-05
1.58946e-05
0
0
0
0
0
0
0
0
0
0
0
0
0
0
0
0
0
0
0
0
0
0
0
0
0
0
0
