0.023826
0.00254313
0.00251134
0.00254313
0.00255903
0.00300407
0.0029405
0.00301997
0.00330607
0.00329018
0.00327428
0.00314713
0.00311534
0.00336965
0.00346502
0.00371933
0.00362396
0.00389417
0.00391006
0.00418027
0.004673
0.00481606
0.00478427
0.00554721
0.00629425
0.00654856
0.00778834
0.00735919
0.00804265
0.00782013
0.00905991
0.00967979
0.0100613
0.00944138
0.0103474
0.0104586
0.0100136
0.0102202
0.0104427
0.0101725
0.00969569
0.0102202
0.0099659
0.0101407
0.00972748
0.0103633
0.00985463
0.00998179
0.00972748
0.00917117
0.00942548
0.00940959
0.00982285
0.0096639
0.00917117
0.00882149
0.00799497
0.00815392
0.00716845
0.00705719
0.0064373
0.00638962
0.00592868
0.00575384
0.00530879
0.00510216
0.00559489
0.00448227
0.00456174
0.00429153
0.00416438
0.0040849
0.00406901
0.00421206
0.00340144
0.00422796
0.00392596
0.00360807
0.00391006
0.00360807
0.00395775
0.0035127
0.00346502
0.00338554
0.0032266
0.00327428
0.00290871
0.00317891
0.00356038
0.0032107
0.00309944
0.00354449
0.00365575
0.00354449
0.00340144
0.00287692
0.00314713
0.00371933
0.00368754
0.00311534
0.0032266
0.00354449
0.00446637
0.00375112
0.00373522
0.0038147
0.00451406
0.00454585
0.00437101
0.00406901
0.00445048
0.00448227
0.00454585
0.00519753
0.00529289
0.0046889
0.00491142
0.00465711
0.00507037
0.00557899
0.00529289
0.00576973
0.00569026
0.00575384
0.00575384
0.0058492
0.00543594
0.00602404
0.005277
0.00576973
0.0052611
0.00626246
0.00524521
0.00543594
0.00573794
0.00573794
0.00557899
0.00567436
0.00532468
0.00542005
0.00565847
0.00537237
0.00597636
0.00594457
0.00611941
0.00737508
0.00809034
0.00945727
0.0105222
0.011158
0.0136375
0.0157197
0.0201225
0.0222842
0.0250022
0.0289122
0.0291983
0.0319799
0.0355562
0.0405629
0.0383536
0.0412623
0.0502268
0.0645796
0.0859896
0.113901
0.151269
0.192293
0.238816
0.279029
0.323041
0.357644
0.380548
0.386985
0.366879
0.34852
0.340541
0.324567
0.317478
0.309944
0.326586
0.341781
0.394487
0.467348
0.545247
0.619078
0.655238
0.675344
0.689936
0.71559
0.750335
0.776561
0.785446
0.80239
0.811577
0.782363
0.754913
0.728464
0.698042
0.67997
0.674454
0.66878
0.659641
0.665363
0.659959
0.640074
0.622272
0.586367
0.55124
0.567087
0.643889
0.718466
0.760126
0.765657
0.792996
0.799942
0.841792
0.852489
0.862916
0.902843
0.938829
1.04272
1.20502
1.32071
1.44359
1.54638
1.72847
1.8089
1.96327
2.13421
2.1619
2.16529
2.22069
2.23324
2.20981
2.14038
2.143
2.10147
2.04193
1.94777
1.76336
1.64485
1.49245
1.45658
1.40074
1.38071
1.35827
1.37475
1.47394
1.51203
1.53588
1.42384
1.29447
1.08921
0.876029
9.34167
