0.0150363
0.0037988
0.00481606
0.00519753
0.00640551
0.00715256
0.00894864
0.0100136
0.0113328
0.013717
0.0194867
0.0246366
0.0331243
0.0380675
0.0403245
0.0397682
0.0376383
0.0339031
0.0303586
0.0277519
0.0275453
0.0260671
0.0249863
0.0213941
0.0198364
0.0181516
0.0151316
0.0148455
0.0145276
0.0130018
0.0120004
0.0107606
0.0101248
0.0090917
0.00797908
0.00859896
0.00894864
0.00764529
0.00802676
0.00743866
0.00667572
0.00665983
0.0061353
0.00562668
0.00603994
0.00529289
0.00575384
0.00551542
0.00632604
0.00607173
0.00508626
0.00507037
0.0052611
0.00489553
0.00483195
0.00452995
0.00487963
0.00492732
0.00475248
0.00500679
0.004673
0.00465711
0.00441869
0.00424385
0.00368754
0.0040849
0.00433922
0.00462532
0.00451406
0.00448227
0.00446637
0.00449816
0.00487963
0.00475248
0.00433922
0.00519753
0.00502268
0.00481606
0.00470479
0.00508626
0.00483195
0.00484784
0.00513395
0.00508626
0.00492732
0.0049909
0.00514984
0.00564257
0.00548363
0.0061353
0.0058492
0.0058492
0.00570615
0.00635783
0.0061353
0.00669161
0.00734329
0.0073115
0.00681877
0.00786781
0.00751813
0.00856717
0.00845591
0.00743866
0.00774066
0.00872612
0.00926654
0.00917117
0.0085036
0.00948906
0.00929832
0.0101566
0.010697
0.0123501
0.0134945
0.0151793
0.0184059
0.0219663
0.0280698
0.0323931
0.0399907
0.0464757
0.0564734
0.0653903
0.0741164
0.0849883
0.0953833
0.111087
0.124915
0.143353
0.156593
0.176875
0.196854
0.224606
0.256809
0.298532
0.339953
0.393343
0.430377
0.470734
0.516367
0.562255
0.613324
0.66371
0.709105
0.731579
0.761557
0.789928
0.846895
0.919072
1.00574
1.098
1.20985
1.31089
1.43363
1.53993
1.67958
1.84169
1.97474
2.07965
2.12539
2.20003
2.30838
2.46741
2.54871
2.52889
2.37915
2.16401
1.97209
1.82821
1.68721
1.56153
1.44453
1.35768
1.28547
1.20441
1.10958
1.03952
1.01857
1.04009
1.09205
1.15744
1.20419
1.20929
1.20139
1.20514
1.25855
1.31407
1.42374
1.54869
1.66221
1.77646
1.90029
1.98727
2.02065
1.93278
1.80561
1.66966
1.55857
1.45655
1.33402
1.2044
1.0461
0.889365
0.728401
0.582918
0.431267
0.302807
0.198603
0.12091
0.0715415
0.0409762
0.0246684
0.0112375
0.00530879
0.00241597
0.00104904
0.000397364
0.00017484
0.000158946
1.58946e-05
0
1.58946e-05
0
0
0
0
0
0
0
0
0
0
0
0
0
0
0
0
0
0
0
0
0
0
0
0
0
0
0
0
0
0
0
0
0
