0.00866254
0.00338554
0.00445048
0.00551542
0.00688235
0.00894864
0.01146
0.0149727
0.0209173
0.0252565
0.0300725
0.0344753
0.0369072
0.0395934
0.042216
0.0387987
0.041453
0.0385284
0.0370979
0.0338713
0.0275612
0.0237465
0.0193278
0.0166098
0.013717
0.0114441
0.0099659
0.0090758
0.0087897
0.0084877
0.00855128
0.00812213
0.00883738
0.00780423
0.00748634
0.00753403
0.00640551
0.00707308
0.00681877
0.00654856
0.00658035
0.00715256
0.00662804
0.00707308
0.00659625
0.00726382
0.00721614
0.00700951
0.00724792
0.00729561
0.00747045
0.00694593
0.00729561
0.00810623
0.0081857
0.00799497
0.00804265
0.0073274
0.00788371
0.00845591
0.00742277
0.0082016
0.00869433
0.00845591
0.00823339
0.00856717
0.00837644
0.00893275
0.00810623
0.00861486
0.00851949
0.00871023
0.00934601
0.00961622
0.00872612
0.00898043
0.00902812
0.00940959
0.00988642
0.00991821
0.00958443
0.00991821
0.0102997
0.0100613
0.00999769
0.0102679
0.0115077
0.0107129
0.0114123
0.0112375
0.0132561
0.0125726
0.0151952
0.0156244
0.0188986
0.022014
0.029246
0.0416756
0.0665188
0.112549
0.193485
0.316064
0.461133
0.6121
0.758028
0.893323
1.04
1.16383
1.29627
1.43132
1.56433
1.68935
1.78032
1.87742
1.96397
2.08705
2.21666
2.3809
2.49939
2.57476
2.58052
2.59457
2.59242
2.60763
2.62876
2.6684
2.7861
2.96726
3.16008
3.34824
3.41357
3.4142
3.31764
3.1535
3.00795
2.84818
2.68251
2.44176
2.19431
2.01775
1.84234
1.73593
1.62114
1.46937
1.26546
1.07168
0.881513
0.765133
0.643635
0.491158
0.383759
0.327333
0.280301
0.217835
0.151555
0.0836531
0.0350316
0.0148773
0.00545184
0.00192324
0.00120799
0.000651677
0.000222524
0.000190735
0.000111262
4.76837e-05
3.17891e-05
0
0
0
0
0
0
0
0
0
0
0
0
0
0
0
0
0
0
0
0
0
0
0
0
0
0
0
0
0
0
0
0
0
0
0
0
0
0
0
0
0
0
0
0
0
0
0
0
0
0
0
0
0
0
0
0
0
0
0
0
0
0
0
0
0
0
0
0
0
0
0
0
0
0
0
0
0
0
0
0
0
0
0
0
0
0
0
0
0
