0
3.17891e-05
1.58946e-05
9.53674e-05
0.000158946
0.000286102
0.00055631
0.000635783
0.00122388
0.00220935
0.00332197
0.00516574
0.00875791
0.0120481
0.0151157
0.0172615
0.0173887
0.0180721
0.0176748
0.0187238
0.0196139
0.0209014
0.0198523
0.0185013
0.0184536
0.0183105
0.0184854
0.0186761
0.0192801
0.0184377
0.0176907
0.0154018
0.0140985
0.0127316
0.0128587
0.0121752
0.0116984
0.0117302
0.0120004
0.0119845
0.0109196
0.010856
0.011762
0.0112057
0.0100931
0.00799497
0.00727971
0.00658035
0.00646909
0.00631015
0.00594457
0.0046889
0.00433922
0.00484784
0.00462532
0.00449816
0.00435511
0.00503858
0.00507037
0.00454585
0.00491142
0.00484784
0.00457764
0.00383059
0.00403722
0.00449816
0.00403722
0.00446637
0.00432332
0.00433922
0.00460943
0.00383059
0.00435511
0.00392596
0.00368754
0.00432332
0.00452995
0.00383059
0.00422796
0.00437101
0.00386238
0.00430743
0.00411669
0.00432332
0.0043869
0.0043869
0.00429153
0.00446637
0.00454585
0.00492732
0.004975
0.00478427
0.00524521
0.00489553
0.0055631
0.00540415
0.00554721
0.00530879
0.00580152
0.00624657
0.00554721
0.00578562
0.00621478
0.00727971
0.00754992
0.00754992
0.0079155
0.0093619
0.0115236
0.0138919
0.0177383
0.0208855
0.0296593
0.037082
0.0477791
0.0623703
0.0784079
0.0922044
0.106939
0.121609
0.134039
0.147978
0.161362
0.173616
0.182597
0.187381
0.192499
0.197617
0.202243
0.211684
0.22014
0.240835
0.251611
0.267919
0.278791
0.292699
0.310119
0.318464
0.339413
0.361745
0.385316
0.416342
0.452216
0.500456
0.54849
0.613912
0.693289
0.761763
0.837517
0.956456
1.09231
1.22759
1.34621
1.43568
1.55128
1.65998
1.78844
1.86685
1.91285
1.91011
1.9405
2.05112
2.20351
2.38188
2.55272
2.69928
2.84673
2.99724
3.09545
3.06114
2.89424
2.65195
2.37204
2.12138
1.92019
1.78014
1.69094
1.6974
1.81737
2.01729
2.16632
2.22491
2.18178
2.08131
1.99011
1.92671
1.85787
1.6967
1.45013
1.18222
0.934871
0.74261
0.615692
0.537841
0.488981
0.462468
0.441519
0.398842
0.349522
0.3009
0.250944
0.208918
0.166814
0.124741
0.0945886
0.0800133
0.0597636
0.0415484
0.0222683
0.00933011
0.00376701
0.00190735
0.00101725
0.000619888
0.000365575
0.000254313
0.000143051
3.17891e-05
1.58946e-05
0
0
1.58946e-05
1.58946e-05
0
0
0
0
0
0
0
0
0
0
0
0
0
0
0
0
0
0
0
0
0
0
0
0
0
0
0
0
0
0
0
0
0
