0.0161807
0.00158946
0.00181198
0.00193914
0.00219345
0.00249545
0.00279744
0.00400543
0.00720024
0.00901222
0.0117938
0.0143369
0.0172933
0.0190417
0.0209649
0.0209649
0.0220935
0.0239213
0.0243187
0.0258446
0.0274658
0.0279586
0.0295639
0.0315984
0.0336329
0.0329494
0.0337283
0.0318368
0.0292619
0.0296434
0.024732
0.0235558
0.0212034
0.0199
0.0170708
0.015672
0.0136852
0.0125567
0.0110308
0.0109831
0.0100613
0.00834465
0.00783602
0.00754992
0.00747045
0.00739098
0.00664393
0.00715256
0.00621478
0.0067234
0.00734329
0.00667572
0.00611941
0.00592868
0.00581741
0.00549952
0.00619888
0.00597636
0.00626246
0.00629425
0.00605583
0.00564257
0.00602404
0.00627836
0.00619888
0.00553131
0.00575384
0.00659625
0.0064373
0.00608762
0.00685056
0.00683467
0.00742277
0.00689824
0.00708898
0.00632604
0.00735919
0.00716845
0.00745455
0.00778834
0.00734329
0.00847181
0.00754992
0.00839233
0.00756582
0.00774066
0.00826518
0.00737508
0.00812213
0.00823339
0.00851949
0.00856717
0.00902812
0.00842412
0.00905991
0.00851949
0.00899633
0.00947316
0.00912348
0.00950495
0.00974337
0.00988642
0.0100295
0.00988642
0.0105381
0.0110149
0.0105699
0.0113646
0.0122388
0.0113964
0.0111103
0.0113487
0.0119527
0.0121593
0.0127157
0.0127316
0.0140826
0.0133038
0.0143687
0.0145276
0.0153542
0.0154972
0.015831
0.0176112
0.0199
0.0237147
0.0290871
0.0372251
0.0512282
0.0667731
0.086689
0.116762
0.152
0.191704
0.23845
0.294654
0.372044
0.472418
0.603644
0.754595
0.949574
1.12049
1.27937
1.38523
1.43976
1.45788
1.47227
1.51539
1.59475
1.72275
1.85927
2.02278
2.2017
2.33951
2.41394
2.47796
2.52336
2.62175
2.66732
2.69273
2.65428
2.56818
2.46116
2.47423
2.48561
2.48154
2.43883
2.32881
2.11973
1.89667
1.72496
1.6163
1.53852
1.4969
1.45742
1.46254
1.40411
1.33843
1.24795
1.17113
1.1165
1.12743
1.17528
1.19567
1.09069
0.962671
0.890668
0.916767
1.0186
1.18596
1.33193
1.32295
1.15873
0.941833
0.775242
0.698169
0.633415
0.546106
0.385269
0.228373
0.105969
0.0421047
0.0173251
0.00764529
0.0040849
0.00301997
0.00193914
0.00152588
0.00123978
0.00109673
0.000953674
0.00106494
0.000842412
0.000810623
0.000794729
0.000778834
0.000651677
0.000540415
0.000619888
0.000460943
0.000413259
0.000651677
0.000429153
0.000429153
0.000301997
0.000349681
0.000286102
0.000158946
0.000206629
7.94729e-05
0.00017484
6.35783e-05
4.76837e-05
1.58946e-05
3.17891e-05
0
1.58946e-05
0
0
0
0
0
0
0
0
0
0
0
0
0
0
0
0
0
0
0
