0.0330925
0.00402133
0.00400543
0.00441869
0.00429153
0.00522931
0.00500679
0.0055631
0.00607173
0.00640551
0.00710487
0.00826518
0.0093619
0.010554
0.0117779
0.013717
0.0144323
0.0172456
0.0195344
0.0210762
0.0213782
0.0212669
0.0184059
0.0169118
0.016133
0.0146866
0.0153065
0.0140031
0.0129541
0.0124931
0.010554
0.00913938
0.0079155
0.00786781
0.00724792
0.0079155
0.00774066
0.00650088
0.00626246
0.00500679
0.00513395
0.00542005
0.004975
0.00446637
0.00435511
0.00514984
0.00500679
0.00464122
0.00475248
0.00392596
0.00452995
0.0038147
0.00395775
0.00400543
0.00395775
0.00348091
0.00448227
0.00400543
0.00371933
0.00356038
0.00352859
0.00376701
0.00338554
0.00324249
0.00309944
0.00356038
0.00324249
0.00357628
0.00397364
0.00368754
0.00373522
0.00325839
0.00400543
0.00346502
0.00340144
0.00338554
0.00359217
0.00341733
0.00376701
0.00354449
0.00387828
0.00363986
0.00383059
0.0041008
0.00370344
0.00386238
0.00406901
0.00429153
0.00397364
0.00429153
0.00441869
0.0043869
0.00465711
0.00500679
0.00459353
0.00548363
0.00549952
0.00565847
0.00513395
0.00503858
0.00559489
0.00572205
0.00565847
0.00583331
0.00638962
0.0064373
0.00637372
0.00708898
0.00638962
0.00648499
0.00667572
0.0070413
0.00727971
0.00712077
0.00782013
0.00783602
0.00813802
0.0087897
0.00940959
0.0101566
0.0132243
0.0152906
0.0170549
0.0209808
0.0250975
0.0282447
0.0347614
0.041151
0.049448
0.0641823
0.0868797
0.115045
0.159725
0.215308
0.271845
0.334438
0.378323
0.409508
0.420364
0.418186
0.428788
0.448227
0.486167
0.528193
0.565068
0.579484
0.580533
0.595919
0.601689
0.599273
0.602516
0.573874
0.544882
0.5253
0.541496
0.565068
0.590022
0.628058
0.669559
0.752846
0.852633
0.953134
1.06211
1.20462
1.32689
1.38508
1.41172
1.3855
1.37928
1.40061
1.44935
1.53685
1.61544
1.73634
1.90008
2.15847
2.48313
2.77087
2.9819
3.08854
3.08806
2.98185
2.80951
2.54706
2.31347
2.11983
1.98344
1.85916
1.729
1.60453
1.48929
1.48298
1.55567
1.62334
1.61123
1.52586
1.37399
1.2685
1.16164
1.01107
0.925175
0.890541
0.864347
0.831016
0.843159
0.889333
0.916243
0.915114
0.938638
0.986783
0.982221
0.91513
0.780614
0.660245
0.494576
0.30338
0.153049
0.0696659
0.0320435
0.0122229
0.00473658
0.00182788
0.000826518
0.000413259
4.76837e-05
1.58946e-05
0
0
0
0
0
0
0
0
0
0
0
0
0
0
0
0
0
0
0
0
0
0
0
0
0
0
0
0
0
0
