0
0
0
0
0
0
0
0
0
0
0
0
3.17891e-05
6.35783e-05
6.35783e-05
0.000190735
0.000286102
0.000460943
0.000858307
0.00138283
0.00179609
0.00278155
0.00295639
0.00392596
0.0055631
0.00759761
0.00775655
0.00859896
0.00898043
0.0103156
0.0114282
0.011762
0.0118256
0.0129859
0.0140667
0.0139554
0.0139236
0.0130971
0.0126998
0.010697
0.0112057
0.00867844
0.0084877
0.00807444
0.00748634
0.00758171
0.00782013
0.00705719
0.00727971
0.00680288
0.00654856
0.00677109
0.00670751
0.00778834
0.00707308
0.00828107
0.00882149
0.00816981
0.00754992
0.00816981
0.00816981
0.00799497
0.00797908
0.00837644
0.00858307
0.0082016
0.00724792
0.00812213
0.00758171
0.00710487
0.00705719
0.00799497
0.00750224
0.00729561
0.00708898
0.0070413
0.00696182
0.00715256
0.00680288
0.00661214
0.00735919
0.00707308
0.00670751
0.0070254
0.00670751
0.00713666
0.00689824
0.00699361
0.00718435
0.00680288
0.0067234
0.00658035
0.00669161
0.00675519
0.00623067
0.00794729
0.00611941
0.00696182
0.00734329
0.0070413
0.00697772
0.0070254
0.00740687
0.00742277
0.00769297
0.00786781
0.00772476
0.00839233
0.00759761
0.0085036
0.00793139
0.00851949
0.00855128
0.00777245
0.00869433
0.00869433
0.00910759
0.00969569
0.00921885
0.00928243
0.00896454
0.00940959
0.0093619
0.00974337
0.00931422
0.0100613
0.00985463
0.00925064
0.00995
0.0101407
0.0102997
0.0105858
0.0114441
0.0113646
0.011301
0.0117302
0.012207
0.0139872
0.0144958
0.0167847
0.017643
0.017945
0.0211875
0.0234127
0.0250975
0.0273546
0.0301679
0.0337124
0.0394344
0.0449816
0.0497659
0.0591437
0.074784
0.101344
0.13593
0.177733
0.214163
0.243839
0.242964
0.245841
0.283289
0.351556
0.456254
0.562429
0.660324
0.736427
0.791772
0.857004
0.958935
1.09463
1.23191
1.32918
1.38497
1.41843
1.44628
1.4922
1.64893
1.8971
2.14802
2.36476
2.61925
2.94506
3.22463
3.34258
3.33139
3.28954
3.23237
3.17028
3.11216
3.0355
2.97492
2.89652
2.81436
2.69903
2.56564
2.44226
2.2169
1.91677
1.71048
1.58141
1.49528
1.48317
1.49748
1.56412
1.6136
1.55846
1.408
1.31391
1.24345
1.15142
1.10528
1.02615
0.842285
0.621176
0.445811
0.296275
0.153716
0.0617345
0.0223955
0.00847181
0.0035127
0.00125567
0.000667572
0.000301997
0.00017484
0.000111262
0
0
0
0
0
0
0
0
0
0
0
0
0
0
0
0
0
0
0
0
0
0
0
0
0
0
0
0
0
0
