0.0153859
0.000683467
0.0011762
0.00093778
0.000953674
0.000842412
0.00093778
0.000794729
0.000762939
0.000969569
0.000874201
0.000747045
0.0011762
0.000953674
0.00111262
0.00109673
0.000905991
0.0011603
0.00131925
0.00112851
0.00160535
0.00162125
0.00193914
0.00238419
0.00281334
0.00276566
0.00281334
0.00319481
0.00306765
0.00354449
0.00405312
0.00398954
0.00421206
0.00457764
0.00492732
0.00416438
0.00452995
0.00518163
0.00535647
0.00573794
0.0064373
0.00693003
0.00794729
0.00810623
0.0090758
0.00880559
0.00958443
0.0106017
0.0111898
0.0117461
0.0119527
0.0114441
0.0129859
0.0123819
0.0127633
0.012207
0.0118732
0.0119368
0.011301
0.0115871
0.0115236
0.0112375
0.0111739
0.00990232
0.00915527
0.00910759
0.00886917
0.00723203
0.00747045
0.00753403
0.00648499
0.00661214
0.00670751
0.0058492
0.00596046
0.00549952
0.00554721
0.00594457
0.00487963
0.00502268
0.00508626
0.00540415
0.00462532
0.0052611
0.00562668
0.00460943
0.00486374
0.00476837
0.00500679
0.00494321
0.00503858
0.00500679
0.00478427
0.00508626
0.00511805
0.00514984
0.00470479
0.00491142
0.00476837
0.00503858
0.00470479
0.00472069
0.00511805
0.00513395
0.00503858
0.00472069
0.00530879
0.00511805
0.00530879
0.005277
0.00519753
0.00534058
0.00553131
0.00514984
0.00472069
0.00483195
0.00507037
0.00480016
0.00537237
0.00543594
0.00543594
0.00459353
0.00540415
0.00516574
0.00522931
0.00567436
0.00570615
0.00548363
0.00578562
0.00608762
0.00716845
0.00775655
0.00866254
0.00964801
0.00979106
0.0104745
0.0111103
0.0133514
0.0150204
0.0173251
0.0209967
0.0246048
0.0286102
0.0314554
0.0352859
0.0422796
0.048844
0.0555833
0.0623226
0.0698884
0.0743389
0.0816186
0.0880877
0.0955741
0.102854
0.108274
0.10759
0.105683
0.101105
0.107272
0.106494
0.0983874
0.0914097
0.0913779
0.0902971
0.0864188
0.0829379
0.0834465
0.0845909
0.0870387
0.089709
0.0962893
0.0995477
0.100422
0.111262
0.126123
0.140826
0.164668
0.186094
0.213273
0.250165
0.281811
0.312551
0.348091
0.352939
0.359885
0.369199
0.377194
0.39506
0.440168
0.473166
0.490665
0.495338
0.506099
0.519307
0.519482
0.512409
0.507657
0.500584
0.50683
0.539335
0.571092
0.604343
0.643651
0.686391
0.72999
0.759013
0.77335
0.773795
0.785764
0.847896
0.897137
0.925334
0.877746
0.832017
0.786845
0.759347
0.757217
0.76472
0.807587
0.868781
0.980568
1.12958
1.25988
1.45048
1.64104
1.83136
2.10322
2.54296
2.99865
3.29873
3.92524
4.55181
5.11853
5.43598
5.14348
4.64369
3.9176
3.72516
4.21421
3.70135
2.93705
1.82981
1.36795
0.761
0.31333
0.105683
0.0199318
0.00745455
0.00522931
0.00476837
0.00429153
0.00329018
0.0032107
0.00289281
0.0522137
