0.0166893
0.00289281
0.0032266
0.00311534
0.0038147
0.00376701
0.00464122
0.00624657
0.00710487
0.0104586
0.0143369
0.0205835
0.0275771
0.0340462
0.0378291
0.0404358
0.0417391
0.0371297
0.0315348
0.0268777
0.022459
0.0192006
0.0167847
0.0153859
0.0152906
0.0125726
0.0106653
0.00898043
0.00882149
0.00831286
0.00805855
0.00751813
0.00699361
0.00718435
0.00662804
0.00627836
0.00603994
0.00581741
0.00575384
0.00514984
0.00554721
0.00548363
0.00607173
0.00602404
0.00583331
0.00570615
0.00518163
0.0046889
0.00502268
0.00459353
0.00538826
0.00530879
0.00513395
0.00578562
0.00505447
0.00600815
0.00514984
0.00529289
0.00522931
0.00534058
0.00518163
0.00578562
0.00592868
0.00608762
0.00576973
0.00611941
0.00573794
0.00605583
0.00565847
0.00626246
0.00626246
0.00635783
0.00651677
0.00708898
0.00699361
0.00708898
0.00799497
0.0073115
0.00770887
0.00799497
0.00858307
0.00918706
0.0100136
0.0106176
0.0117938
0.0134786
0.0144958
0.016737
0.0191689
0.020806
0.0246207
0.0253518
0.0250498
0.0274658
0.0310421
0.0336806
0.0380993
0.0398636
0.0436783
0.0466824
0.046889
0.051403
0.0562032
0.0609557
0.0660578
0.0672817
0.0713348
0.0747204
0.086085
0.0990868
0.116666
0.137615
0.168419
0.207774
0.249004
0.303348
0.364383
0.44117
0.549094
0.651169
0.740004
0.793203
0.860055
0.969044
1.06724
1.14163
1.15884
1.14444
1.10331
1.06637
1.06557
1.11928
1.1954
1.3128
1.41743
1.48516
1.56536
1.65752
1.69266
1.70089
1.68908
1.64371
1.61856
1.63989
1.69341
1.7096
1.73014
1.76504
1.75908
1.73759
1.76872
1.88645
2.03169
2.17827
2.35457
2.54745
2.7976
3.01744
3.16588
3.29463
3.43506
3.50742
3.42399
3.21604
2.91651
2.57942
2.23866
1.83071
1.47471
1.14506
0.833368
0.583299
0.427262
0.326618
0.250101
0.176175
0.105937
0.0537078
0.0212034
0.00826518
0.00343323
0.0017643
0.000858307
0.000301997
0.000222524
7.94729e-05
3.17891e-05
0
0
0
0
0
0
0
0
0
0
0
0
0
0
0
0
0
0
0
0
0
0
0
0
0
0
0
0
0
0
0
0
0
0
0
0
0
0
0
0
0
0
0
0
0
0
0
0
0
0
0
0
0
0
0
0
0
0
0
0
0
0
0
0
0
0
0
0
0
