0.00944138
0.00349681
0.00422796
0.00522931
0.00588099
0.0078996
0.0107288
0.0116825
0.0142415
0.0188192
0.0245094
0.0282129
0.033617
0.0333786
0.0326475
0.027895
0.0210285
0.0165145
0.0137965
0.0115077
0.0114759
0.00975927
0.00982285
0.00931422
0.00861486
0.00713666
0.00670751
0.00553131
0.00546773
0.00567436
0.00511805
0.00529289
0.00589689
0.00481606
0.00443459
0.00449816
0.00416438
0.00435511
0.00405312
0.0041008
0.00392596
0.00386238
0.00421206
0.00456174
0.00425975
0.00419617
0.00397364
0.00356038
0.00406901
0.00375112
0.00317891
0.0038147
0.00387828
0.00370344
0.00357628
0.00375112
0.00332197
0.00303586
0.00325839
0.00354449
0.00341733
0.00384649
0.00363986
0.00375112
0.00387828
0.00357628
0.00398954
0.00344912
0.00344912
0.00405312
0.00387828
0.00383059
0.00421206
0.00435511
0.00424385
0.00476837
0.00391006
0.00441869
0.00395775
0.00532468
0.00473658
0.00462532
0.00491142
0.00487963
0.00519753
0.00513395
0.0046889
0.00570615
0.00542005
0.00513395
0.00589689
0.00548363
0.00554721
0.00559489
0.00564257
0.00626246
0.00597636
0.00535647
0.00608762
0.00578562
0.00686646
0.00694593
0.00723203
0.00775655
0.00840823
0.00960032
0.0119368
0.0141621
0.0169754
0.0222524
0.0284036
0.0360966
0.0436147
0.0521342
0.0627041
0.0751177
0.0865618
0.100295
0.123707
0.165065
0.221284
0.316652
0.438356
0.595347
0.78009
0.930246
1.03215
1.09135
1.10739
1.08895
1.0567
1.02283
0.981347
0.947857
0.92481
0.933027
0.937192
0.937064
0.898059
0.88466
0.848087
0.857417
0.876872
0.912428
0.998036
1.07541
1.16455
1.23717
1.29472
1.33508
1.36517
1.4218
1.47937
1.59669
1.75006
1.97614
2.23653
2.42782
2.45024
2.38908
2.33583
2.36278
2.33154
2.29349
2.30234
2.29802
2.30689
2.30905
2.32282
2.3801
2.41346
2.38412
2.32455
2.20113
2.07752
2.01612
2.04965
2.23769
2.50223
2.65663
2.39838
1.66675
0.82825
0.34879
0.137107
0.0506401
0.019757
0.00893275
0.00398954
0.00190735
0.000762939
0.000190735
0.000206629
4.76837e-05
0
0
0
0
0
0
0
0
0
0
0
0
0
0
0
0
0
0
0
0
0
0
0
0
0
0
0
0
0
0
0
0
0
0
0
0
0
0
0
0
0
0
0
0
0
0
0
0
0
0
0
0
0
0
0
0
0
0
0
0
0
0
