0.0152111
0.00452995
0.005277
0.00642141
0.00745455
0.00945727
0.0120322
0.0149886
0.0188669
0.0233014
0.0290235
0.034221
0.0393232
0.043265
0.0415802
0.0352859
0.0283082
0.0236193
0.019296
0.0169436
0.0161012
0.0136375
0.0122388
0.0112851
0.0101407
0.00859896
0.00780423
0.00772476
0.00756582
0.00685056
0.00724792
0.00678698
0.00658035
0.00680288
0.00576973
0.00573794
0.00575384
0.00524521
0.00537237
0.00494321
0.00546773
0.00546773
0.00505447
0.00565847
0.00546773
0.00508626
0.00473658
0.00465711
0.00502268
0.00502268
0.00529289
0.00529289
0.00481606
0.00476837
0.00510216
0.00522931
0.0049909
0.00475248
0.00484784
0.00548363
0.00569026
0.00554721
0.00551542
0.00570615
0.00624657
0.00638962
0.00689824
0.00592868
0.00708898
0.00683467
0.00693003
0.00689824
0.0070254
0.00737508
0.00778834
0.00837644
0.00807444
0.00859896
0.00797908
0.00837644
0.00828107
0.00842412
0.00842412
0.00893275
0.00851949
0.00875791
0.00928243
0.00953674
0.00929832
0.00998179
0.0105858
0.012207
0.0125408
0.0136375
0.0157833
0.0183582
0.0215054
0.0257333
0.0308514
0.0396887
0.0468572
0.0550747
0.0674566
0.0826836
0.102727
0.122611
0.153748
0.186888
0.22227
0.258652
0.296164
0.318352
0.342957
0.348759
0.361363
0.384887
0.425116
0.47919
0.537443
0.610193
0.675646
0.737683
0.811545
0.885264
0.970443
1.04904
1.1422
1.22627
1.28075
1.31811
1.31825
1.29929
1.23916
1.21371
1.23235
1.28781
1.37067
1.43267
1.45489
1.45588
1.44974
1.4955
1.56797
1.67944
1.78804
1.91601
2.04755
2.20509
2.34637
2.4535
2.52576
2.56031
2.57897
2.67646
2.80765
2.9563
2.98751
2.89364
2.69043
2.39867
2.14157
2.08211
2.07647
2.09422
2.0877
2.05924
2.05345
1.96271
1.77279
1.48954
1.17742
0.893132
0.655556
0.483306
0.361395
0.26083
0.165399
0.10252
0.0606696
0.0333786
0.017643
0.00875791
0.0040849
0.00211398
0.000905991
0.000365575
0.000254313
6.35783e-05
4.76837e-05
1.58946e-05
0
0
0
0
0
0
0
0
0
0
0
0
0
0
0
0
0
0
0
0
0
0
0
0
0
0
0
0
0
0
0
0
0
0
0
0
0
0
0
0
0
0
0
0
0
0
0
0
0
0
0
0
0
0
0
0
0
0
0
0
0
0
0
0
0
0
