0.000127157
7.94729e-05
0.000254313
0.000508626
0.00100136
0.00120799
0.00271797
0.0037988
0.00656446
0.0105699
0.0152906
0.0233014
0.0273228
0.0294209
0.0285943
0.0263373
0.0268936
0.0269731
0.0274658
0.0285149
0.0284195
0.0267347
0.0223637
0.0192165
0.0170072
0.0151157
0.0140826
0.0115395
0.0110149
0.00926654
0.00874201
0.00774066
0.00664393
0.00683467
0.00569026
0.00611941
0.00561078
0.00599225
0.00559489
0.00530879
0.00483195
0.00465711
0.00473658
0.00449816
0.00414848
0.00418027
0.00465711
0.00424385
0.00441869
0.00384649
0.00397364
0.00343323
0.00398954
0.0038147
0.00362396
0.00387828
0.00352859
0.00375112
0.00335375
0.0041008
0.00386238
0.00319481
0.00354449
0.00335375
0.00370344
0.00316302
0.00340144
0.00325839
0.00360807
0.00329018
0.00367165
0.00359217
0.00371933
0.00352859
0.00336965
0.00365575
0.00357628
0.00306765
0.0032266
0.00362396
0.00317891
0.00300407
0.00324249
0.00363986
0.00346502
0.00308355
0.0038147
0.00314713
0.00340144
0.00344912
0.00386238
0.00340144
0.00392596
0.00383059
0.00354449
0.00360807
0.00325839
0.00395775
0.00341733
0.00386238
0.00373522
0.00378291
0.00403722
0.00405312
0.0035127
0.00395775
0.00419617
0.00419617
0.00367165
0.00443459
0.00427564
0.0043869
0.00502268
0.0044028
0.00486374
0.0052611
0.00489553
0.00548363
0.00510216
0.00591278
0.00591278
0.00573794
0.00677109
0.00807444
0.00948906
0.0143369
0.020202
0.0311693
0.0539939
0.0911554
0.148265
0.216373
0.292699
0.365194
0.429614
0.481939
0.525983
0.553226
0.558599
0.550222
0.527302
0.491444
0.451056
0.424306
0.417089
0.432841
0.465234
0.495116
0.51163
0.499201
0.472053
0.443268
0.428613
0.434081
0.462135
0.506957
0.562016
0.622892
0.695531
0.782951
0.879701
0.991933
1.11074
1.21107
1.28727
1.32869
1.38682
1.44714
1.56374
1.68746
1.83894
2.02317
2.27106
2.58924
2.97357
3.33045
3.58221
3.69183
3.76348
3.86127
3.95304
3.98757
4.00602
3.94664
3.83046
3.56183
3.18883
2.72714
2.36057
2.04606
1.82505
1.61064
1.38954
1.14506
0.881084
0.61609
0.38236
0.206629
0.100549
0.0436306
0.0209332
0.00963211
0.00478427
0.00214577
0.00141462
0.000778834
0.000317891
0.000158946
0.000111262
3.17891e-05
1.58946e-05
0
1.58946e-05
0
1.58946e-05
0
3.17891e-05
0
0
0
0
0
0
0
0
0
0
0
0
0
0
0
0
0
0
0
0
0
0
0
0
0
0
0
0
0
0
0
0
0
0
0
0
0
0
0
