0.00799497
0.0017484
0.00209808
0.00227292
0.00286102
0.00308355
0.00348091
0.00371933
0.00491142
0.00554721
0.00650088
0.00759761
0.00913938
0.0105858
0.0121593
0.0136693
0.0160694
0.017945
0.0197093
0.0200272
0.0190735
0.0182152
0.01839
0.0165621
0.0169277
0.0171185
0.0162919
0.0161966
0.0157038
0.0151952
0.015529
0.0140031
0.0137329
0.0136216
0.0128746
0.0131448
0.0121752
0.0123819
0.0114759
0.010554
0.0102997
0.0104268
0.00910759
0.00934601
0.00898043
0.00904401
0.0090917
0.00912348
0.0085036
0.00809034
0.00861486
0.00851949
0.00847181
0.00856717
0.00804265
0.00812213
0.00796318
0.00793139
0.00785192
0.00767708
0.00801086
0.00769297
0.00832876
0.0073274
0.00769297
0.00772476
0.00743866
0.0076135
0.00797908
0.00785192
0.00828107
0.00777245
0.00815392
0.00831286
0.00823339
0.00804265
0.00831286
0.00750224
0.00739098
0.00678698
0.00737508
0.00715256
0.0070254
0.00693003
0.0073115
0.00774066
0.00699361
0.0073115
0.00734329
0.00797908
0.00797908
0.00805855
0.00762939
0.00786781
0.0073274
0.00794729
0.00764529
0.00883738
0.00821749
0.00885328
0.00888507
0.00769297
0.00828107
0.00839233
0.0084877
0.00874201
0.00847181
0.00963211
0.00940959
0.0100772
0.0108719
0.0117779
0.0137488
0.0164191
0.0209173
0.0228564
0.0255108
0.0306606
0.0362396
0.0441869
0.0520388
0.0579039
0.0669003
0.0787894
0.0894547
0.100581
0.119956
0.140746
0.167338
0.205119
0.239722
0.281827
0.322787
0.364558
0.40919
0.46099
0.52317
0.609112
0.687838
0.774479
0.875378
0.984335
1.10625
1.24106
1.40686
1.58184
1.80066
2.0222
2.2114
2.38037
2.53963
2.73353
2.93177
3.0927
3.20188
3.25336
3.30102
3.24149
3.11584
2.90545
2.69728
2.55879
2.49011
2.45279
2.44972
2.42392
2.4038
2.37317
2.30093
2.21669
2.11638
1.97342
1.83689
1.7321
1.62663
1.48722
1.31904
1.19942
1.11451
1.03879
0.964149
0.874058
0.748046
0.628773
0.513379
0.414562
0.382201
0.360441
0.343959
0.333881
0.32382
0.293875
0.259701
0.218439
0.179672
0.137202
0.103029
0.0702063
0.0406424
0.0206947
0.0107129
0.00662804
0.0029246
0.00109673
0.000476837
0.000429153
0.000158946
3.17891e-05
0.000143051
4.76837e-05
4.76837e-05
4.76837e-05
0
3.17891e-05
0
3.17891e-05
1.58946e-05
0
0
0
0
0
0
0
0
0
0
0
0
0
0
0
0
0
0
0
0
0
0
0
0
0
0
0
0
0
0
0
0
0
0
0
0
0
0
0
