0.0151316
0.00120799
0.00123978
0.00154177
0.00178019
0.00139872
0.00179609
0.00162125
0.00165304
0.00203451
0.00224113
0.00241597
0.00325839
0.00371933
0.00425975
0.00502268
0.0061512
0.00681877
0.00775655
0.00788371
0.00839233
0.0093778
0.0110626
0.0117302
0.0121593
0.0135899
0.0150045
0.0151316
0.0159423
0.0169277
0.0168641
0.016578
0.0172933
0.0159899
0.0161012
0.016435
0.0151475
0.0156085
0.0143528
0.0149409
0.0141462
0.0138124
0.0130018
0.0133197
0.0118891
0.0119686
0.0121117
0.0109355
0.0113487
0.0111421
0.0104109
0.0111103
0.0107129
0.0107447
0.0109673
0.0100772
0.00977516
0.00993411
0.00917117
0.00931422
0.00988642
0.0100136
0.00863075
0.00948906
0.00928243
0.00858307
0.00991821
0.00985463
0.00980695
0.0101566
0.00987053
0.00961622
0.00987053
0.0101248
0.00950495
0.0106812
0.0106017
0.0106812
0.0106017
0.0105222
0.00999769
0.00967979
0.0102679
0.00977516
0.00980695
0.0103474
0.00905991
0.0101407
0.0102361
0.0103474
0.0103315
0.0104268
0.0103951
0.0100931
0.0100136
0.00999769
0.00944138
0.00923475
0.00917117
0.00926654
0.0090917
0.00901222
0.00890096
0.00904401
0.00940959
0.0090917
0.00963211
0.00912348
0.00991821
0.00971158
0.00971158
0.0101725
0.0105858
0.0107447
0.0112693
0.0113169
0.0126521
0.0127316
0.013574
0.0158628
0.0195344
0.0237942
0.0311057
0.045681
0.0673135
0.101248
0.149218
0.203657
0.270812
0.336679
0.403643
0.461785
0.508881
0.536426
0.554053
0.570933
0.608444
0.688489
0.817569
0.988658
1.15946
1.34516
1.53778
1.77267
2.00768
2.23626
2.42155
2.57033
2.65395
2.68248
2.63333
2.54868
2.47083
2.40456
2.35443
2.30827
2.23053
2.14423
2.06114
2.02144
1.97773
1.96021
1.91266
1.87675
1.86402
1.79152
1.69029
1.56555
1.417
1.26891
1.14136
1.0342
0.953913
0.89488
0.840664
0.81083
0.764751
0.707038
0.653839
0.628265
0.619268
0.606314
0.566959
0.532675
0.502491
0.487963
0.481081
0.49065
0.516605
0.510089
0.491269
0.4879
0.463518
0.442807
0.443427
0.439278
0.429344
0.40973
0.402069
0.405757
0.413561
0.401926
0.399001
0.418886
0.428915
0.443188
0.454473
0.437625
0.409158
0.385809
0.362142
0.337855
0.309245
0.283734
0.275262
0.294987
0.31751
0.349204
0.373061
0.370153
0.361125
0.341352
0.361633
0.390132
0.39854
0.40493
0.486199
0.57683
0.590181
0.517368
0.296481
0.103394
0.0355562
0.00782013
0.0023524
0.00130335
0.00100136
0.00122388
0.00103315
0.000826518
0.000603994
0.000635783
0.000778834
0.000762939
0.000588099
0.000683467
0.000699361
0.000588099
0.00055631
0.00073115
0.000683467
0.000603994
0.000619888
0.000588099
0.000397364
0.0084877
