0.00160535
0.000715256
0.00130335
0.00249545
0.0041008
0.00662804
0.0108401
0.0141621
0.0200589
0.0240803
0.0269413
0.0298977
0.0311057
0.0312805
0.0303109
0.0295003
0.0280857
0.0262737
0.0254313
0.023969
0.02292
0.0204722
0.0192006
0.0185808
0.0179132
0.018088
0.0175317
0.0168324
0.0162601
0.0154018
0.0148932
0.0155449
0.0134468
0.0132879
0.012811
0.0119209
0.0117302
0.0116348
0.0100931
0.00991821
0.00979106
0.00894864
0.00964801
0.00923475
0.00891685
0.00875791
0.00839233
0.00939369
0.00809034
0.00844002
0.00856717
0.00815392
0.00802676
0.00844002
0.00861486
0.0076135
0.00845591
0.00793139
0.0076135
0.00788371
0.0082016
0.00840823
0.00964801
0.00923475
0.0107924
0.0117143
0.0138442
0.0160217
0.0194232
0.0227928
0.0276724
0.0306924
0.0357787
0.0399431
0.0424544
0.0440756
0.043567
0.0453313
0.0437578
0.050052
0.0571728
0.0673612
0.0799338
0.0996113
0.12428
0.148439
0.173823
0.207456
0.236225
0.276375
0.324376
0.37872
0.434573
0.500377
0.556564
0.603612
0.640122
0.653982
0.638803
0.616519
0.589228
0.577895
0.568962
0.577482
0.57265
0.566943
0.560506
0.557979
0.561174
0.567071
0.585302
0.600688
0.611289
0.619634
0.626802
0.615358
0.620461
0.643714
0.669432
0.707165
0.745916
0.783873
0.85365
0.932185
0.982936
1.01099
1.06303
1.11631
1.20502
1.3111
1.41834
1.48023
1.51472
1.55037
1.59877
1.76436
1.95389
2.15607
2.30737
2.43939
2.50578
2.52519
2.51223
2.49968
2.43166
2.34103
2.16988
1.95676
1.72989
1.56984
1.49026
1.4324
1.33402
1.23212
1.17866
1.13945
1.07999
1.01821
0.965341
0.942659
0.925573
0.915098
0.866763
0.788768
0.721614
0.652409
0.593233
0.545947
0.530275
0.519276
0.508356
0.511948
0.502459
0.469446
0.425339
0.383711
0.375319
0.36761
0.371202
0.374492
0.372807
0.36753
0.338634
0.2985
0.269588
0.249386
0.22556
0.206073
0.188287
0.179354
0.178194
0.169166
0.163889
0.157881
0.153732
0.147804
0.148328
0.140921
0.130129
0.115808
0.101121
0.0961145
0.0865777
0.0792503
0.0769138
0.0772953
0.0862439
0.0900745
0.0834624
0.0776768
0.0826995
0.0867367
0.0806808
0.0735442
0.0695388
0.0795523
0.0915527
0.102472
0.131289
0.136328
0.12153
0.0690142
0.0196616
0.00511805
0.0014782
0.000333786
0.000111262
1.58946e-05
1.58946e-05
0
0
0
0
0
0
0
0
0
0
0
0
0
0
0
0
0
0
0
0
0
0
0
0
0
0
0
