0.0104904
0.00276566
0.0032266
0.00362396
0.00465711
0.00624657
0.00685056
0.00882149
0.0113646
0.0142892
0.0172933
0.0201702
0.0223796
0.0197728
0.0222047
0.0208696
0.0211557
0.0207901
0.0204086
0.0201066
0.0211875
0.0210126
0.0212193
0.0209332
0.0194232
0.0183582
0.0190735
0.0174046
0.016435
0.0149091
0.0138919
0.0121117
0.0115236
0.0102202
0.00950495
0.0100772
0.0082016
0.00759761
0.0073115
0.00693003
0.00638962
0.00680288
0.00583331
0.00635783
0.00635783
0.00594457
0.00619888
0.00623067
0.00602404
0.00597636
0.005277
0.00508626
0.00540415
0.00505447
0.00495911
0.00529289
0.00548363
0.00491142
0.00553131
0.00529289
0.00500679
0.00480016
0.00470479
0.00473658
0.00494321
0.00532468
0.00478427
0.00524521
0.00514984
0.00565847
0.00535647
0.00561078
0.00576973
0.0058492
0.0049909
0.00611941
0.00557899
0.00588099
0.00607173
0.00588099
0.00623067
0.00638962
0.00688235
0.0073115
0.00855128
0.00947316
0.0124137
0.0138124
0.0165462
0.0200272
0.0240803
0.0299295
0.0394344
0.0511805
0.0665983
0.0851631
0.104507
0.130812
0.155735
0.177828
0.189559
0.212781
0.227674
0.243521
0.261847
0.276518
0.292619
0.305525
0.325839
0.351365
0.393597
0.443856
0.492827
0.546789
0.586859
0.637611
0.681496
0.725969
0.765022
0.783459
0.805712
0.82523
0.866556
0.910727
0.999022
1.08479
1.16216
1.20438
1.21544
1.27761
1.36805
1.48587
1.60732
1.73958
1.84221
1.85784
1.82416
1.76988
1.73068
1.76244
1.80298
1.81611
1.79771
1.75339
1.67611
1.56956
1.47023
1.40705
1.40136
1.36967
1.326
1.25643
1.20037
1.17458
1.15136
1.13179
1.08795
1.03118
0.99686
1.03389
1.12789
1.27789
1.42147
1.50905
1.52315
1.48109
1.41333
1.33123
1.26586
1.20099
1.2232
1.28884
1.2777
1.25146
1.22147
1.1412
1.06114
1.02212
0.991233
0.932391
0.86449
0.787592
0.702747
0.58198
0.476011
0.38627
0.326554
0.29815
0.272862
0.247924
0.249147
0.246127
0.253089
0.262721
0.258764
0.242869
0.239595
0.24875
0.251023
0.249052
0.230789
0.215499
0.204341
0.189797
0.163476
0.151602
0.146643
0.144402
0.145578
0.149854
0.1369
0.125058
0.102234
0.0756423
0.0499407
0.0313918
0.0174046
0.00740687
0.00284513
0.00123978
0.000651677
0.000190735
7.94729e-05
1.58946e-05
1.58946e-05
1.58946e-05
0
0
0
0
0
0
0
0
0
0
0
0
0
0
0
0
0
0
0
0
0
0
0
0
0
0
0
0
0
0
