0.000524521
6.35783e-05
0.000206629
7.94729e-05
9.53674e-05
0.000254313
0.000317891
0.000317891
0.000301997
0.000492732
0.000572205
0.000603994
0.000476837
0.000874201
0.000826518
0.000969569
0.000969569
0.00093778
0.000969569
0.000874201
0.000969569
0.00112851
0.0011762
0.00109673
0.00141462
0.0011762
0.00136693
0.00152588
0.00150998
0.00141462
0.00154177
0.00185966
0.0017643
0.00300407
0.0029246
0.00397364
0.00561078
0.0061353
0.00809034
0.00891685
0.0100613
0.0108878
0.0118415
0.0126839
0.0130494
0.0135422
0.0145117
0.0150998
0.0146548
0.0168482
0.0152906
0.0181516
0.0182311
0.017643
0.0170549
0.0173887
0.0157833
0.015529
0.0129064
0.0124772
0.0112057
0.0104745
0.0104904
0.00963211
0.00940959
0.00883738
0.00777245
0.00721614
0.00710487
0.00753403
0.00665983
0.00564257
0.00537237
0.00475248
0.00492732
0.00487963
0.00454585
0.00416438
0.00422796
0.00384649
0.00387828
0.0041008
0.00373522
0.00370344
0.00378291
0.00405312
0.00333786
0.0038147
0.00300407
0.00317891
0.00346502
0.00335375
0.00317891
0.00297228
0.00316302
0.00335375
0.00329018
0.00311534
0.00287692
0.00327428
0.00324249
0.00317891
0.00336965
0.00305176
0.0029405
0.00284513
0.00306765
0.00313123
0.00282923
0.00314713
0.00287692
0.00305176
0.00333786
0.0029246
0.00270208
0.0032266
0.00300407
0.00295639
0.00311534
0.00316302
0.00329018
0.0029405
0.00297228
0.00301997
0.00324249
0.00319481
0.00289281
0.00279744
0.00325839
0.00325839
0.00268618
0.00313123
0.00338554
0.00341733
0.00300407
0.00317891
0.00314713
0.00362396
0.00384649
0.00402133
0.0041008
0.0044028
0.0064373
0.00801086
0.0105063
0.0143369
0.0192324
0.0291983
0.0410875
0.0570297
0.0697613
0.0806173
0.0879288
0.0890096
0.0846386
0.0840664
0.0810305
0.0830809
0.0879288
0.0984033
0.107225
0.111087
0.108894
0.1098
0.10643
0.0989914
0.0965277
0.091664
0.0906785
0.0953356
0.10217
0.108878
0.110181
0.10891
0.107511
0.111453
0.113916
0.113567
0.112867
0.114695
0.113614
0.118876
0.124168
0.125917
0.117016
0.117779
0.116412
0.118939
0.127999
0.131083
0.138934
0.151046
0.154543
0.173473
0.198746
0.23737
0.25239
0.266997
0.281159
0.301758
0.324059
0.328112
0.320482
0.303125
0.308863
0.324806
0.338062
0.366052
0.384219
0.389767
0.38538
0.38174
0.384426
0.384299
0.376383
0.366433
0.3654
0.375636
0.377655
0.375319
0.375684
0.374937
0.379483
0.370884
0.379149
0.393534
0.402085
0.424163
0.458686
0.507402
0.604471
0.755421
0.979328
1.12457
1.18227
1.27734
1.45809
1.49301
1.40352
1.16989
1.03908
1.07915
1.01651
1.15409
1.24048
1.40675
1.53999
1.81416
2.166
2.3804
2.65015
2.73299
2.8952
2.92718
3.05681
41.0034
