0
0
0
0
0
0
0
0
0
0
0
0
0
0
0
0
0
0
0
0
0
0
0
0
0
0
0
0
0
0
0
0
0
0
0
0
0
0
0
0
0
0
0
0
0
0
0
0
0
0
0
0
0
0
0
0
0
0
0
0
0
0
0
0
0
0
0
0
0
0
0
1.58946e-05
0
1.58946e-05
0
4.76837e-05
3.17891e-05
1.58946e-05
3.17891e-05
4.76837e-05
3.17891e-05
3.17891e-05
1.58946e-05
3.17891e-05
1.58946e-05
9.53674e-05
0.000111262
4.76837e-05
0.000158946
0.000111262
6.35783e-05
6.35783e-05
9.53674e-05
0.000222524
0.000190735
0.000190735
0.000254313
0.000158946
0.000254313
0.000270208
0.000460943
0.000397364
0.000572205
0.000603994
0.000969569
0.000778834
0.000651677
0.000890096
0.00111262
0.000905991
0.00119209
0.00141462
0.00155767
0.00195503
0.00219345
0.00241597
0.00220935
0.00259082
0.00257492
0.00335375
0.00274976
0.00362396
0.00356038
0.00397364
0.0040849
0.00435511
0.00448227
0.00513395
0.00502268
0.00592868
0.00538826
0.00661214
0.00637372
0.00718435
0.00750224
0.00766118
0.00847181
0.00890096
0.00874201
0.00910759
0.00801086
0.00750224
0.00718435
0.00707308
0.00634193
0.00758171
0.00766118
0.00801086
0.00788371
0.00893275
0.00867844
0.00983874
0.00982285
0.0108401
0.0116507
0.0120004
0.0129064
0.0135899
0.0147184
0.0162125
0.0163555
0.0161807
0.017182
0.0162284
0.0149886
0.0146071
0.0128428
0.0119686
0.0103315
0.0085036
0.00904401
0.00737508
0.00713666
0.00678698
0.00665983
0.00600815
0.00570615
0.00534058
0.00535647
0.005277
0.00472069
0.00476837
0.00392596
0.0040849
0.00418027
0.00338554
0.00324249
0.00333786
0.00313123
0.00309944
0.00274976
0.00289281
0.00289281
0.00265439
0.00335375
0.00286102
0.00298818
0.00290871
0.00305176
0.00286102
0.00311534
0.00298818
0.00252724
0.00284513
0.00268618
0.00268618
0.00303586
0.00314713
0.00274976
0.00281334
0.00295639
0.00276566
0.00287692
0.00279744
0.00300407
0.0029405
0.00317891
0.00289281
0.00290871
0.00278155
0.00238419
0.00287692
0.00297228
0.00289281
0.00282923
0.00274976
0.00314713
0.00311534
0.00324249
0.00297228
0.00335375
0.00363986
0.00363986
0.00392596
0.00376701
0.00373522
0.00429153
0.00462532
0.00472069
0.00446637
0.00432332
0.00514984
0.00567436
0.00659625
0.00775655
0.00726382
0.00975927
0.011905
0.0163237
0.0210285
0.0363509
0.086387
0.255442
60.6993
2.1811
35.9009
