0
0
4.76837e-05
0
4.76837e-05
1.58946e-05
7.94729e-05
6.35783e-05
0.000111262
0.00017484
0.00017484
0.000524521
0.000603994
0.000890096
0.00144641
0.00195503
0.00309944
0.00386238
0.00487963
0.00603994
0.00700951
0.00837644
0.0109673
0.013272
0.0144482
0.0160694
0.0167211
0.0169754
0.0163714
0.0165621
0.0167052
0.0173728
0.0174363
0.0162919
0.0150045
0.0139713
0.0138919
0.0139713
0.0140985
0.0132402
0.0133991
0.0121276
0.0123183
0.012064
0.0115236
0.0108242
0.0113805
0.0104586
0.0105858
0.0102679
0.00902812
0.0102838
0.00898043
0.00844002
0.00754992
0.00767708
0.00786781
0.00759761
0.00708898
0.00680288
0.00670751
0.00727971
0.00631015
0.00578562
0.00637372
0.00607173
0.00588099
0.00573794
0.00610352
0.00661214
0.00648499
0.00650088
0.00599225
0.00720024
0.00619888
0.00605583
0.0061512
0.00707308
0.00696182
0.00678698
0.00778834
0.00796318
0.0073274
0.00754992
0.00782013
0.00832876
0.00778834
0.00804265
0.00793139
0.00839233
0.0084877
0.00839233
0.00785192
0.00851949
0.0090917
0.00858307
0.00859896
0.0096639
0.00824928
0.00912348
0.00917117
0.00856717
0.00856717
0.00905991
0.00912348
0.00953674
0.00983874
0.0102043
0.0102043
0.00983874
0.00987053
0.0102202
0.011301
0.0109831
0.0110467
0.0112851
0.0132879
0.0140985
0.0160535
0.0196616
0.0234286
0.0291348
0.0347296
0.0439644
0.0569661
0.0755787
0.098292
0.128253
0.160074
0.204786
0.261482
0.315221
0.375303
0.436672
0.501124
0.56227
0.634734
0.724745
0.822051
0.921535
0.976102
1.0173
1.0053
0.986608
0.974989
0.964912
0.974464
0.990248
1.00835
1.03168
1.06018
1.09509
1.09925
1.1116
1.09841
1.07485
1.04493
1.03491
1.02963
1.03094
1.06104
1.06905
1.08004
1.10671
1.11833
1.1052
1.05761
0.997082
0.958061
0.932884
0.927766
0.92597
0.91246
0.893513
0.882689
0.888888
0.890875
0.90127
0.912412
0.905959
0.924746
0.959587
0.979551
0.987307
0.962512
0.961018
0.949462
0.932217
0.944948
0.93166
0.910282
0.887299
0.84494
0.821479
0.824149
0.865014
0.87924
0.89647
0.872866
0.868781
0.868813
0.88075
0.880766
0.86681
0.829617
0.807412
0.77219
0.72643
0.685692
0.663153
0.665442
0.675901
0.662978
0.637897
0.590595
0.577704
0.557582
0.538413
0.533883
0.523265
0.502189
0.490681
0.491635
0.487614
0.475295
0.461324
0.446033
0.442203
0.44783
0.446256
0.431299
0.40671
0.409714
0.410334
0.398636
0.396951
0.401243
0.400448
0.40199
0.398048
0.388686
0.367721
0.361935
0.347869
0.345469
0.348218
0.32924
0.31805
0.302839
0.294669
0.301186
0.318607
0.342766
0.351143
0.366704
6.44701
