0.0109196
0.00279744
0.00348091
0.00403722
0.00454585
0.00524521
0.00631015
0.00775655
0.0101884
0.0112057
0.0140031
0.0161012
0.0189781
0.0219822
0.0248909
0.0252565
0.026226
0.0273387
0.0261148
0.0254631
0.0247796
0.0261943
0.0253042
0.0268936
0.0274022
0.0279903
0.0263532
0.0241439
0.0219504
0.0197728
0.0180562
0.0160058
0.014321
0.0132084
0.0116825
0.0110785
0.00920296
0.0087738
0.00762939
0.00748634
0.0064373
0.00670751
0.00653267
0.00658035
0.00646909
0.00638962
0.00564257
0.00540415
0.00470479
0.00508626
0.00508626
0.00505447
0.00567436
0.00495911
0.00425975
0.00449816
0.00456174
0.00492732
0.00405312
0.00432332
0.00443459
0.00448227
0.00437101
0.00484784
0.00492732
0.00514984
0.00486374
0.0049909
0.00472069
0.00505447
0.00473658
0.00510216
0.00513395
0.00576973
0.00621478
0.00543594
0.00548363
0.00580152
0.00573794
0.00588099
0.0061512
0.00575384
0.00623067
0.00715256
0.00708898
0.00646909
0.00681877
0.00653267
0.00707308
0.00748634
0.00813802
0.00780423
0.00774066
0.00764529
0.00785192
0.00864665
0.00821749
0.00775655
0.00899633
0.00829697
0.00856717
0.00867844
0.00859896
0.00904401
0.00899633
0.00847181
0.00866254
0.00875791
0.00882149
0.00939369
0.00956853
0.00896454
0.00950495
0.00940959
0.0099659
0.0102679
0.0100136
0.0110785
0.0110149
0.011603
0.0123342
0.0130177
0.0154177
0.0179609
0.0224908
0.0278314
0.0355562
0.0495593
0.0680765
0.0997384
0.156339
0.239468
0.363191
0.520754
0.704257
0.912555
1.14834
1.43183
1.77514
2.14108
2.50285
2.76189
2.84179
2.72884
2.50591
2.23552
1.98921
1.81824
1.71936
1.68942
1.64429
1.60681
1.56409
1.52524
1.50426
1.51833
1.51075
1.48686
1.43649
1.38933
1.33944
1.32712
1.3483
1.40805
1.45318
1.47548
1.49617
1.51264
1.47945
1.40672
1.35581
1.31744
1.30266
1.31764
1.33489
1.35996
1.35894
1.37399
1.42255
1.46817
1.47878
1.43782
1.35511
1.26003
1.15301
1.04814
0.960461
0.908868
0.887966
0.865666
0.851583
0.813437
0.782585
0.766246
0.743405
0.737111
0.721661
0.697613
0.68806
0.666157
0.63777
0.593519
0.546869
0.486517
0.421
0.354433
0.298039
0.242694
0.190465
0.150585
0.117286
0.0841618
0.0602404
0.0429789
0.0286897
0.023222
0.0202974
0.0177383
0.0154336
0.0126998
0.00893275
0.00780423
0.00546773
0.00462532
0.0017643
0.000715256
0.00038147
7.94729e-05
6.35783e-05
0
1.58946e-05
1.58946e-05
0
0
0
0
0
0
0
0
0
0
0
0
0
0
0
0
0
0
0
0
0
0
0
0
