0.00257492
0.00150998
0.00201861
0.00240008
0.00378291
0.00435511
0.00646909
0.00726382
0.00939369
0.0126362
0.0164032
0.0203927
0.023969
0.02683
0.0285467
0.0271797
0.0242869
0.0217756
0.0233014
0.0233491
0.0250657
0.0240008
0.0246843
0.0246684
0.0226974
0.0236511
0.0232855
0.0229677
0.0249227
0.0234127
0.0204086
0.0176907
0.013876
0.0121435
0.00942548
0.00801086
0.00689824
0.00654856
0.00637372
0.00564257
0.00553131
0.00540415
0.00543594
0.00540415
0.00507037
0.004975
0.00446637
0.00462532
0.00535647
0.00437101
0.00480016
0.00508626
0.00475248
0.00487963
0.00483195
0.00452995
0.00472069
0.00484784
0.004975
0.00508626
0.00505447
0.00543594
0.00562668
0.00548363
0.00565847
0.00626246
0.00608762
0.00607173
0.00650088
0.00623067
0.00627836
0.00786781
0.0073115
0.00793139
0.00759761
0.00866254
0.00858307
0.00880559
0.00933011
0.00972748
0.00971158
0.00960032
0.00934601
0.00985463
0.0108719
0.0110626
0.0101407
0.00983874
0.0118732
0.0107129
0.0113646
0.0102202
0.0111739
0.0114282
0.0114123
0.0119527
0.0121752
0.0129382
0.0139236
0.0142097
0.0152747
0.0169277
0.021108
0.0253518
0.0316143
0.0420729
0.0603676
0.0868003
0.126807
0.185617
0.265519
0.375319
0.509437
0.677156
0.873121
1.11651
1.41668
1.7556
2.08408
2.35618
2.52407
2.51679
2.38279
2.20467
2.04004
1.8465
1.63207
1.45752
1.35221
1.27571
1.23754
1.19994
1.20033
1.22592
1.31453
1.43903
1.59852
1.75395
1.79148
1.72806
1.65529
1.65737
1.70512
1.69226
1.64361
1.54212
1.40282
1.26688
1.15116
1.0512
0.981013
0.969251
1.00603
1.10005
1.15608
1.19033
1.19497
1.19696
1.1735
1.10215
1.02053
0.968583
0.948874
0.964387
1.01973
1.05971
1.10215
1.1216
1.12967
1.0879
1.04267
0.994937
0.995731
1.01061
1.01034
0.963306
0.887839
0.798925
0.725555
0.665379
0.635926
0.611432
0.606728
0.606791
0.606648
0.600958
0.569884
0.544278
0.522105
0.513315
0.481208
0.432936
0.361188
0.267601
0.177606
0.111675
0.064977
0.0325044
0.0166575
0.00815392
0.00430743
0.00187556
0.000762939
0.00055631
0.000286102
7.94729e-05
0.00017484
0.000111262
3.17891e-05
0.00017484
0.000127157
7.94729e-05
0.000127157
9.53674e-05
0.000111262
9.53674e-05
6.35783e-05
0.00017484
3.17891e-05
1.58946e-05
3.17891e-05
0
0
1.58946e-05
0
0
0
0
0
0
0
0
0
0
0
0
0
0
0
0
0
0
0
0
0
0
0
0
0
0
0
0
0
0
0
0
