6.35783e-05
3.17891e-05
6.35783e-05
0.000127157
0.000238419
0.000349681
0.000524521
0.000969569
0.00128746
0.00160535
0.00254313
0.00297228
0.00449816
0.00483195
0.00642141
0.00748634
0.00933011
0.0117938
0.0139236
0.0140826
0.0175635
0.0181834
0.0177224
0.0181675
0.0171502
0.0180086
0.0178973
0.0173728
0.0157515
0.0165145
0.0160694
0.0161807
0.0145594
0.0142415
0.0131925
0.0130494
0.0120958
0.0120163
0.0113964
0.0103315
0.0100454
0.0084877
0.00824928
0.00861486
0.00813802
0.00794729
0.00762939
0.00740687
0.00712077
0.0073274
0.00634193
0.00631015
0.00638962
0.00611941
0.00589689
0.00610352
0.00573794
0.00594457
0.00594457
0.00529289
0.00557899
0.00537237
0.00564257
0.00516574
0.00502268
0.00551542
0.00581741
0.00507037
0.00514984
0.00570615
0.00513395
0.00548363
0.00535647
0.00524521
0.00548363
0.00452995
0.00537237
0.00486374
0.00537237
0.00530879
0.00491142
0.005277
0.00548363
0.00532468
0.00503858
0.00569026
0.004975
0.00521342
0.00518163
0.00557899
0.00570615
0.00530879
0.00594457
0.00546773
0.00573794
0.00540415
0.00592868
0.00543594
0.00576973
0.00570615
0.00575384
0.00638962
0.00634193
0.00602404
0.00680288
0.00611941
0.00678698
0.00716845
0.00715256
0.00669161
0.00681877
0.00780423
0.00810623
0.00739098
0.00759761
0.00794729
0.00836054
0.00845591
0.0090917
0.0090758
0.00929832
0.00979106
0.0105222
0.0106494
0.0109196
0.00980695
0.0115077
0.0119845
0.0116507
0.0113328
0.0119368
0.0122706
0.0126362
0.0121752
0.0127633
0.0123183
0.0125726
0.0129064
0.0135104
0.0139713
0.013574
0.0133832
0.01297
0.0141939
0.0141144
0.0144005
0.0139713
0.0164191
0.0144482
0.0162919
0.0167529
0.0172933
0.0183582
0.0202974
0.0211398
0.0235875
0.027434
0.0342846
0.0435034
0.0585874
0.0732263
0.0977198
0.140015
0.219361
0.352462
0.581074
0.937287
1.45925
2.16657
3.01701
3.98188
5.09028
6.45905
8.00714
9.23932
9.32228
8.14339
6.41155
4.94191
3.8974
3.23044
2.74383
2.41744
2.14299
1.86036
1.62148
1.39588
1.19754
1.00811
0.810083
0.623735
0.479905
0.38813
0.353289
0.322978
0.300614
0.268062
0.237592
0.205215
0.182454
0.171328
0.155592
0.141001
0.126807
0.109482
0.0985781
0.0961781
0.0998815
0.107288
0.111818
0.120449
0.126139
0.130844
0.132465
0.131973
0.11673
0.0796954
0.0376542
0.0152747
0.0061353
0.00227292
0.00104904
0.000397364
0.000270208
1.58946e-05
1.58946e-05
0
0
0
0
0
0
0
0
0
0
0
0
0
0
0
0
0
0
0
0
0
0
0
0
0
0
0
0
0
0
